n_tets: 260
relErr: 0.471647
Selected tets: 25939, 699, 8335, 12763, 14231, 4944, 1622, 18088, 45004, 33142, 17824, 26526, 34964, 29197, 41971, 4088, 9429, 28182, 37261, 22357, 32934, 24473, 44764, 29504, 14031, 10997, 2671, 39876, 22778, 17576, 37292, 27223, 35427, 992, 44953, 24904, 3681, 38672, 1548, 31816, 41017, 24340, 43890, 37493, 13703, 2979, 44748, 25368, 42705, 17570, 44816, 26508, 35141, 37485, 10559, 29550, 11894, 42687, 14294, 10567, 44291, 3093, 36649, 31115, 10652, 27915, 12262, 13861, 21682, 8391, 32080, 39501, 15389, 22564, 6641, 44226, 9963, 21658, 15930, 30067, 3006, 21196, 13786, 12178, 10960, 16308, 20405, 29476, 21551, 39865, 22699, 11408, 2945, 9729, 25223, 6191, 26836, 21676, 4089, 30066, 43910, 36640, 972, 29098, 14460, 18208, 21553, 21568, 32237, 17740, 36645, 12078, 29904, 10553, 4052, 21657, 11683, 43884, 31408, 10555, 3311, 39925, 3361, 19374, 44196, 21653, 7316, 44751, 4814, 10744, 44907, 19750, 5691, 44610, 20952, 18420, 16029, 1067, 42018, 7042, 18157, 37476, 24761, 22356, 29787, 21459, 39190, 42950, 37879, 34345, 17813, 5267, 2719, 6614, 4734, 38635, 44725, 33165, 10223, 2802, 42722, 21635, 11445, 38627, 5051, 3162, 3682, 8151, 13198, 44638, 45123, 22442, 17577, 5566, 42694, 503, 24416, 15833, 34961, 14583, 37358, 15224, 17815, 29472, 11315, 11928, 10226, 19391, 9876, 39238, 4583, 25645, 1339, 34958, 44906, 18854, 764, 24373, 20931, 14578, 42706, 32860, 38805, 16734, 391, 17681, 31757, 18153, 7951, 26914, 28369, 16899, 41310, 22468, 11388, 13483, 9968, 23486, 5811, 38797, 19507, 42693, 13062, 16511, 32235, 6922, 24432, 37218, 35500, 28645, 10557, 33845, 29181, 11509, 6339, 41353, 11391, 22368, 23187, 389, 37426, 38747, 25479, 29317, 26965, 3973, 20125, 1475, 40805, 7765, 10494, 17455, 41308, 9747, 3782, 16964, 3159, 23819, 9036, 21650, 
Weights: 2543.87, 1420.78, 1691.05, 1558.37, 1.51883, 1200.96, 0.736903, 2017.03, 104.747, 3.52304, 0.892125, 1.29725, 5.11753, 450.76, 8.41984, 11.6034, 62.553, 0, 4.59351, 1.35376, 3010.84, 4.44763, 0, 0, 0, 209.207, 2244.31, 322.46, 0, 0.14537, 0, 1.30808, 648.016, 42.6873, 0.95661, 59.7719, 1.07166, 0, 11.0553, 531.731, 6.03903, 23.4944, 0, 0, 0, 1.09033, 0, 0, 0.787974, 3.44593, 0, 0, 0.985365, 0, 0.921319, 6.17249, 3.29175, 0, 0.6765, 0, 1.40426, 0, 26.7057, 585.35, 8.15742, 0, 11.3755, 0, 18.7766, 0.334794, 0, 0.898261, 1.82842, 0.980812, 0, 0, 2.3818, 0, 0.924242, 0, 11.5311, 7.42787, 3.62646, 0.393312, 1.00904, 84.2453, 264.687, 4.81513, 0, 79.2196, 0, 1.16315, 16.8428, 54.0424, 15.8933, 41.3628, 0, 3.15014, 9.64179, 0, 600.612, 758.561, 1.01099, 3.92507, 0.993949, 0, 8.42121, 4.56319, 0, 0, 0, 409, 1.22937, 0, 0, 0.228878, 1.03407, 0.6072, 0, 1419.33, 0, 0, 0, 39.8861, 2.10376, 1.49976, 0, 0, 0.977969, 4.97729, 26.2329, 931.292, 1.10233, 1.31318, 0, 474.729, 382.552, 1348.85, 0, 45.0009, 236.358, 0, 0, 3.56441, 100.075, 265.753, 1.04811, 411.707, 34.7061, 0, 1.00794, 0.933164, 2112.22, 169.445, 2.80048, 1.15562, 0.695019, 0, 1.61498, 0.0536063, 128.287, 43.6044, 0.987596, 0, 0.988961, 0.988103, 0.483297, 0.987047, 6.20582, 1.06715, 60.5122, 956.375, 0.918128, 0, 0, 1.977, 415.045, 0, 18.0626, 0.848719, 13.6224, 1.42013, 1.12233, 1.78626, 0, 0, 0.00516692, 108.317, 0, 0, 16.3267, 611.715, 3.57229, 54.499, 0, 1.00364, 1301.8, 11.1113, 13.0875, 0, 0, 0, 0, 952.988, 562.034, 0.897764, 0, 0.794219, 1.58322, 1.024, 4.932, 0, 44.4737, 0, 0.9624, 0, 5.70895, 0.465724, 452.077, 0.260581, 1704.03, 2.15992, 4.25785, 414.886, 21.2939, 38.7324, 2.02334, 5.1431, 3.43424, 0, 0.492349, 1620.2, 0.934305, 17.1846, 0.91586, 1096.9, 29.3054, 8.89009, 0, 170.17, 1.14447, 0, 3.68532, 0, 12.6781, 0.539298, 0, 0.934072, 1772.62, 5.72709, 821.531, 1.99762, 0, 25.0955, 11.7183, 0, 456.526, 225.468, 0.440257, 1.17323, 
n_nonzero: 189

Running time so far: 156.804s

