n_tets: 315
relErr: 0.0991294
Selected tets: 10627, 18711, 3267, 3330, 20119, 42460, 24063, 44641, 18271, 7005, 34905, 26526, 31186, 41800, 11439, 8472, 11381, 32955, 38458, 30908, 29783, 37525, 31135, 29877, 23963, 2985, 40461, 3178, 4873, 7354, 38196, 28967, 28129, 20028, 27914, 11673, 35294, 14390, 7435, 31416, 19641, 17393, 14017, 26739, 14692, 42438, 6696, 27940, 560, 9096, 25457, 14260, 22491, 35862, 14184, 2722, 1031, 36486, 784, 16052, 20446, 21175, 39842, 13027, 41911, 16997, 25208, 21730, 7771, 11937, 18292, 18909, 28389, 26485, 3512, 3206, 28349, 35183, 11548, 23703, 35425, 12279, 25535, 17061, 31087, 28695, 1373, 39978, 15365, 40422, 12458, 24893, 37672, 24511, 41057, 38250, 24616, 16302, 17907, 17341, 22257, 18038, 12342, 30469, 18913, 32809, 39177, 24689, 10871, 15596, 39732, 38186, 12614, 115, 4052, 41411, 24715, 12259, 9533, 17585, 16205, 29136, 16691, 24698, 14778, 3365, 5578, 29832, 38302, 37575, 38416, 2559, 35627, 20422, 5939, 44910, 37709, 2353, 7749, 14837, 17984, 37481, 20557, 38892, 30846, 7631, 13693, 38877, 13796, 868, 30352, 13070, 20994, 10622, 39509, 23449, 28104, 12818, 29708, 14830, 9453, 10498, 1953, 14008, 24564, 13984, 30350, 35158, 16296, 3678, 45123, 7769, 20056, 39877, 42823, 30875, 1882, 9766, 22865, 8330, 41063, 2448, 41060, 24691, 1514, 27364, 1474, 39299, 24553, 43002, 38838, 33335, 27166, 11580, 3883, 19350, 6521, 8983, 38577, 15360, 17734, 40016, 29097, 39756, 23013, 13831, 9286, 39856, 28459, 14702, 31109, 40431, 14351, 31389, 39752, 30465, 21464, 3881, 35171, 31088, 39034, 859, 30780, 12587, 19199, 37438, 14497, 30865, 33726, 29566, 18154, 4839, 18674, 27632, 28454, 24285, 31702, 44758, 30971, 3321, 29253, 20286, 38719, 34315, 4042, 13, 43911, 25229, 21597, 18863, 3513, 39735, 32954, 14427, 3315, 1820, 10921, 32209, 40039, 23683, 39308, 22866, 24726, 23457, 35863, 23012, 11080, 26108, 16151, 29319, 5582, 39286, 7006, 23015, 42030, 4749, 4314, 28575, 41711, 23576, 24737, 16047, 18383, 42849, 6953, 42136, 37035, 19647, 22858, 3268, 24284, 27865, 1554, 17492, 27429, 40481, 33253, 20581, 20290, 28462, 31506, 45105, 41216, 43062, 16697, 36101, 20120, 7456, 37280, 30007, 33143, 17817, 18460, 2336, 8649, 
Weights: 0, 0, 0, 0, 0, 0, 0, 0, 0, 0, 286.461, 0, 0, 0, 0, 0, 0, 0, 0, 977.54, 0, 0, 0, 0, 0, 0, 0, 0, 885.697, 0, 0, 0, 0, 0, 0, 0, 0, 0, 807.974, 0, 0, 0, 0, 0, 0, 0, 0, 0, 0, 0, 0, 0, 0, 0, 0, 0, 0, 0, 0.829328, 0, 2082.22, 0, 0, 0, 0, 0, 0, 0, 0, 0, 0, 0, 0, 0, 0, 842.63, 0, 0, 389.176, 0, 0, 0, 0, 0, 1.1016, 0, 0, 0, 0, 352.006, 0, 0, 0, 0, 0, 0, 0, 0, 0, 0, 118.501, 0, 0, 0, 0, 1204.66, 0, 0, 0, 0, 0, 0, 0, 0, 0, 0, 0, 0, 0, 0, 0, 0, 0, 0, 0, 0, 0, 0, 826.713, 0, 1049.18, 0, 0, 0, 0, 0, 0, 0, 0, 0, 0, 0, 128.113, 0, 0, 0, 0, 0, 0, 0, 0, 0, 151.992, 0, 0, 2.19537, 0, 277.516, 0, 0, 0, 0, 0, 0, 0, 0, 0, 0, 0, 0, 0, 0, 0, 0, 0, 2579.46, 0, 0, 0, 0, 0, 0, 0, 21523.9, 0, 0, 1975.37, 0, 0, 0, 0, 0, 0, 0, 839.348, 1927.56, 0, 0, 0, 0, 0, 0, 0, 0, 0, 0, 0.749206, 0, 0.770663, 0, 0, 0, 0, 1574.53, 0, 0, 0, 0, 0, 1.66189, 1.53931, 0, 0, 0, 0, 0, 0, 0, 0, 0, 0, 0, 0, 0, 0, 1726, 0.918286, 0, 0, 0, 2079.52, 0, 0, 0, 4.41202, 136.596, 523.9, 0, 0, 0, 5815.51, 0, 334.305, 0, 0, 0, 0, 0, 0, 0, 0, 0, 0, 0, 0, 0.907537, 0, 1863.33, 0, 0, 2.2127, 0, 0, 0, 0, 0, 0, 0, 0, 1177.23, 10285.2, 0, 0, 0, 0, 1604.62, 0, 0, 1783.54, 2238.27, 1080.81, 0, 819.539, 0, 0, 1228.32, 0, 0, 0, 1.0267, 413.848, 0, 0, 0, 0, 670.553, 0, 0, 0, 0, 261.876, 0, 0, 0, 0, 
n_nonzero: 51

Running time so far: 286.429s

