n_tets: 113
relErr: 0.102534
Selected tets: 995, 6736, 3302, 3987, 3394, 5919, 5053, 3766, 4748, 2193, 2122, 6506, 5764, 1865, 4146, 1481, 7325, 7320, 3959, 6094, 983, 4455, 1823, 6731, 3811, 2352, 488, 6772, 7227, 66, 6257, 6007, 3897, 2837, 6381, 2097, 2003, 2113, 6822, 854, 5717, 2379, 5482, 929, 4260, 5442, 5647, 3953, 7480, 3285, 2645, 3423, 7447, 205, 7291, 3554, 1134, 5283, 2773, 7449, 4780, 2781, 2964, 1828, 1942, 5356, 7446, 2662, 7378, 1587, 757, 3561, 5450, 489, 7483, 2988, 2756, 1944, 1782, 3087, 838, 1882, 3553, 198, 2212, 1505, 7445, 5823, 2668, 3188, 3426, 3122, 7048, 3326, 1443, 4753, 5652, 5492, 6283, 834, 3932, 1017, 847, 175, 7226, 3876, 6269, 2178, 1906, 2868, 5016, 4483, 4707, 
Weights: 638.195, 352.216, 47.2304, 153.795, 87.6856, 242.817, 21.3293, 0, 339.431, 74.3552, 19.0564, 649.799, 62.0249, 95.2161, 66.1628, 29.8558, 1.04478, 0.94774, 63.3355, 95.2929, 62.0557, 0.681491, 0, 283.215, 100.88, 1.00463, 1.0593, 177.293, 12.7972, 169.802, 48.3026, 90.6909, 7.44435, 2.19585, 215.169, 0.997241, 1.05418, 47.3772, 7.95249, 185.646, 1.01428, 1.36177, 0.440427, 1.00626, 203.026, 0.990625, 0.953575, 1.66927, 0.4612, 0.993915, 219.783, 209.706, 0.974221, 0.985977, 28.1208, 4.97488, 462.943, 1.02137, 47.0315, 0.929708, 356.211, 0.998746, 86.669, 27.5947, 2.24744, 0.279071, 1.12194, 1.00456, 119.328, 142.962, 0, 4.29857, 1.17267, 160.636, 11.9193, 0.837364, 122.594, 0.708268, 0.965062, 0, 1.03895, 0.969914, 0, 0.386502, 99.5854, 307.784, 1.12269, 2.55053, 1.46497, 104.572, 13.0852, 86.4711, 10.0494, 185.281, 28.8425, 0, 0.404538, 0.985134, 22.8943, 2.51658, 154.591, 5.49008, 196.819, 230.377, 3.8265, 0.967865, 38.3443, 1.00888, 0.71472, 0.751358, 0.822247, 0.607921, 124.285, 
n_nonzero: 107

