n_tets: 180
relErr: 0.185472
Selected tets: 13417, 13808, 28312, 14069, 12972, 8258, 18944, 8070, 481, 15775, 21730, 13395, 25325, 4033, 14210, 4406, 28758, 3292, 10851, 23758, 19900, 6591, 14973, 28694, 28842, 9171, 13131, 19233, 2668, 27964, 22780, 12583, 186, 25112, 5552, 2931, 25758, 2253, 27971, 14506, 13058, 21692, 6449, 11962, 5801, 25739, 11593, 17718, 14157, 5185, 24834, 6697, 808, 12454, 12031, 26393, 5141, 24502, 13201, 4846, 19037, 8572, 1861, 12, 22228, 2107, 7838, 15856, 22491, 12004, 21868, 27114, 6553, 20202, 1249, 28810, 6927, 18163, 24785, 20221, 6437, 16292, 20597, 22441, 14252, 20058, 29515, 13200, 15779, 4090, 8983, 4014, 24556, 4929, 3052, 3549, 21881, 9319, 1421, 11924, 11981, 20165, 14333, 18228, 21751, 9234, 7077, 28500, 3086, 28915, 11026, 4190, 22322, 29634, 4318, 7437, 19562, 11571, 6587, 18077, 19801, 18222, 9883, 29631, 2938, 3081, 6338, 28774, 29334, 23005, 15591, 15473, 15776, 12565, 21200, 18130, 13195, 20497, 14340, 28024, 16070, 8906, 27263, 3008, 2838, 13262, 6435, 9099, 19524, 9228, 17578, 14895, 11892, 12443, 14130, 20842, 15778, 6091, 18930, 11945, 4588, 23501, 7681, 4087, 1250, 19266, 5405, 22744, 21500, 22405, 18952, 3909, 21487, 22387, 29301, 15844, 393, 13335, 12359, 21875, 
Weights: 234.229, 697.112, 399.596, 705.205, 564.239, 3495.78, 101.269, 267.882, 737.424, 1.02786, 71.9599, 53.9614, 211.537, 71.4988, 2223.48, 389.221, 78.0808, 276.13, 274.231, 629.316, 52.3592, 173.24, 33.8342, 453.649, 340.292, 298.762, 160.196, 0, 52.6341, 786.473, 180.888, 32.3407, 553.392, 168.494, 457.294, 7.81332, 0, 226.606, 0.964745, 118.407, 1.01063, 1.02051, 172.703, 44.3427, 621.94, 0, 95.2785, 0, 0, 114.357, 0, 36.8031, 0, 694.399, 87.1875, 478.922, 268.45, 560.615, 228.55, 61.126, 0.879144, 0, 1.1846, 0.781122, 547.009, 563.24, 347.578, 796.497, 262.49, 4.20921, 66.57, 665.701, 112.186, 118.887, 602.044, 187.264, 97.004, 31.9352, 0, 22.0983, 79.991, 120.39, 18.565, 0, 60.5681, 1.08981, 179.431, 1.97596, 1.11422, 15.4587, 83.6149, 56.7633, 27.5078, 653.207, 11.9228, 120.38, 1.37994, 120.344, 0.945139, 135.102, 1.34462, 1.51673, 286.018, 652.184, 0, 481.341, 0, 438.661, 191.501, 177.184, 193.427, 74.1855, 208.909, 0, 0, 159.633, 0, 0, 22.2882, 623.613, 0.986563, 72.6592, 2.76769, 238.948, 230.498, 0, 287.477, 271.405, 0, 451.844, 250.955, 1.1283, 0.691282, 0.428136, 0, 1635.02, 45.7232, 0, 0, 71.5005, 0.644946, 258.587, 29.2593, 2.30469, 0.339074, 0, 1.00465, 157.073, 183.593, 59.01, 0, 0.964867, 42.2863, 0, 1.15833, 171.96, 2.89778, 222.44, 0, 0, 2.08716, 156.505, 0, 1.14002, 90.0105, 138.294, 0.574627, 114.385, 300.127, 0, 0, 302.981, 59.3877, 0, 172.336, 374.483, 0, 150.831, 59.2479, 218.767, 
n_nonzero: 149

Running time so far: 67.1553s

