n_tets: 65
relErr: 0.517002
Selected tets: 25939, 699, 8335, 12763, 14231, 4944, 1622, 18088, 45004, 33142, 17824, 26526, 34964, 29197, 41971, 4088, 9429, 28182, 37261, 22357, 32934, 24473, 44764, 29504, 14031, 10997, 2671, 39876, 22778, 17576, 37292, 27223, 35427, 992, 44953, 24904, 3681, 38672, 1548, 31816, 41017, 24340, 43890, 37493, 13703, 2979, 44748, 25368, 42705, 17570, 44816, 26508, 35141, 37485, 10559, 29550, 11894, 42687, 14294, 10567, 44291, 3093, 36649, 31115, 10652, 
Weights: 3773.54, 2992.21, 3726.39, 2131.46, 1.42012, 2900.83, 0.725368, 4673.52, 112.858, 4.4842, 0.955376, 1.28219, 5.73035, 2545.85, 6.3762, 0, 66.3823, 6269.85, 5.15805, 1.55861, 4186.45, 3.6521, 0, 166.215, 0, 191.585, 3626.12, 210.467, 0, 0.103945, 0, 1.09175, 971.002, 40.4497, 0.936177, 55.3155, 1.08402, 9.64904, 12.6418, 643.924, 6.82802, 0, 318.312, 0, 2.19297, 1.05551, 0, 0, 1.1499, 3.74444, 65.2227, 0, 0.900414, 0, 0.893925, 0, 15.1476, 19.0291, 0.623148, 1071.18, 1.30581, 0, 28.5328, 1524.78, 2.81411, 
n_nonzero: 52

Running time so far: 35.9036s

