n_tets: 294
relErr: 0.131934
Selected tets: 11653, 17340, 29124, 23576, 14512, 19181, 26439, 14755, 7643, 20581, 27376, 9208, 22436, 17370, 29530, 12686, 9765, 5093, 27829, 5223, 10587, 2282, 28753, 4945, 11956, 10685, 27251, 12253, 14924, 23185, 4460, 21799, 19166, 25112, 6928, 19480, 3092, 14022, 13107, 26027, 22837, 24849, 10400, 3918, 14873, 8521, 25376, 16928, 21411, 12601, 15774, 17871, 16874, 12159, 211, 14017, 13163, 9065, 1531, 2956, 17173, 3391, 5773, 4144, 21586, 2015, 4242, 10516, 3130, 9781, 17745, 21040, 4087, 6192, 18687, 12445, 18806, 18181, 18118, 29685, 25223, 29272, 14235, 13331, 14252, 7433, 4876, 27465, 26924, 24111, 15127, 12545, 1301, 12638, 17226, 27963, 13006, 8509, 4076, 4090, 17307, 29291, 13065, 25831, 13257, 13249, 11066, 17692, 8294, 22721, 58, 16989, 21930, 4862, 19164, 12648, 19562, 21931, 13189, 17545, 21566, 26415, 4158, 3086, 11038, 3042, 25613, 20749, 6798, 3708, 13372, 7471, 1543, 28971, 27681, 20835, 17875, 24336, 41, 6697, 6692, 13255, 24075, 4099, 2562, 1210, 2438, 4138, 5887, 20612, 28775, 29564, 9209, 19028, 18599, 26770, 14870, 2871, 8964, 23758, 2988, 15131, 18547, 25219, 3468, 12293, 2092, 9272, 13333, 7319, 3212, 7494, 24074, 25468, 22122, 4379, 247, 6064, 4978, 10886, 1939, 13594, 21540, 14869, 3129, 14108, 8963, 12795, 29093, 5006, 19188, 10087, 8534, 2248, 27931, 2446, 25795, 18900, 8653, 14943, 2812, 2217, 29296, 28782, 9559, 21178, 14879, 23894, 5282, 2822, 25722, 12930, 20491, 21116, 12983, 19992, 13827, 21708, 28958, 22121, 6263, 19404, 22329, 6814, 8573, 20234, 23818, 19328, 18177, 5968, 6880, 12045, 8298, 26308, 5523, 3844, 14012, 17228, 22549, 5417, 1089, 13268, 20166, 9028, 14082, 17803, 23957, 9103, 12580, 11286, 4089, 17783, 10398, 9770, 8898, 26851, 12458, 3704, 12429, 23889, 21585, 15058, 22223, 4268, 25935, 21521, 29497, 17787, 19071, 29269, 14269, 12395, 21236, 19231, 10217, 7849, 12474, 23614, 1895, 28185, 8462, 7228, 24113, 15098, 12330, 1493, 10891, 6287, 18809, 29432, 1143, 28821, 28722, 5269, 
Weights: 0, 439.793, 77.1333, 0, 0, 493.515, 0, 0, 0, 3.7828, 0, 1.0698, 0, 293.303, 0, 0, 0, 0, 1.94787, 0, 0, 0, 0, 1.558, 0.610724, 0, 1.00065, 0, 5.07407, 0, 0, 0.955446, 0.968421, 33.5365, 0, 0, 0, 0, 0, 0, 252.698, 0, 0.980434, 636.581, 616.894, 0.542397, 0, 0, 62.4152, 8.08463, 28.5424, 0, 0, 0, 1.0602, 1024.43, 0, 0, 246.68, 563.966, 0, 0, 0, 0, 0.867826, 2667.81, 0.742612, 75.5608, 558.852, 0, 0, 0.585373, 0.949429, 342.181, 692.414, 0, 0, 1.21771, 1.48494, 0, 47.3339, 2.24287, 35.3098, 1.12536, 4.25511, 0, 0, 187.977, 0, 32.6039, 44.2864, 0, 0, 0, 0, 0, 1.60496, 113.633, 93.3972, 0.964881, 0, 0.3258, 0.993068, 3606.2, 0, 354.11, 0, 0, 0.990596, 0, 0, 0, 0, 2870.44, 1.23984, 0, 2.82392, 0, 0, 445.474, 48.595, 0, 0, 0, 0, 0.772521, 0, 101.863, 0, 0, 2026.01, 5.26993, 0.863392, 0, 767.056, 0, 1.00638, 0, 93.1508, 0, 2.9345, 0, 0, 0.8834, 0.661858, 0, 43.6273, 0, 0, 164.882, 20.3397, 1.0498, 1.03048, 1.24269, 0, 0, 0.909411, 614.867, 8.95039, 0, 1.27148, 409.7, 2.42899, 3.129, 0, 0, 0, 0, 0.930269, 0, 0, 542.778, 57.4986, 973.061, 0, 515.364, 0, 0.820458, 0, 0, 0.997164, 0, 0, 0.898395, 76.8298, 0, 0.275658, 1.01519, 3318.59, 19.7181, 1173.21, 0, 2.56093, 0.225189, 0, 0, 0, 1.50411, 39.1542, 0.985312, 11.5195, 0, 0, 1.39665, 1.00894, 1.03077, 0, 0.641585, 0, 0, 7.25647, 0, 0, 0, 4.985, 0, 0, 691.126, 0, 93.0385, 1.13009, 0, 1388.26, 506.855, 0, 0, 0, 0, 3.46411, 70.6586, 0, 2.20745, 35.2858, 0, 0.875983, 100.377, 0, 0, 0, 0, 0.797172, 0, 0, 0, 0, 398.632, 0.484829, 0, 0, 592.753, 0.974287, 0, 0.89229, 0, 825.196, 0, 204.001, 254.382, 0.949948, 49.8177, 1.00306, 0, 12.7641, 0, 0.992603, 344.008, 0, 0, 0, 0, 2.79141, 356.423, 0, 0, 0, 1164.54, 0.829299, 0, 311.774, 0, 0, 0, 5.09822, 0, 0, 0, 511.835, 0, 0.961141, 0, 0, 0, 317.726, 806.234, 
n_nonzero: 145

Running time so far: 520.875s

