n_tets: 155
relErr: 0.511074
Selected tets: 55591, 10729, 52224, 23574, 122177, 137855, 89599, 161633, 6368, 119503, 65450, 5110, 138593, 122232, 44900, 71155, 71126, 74218, 11442, 103061, 192, 84811, 18074, 158395, 144670, 78533, 96622, 83286, 7601, 140896, 60, 8433, 8446, 148866, 157255, 67819, 37387, 156080, 77926, 133595, 131204, 130371, 37941, 1312, 72258, 2015, 157620, 11528, 40136, 11695, 116518, 55162, 28810, 25651, 163947, 557, 3093, 39426, 57153, 159262, 163607, 111780, 114463, 66330, 58046, 96129, 107412, 73809, 127580, 103038, 15582, 116751, 24996, 145058, 96623, 50859, 139201, 68285, 48720, 152093, 121880, 45038, 14999, 11023, 24182, 153256, 125015, 132166, 28688, 9888, 33367, 119362, 57728, 152263, 158918, 71632, 43638, 122342, 9551, 112312, 90439, 74658, 108686, 2590, 138995, 40149, 76821, 15689, 29048, 124403, 59151, 130388, 58676, 111045, 146086, 16, 88598, 64120, 32716, 38052, 29543, 119045, 79486, 3909, 19584, 14099, 60598, 4340, 1471, 63394, 1316, 6242, 111897, 3984, 158937, 15704, 61081, 157197, 102178, 53100, 99456, 107301, 1676, 140795, 43813, 63105, 58844, 134644, 157525, 58009, 53262, 138077, 146257, 148145, 136987, 
Weights: 12185.6, 333.491, 416.92, 8383.73, 2801.92, 0, 5810.77, 75.6956, 12020, 0, 4229.53, 2620.15, 98.5424, 0.998912, 21.4907, 36.2262, 10328.2, 0, 3167.14, 1349.31, 5.23925, 1.52173, 9095.64, 12.7898, 24.0046, 7707.16, 17.3646, 200.379, 10375.7, 1191.2, 329.655, 542.129, 3195.73, 10.8792, 2947.5, 228.575, 42.6295, 1.61858, 0, 621.626, 415.859, 950.084, 717.52, 0, 8862.96, 0.627912, 0, 4286.86, 23.4529, 18.0251, 19.3339, 0, 229.803, 5967.39, 3739.24, 0, 0.233111, 1145.77, 0, 595.144, 0, 0, 1684.45, 0, 597.624, 33829, 17513.4, 14724.2, 33.344, 0, 0, 0, 95.8154, 0, 0.744115, 1.05355, 0, 1435.93, 0, 250.245, 0.154227, 733.681, 0, 5.40131, 2047.66, 0, 0, 1.85996, 45.9728, 734.588, 2.64274, 53.3376, 69.6857, 4453.15, 0.911871, 83066, 0, 3753.08, 59.8546, 1016.74, 201.451, 0, 57.2729, 15.4311, 388.894, 443.556, 0, 4.38912, 4.17841, 3.58133, 152.029, 0, 0, 0, 125.922, 0, 1549.15, 2.38535, 0, 10224.9, 17569.4, 1880.76, 0, 0, 0.696402, 0, 13086.3, 0, 0, 0, 0, 0, 1578.8, 2465.27, 0.998368, 0, 1.28711, 315.824, 0, 129.674, 0, 0, 54.7927, 26086.1, 987.656, 3612.52, 0, 3830.95, 696674, 1656.15, 9455.95, 218.018, 101211, 36050.5, 3486.59, 
n_nonzero: 113

Running time so far: 186.776s

