n_tets: 165
relErr: 0.356319
Selected tets: 32562, 42675, 7400, 38757, 28732, 43879, 34020, 14663, 14859, 42759, 22443, 10634, 5978, 37804, 28795, 28803, 32402, 41971, 29320, 20127, 20195, 11336, 44942, 27216, 22250, 1961, 39019, 20950, 16309, 24941, 28091, 39255, 43258, 1820, 33980, 29553, 38698, 38867, 4042, 8391, 31826, 7766, 16138, 3845, 43883, 2979, 24124, 29217, 10435, 21177, 4725, 20125, 17790, 22361, 19515, 36163, 28351, 29877, 21975, 13782, 29410, 18013, 10363, 4301, 8559, 33077, 16720, 37321, 12683, 5310, 10419, 1617, 8545, 39181, 19418, 34555, 18584, 44231, 1634, 2543, 15819, 38626, 28706, 19861, 19504, 38079, 24500, 34060, 33978, 25061, 12813, 42805, 38847, 24400, 43881, 44735, 15828, 26515, 9529, 38938, 38101, 6030, 4723, 31818, 31854, 44288, 21500, 41986, 6077, 13145, 35241, 13885, 43848, 22347, 16513, 13068, 13783, 9176, 13091, 24881, 39288, 16805, 14512, 15569, 4205, 11311, 37438, 6488, 4814, 18026, 14017, 3963, 41982, 18898, 34055, 39884, 41978, 33025, 12113, 1783, 27313, 6489, 6721, 9870, 34337, 28612, 8199, 17061, 8928, 23481, 18852, 39187, 1686, 12138, 18358, 8544, 43702, 38068, 3687, 2802, 29330, 30897, 1953, 23484, 31074, 
Weights: 1912.85, 7512.75, 154.063, 0.878146, 3804.7, 20.1545, 117.823, 0.99972, 2.39297, 0, 62.656, 1278.67, 1751.71, 1.14942, 1.82744, 26.8182, 748.602, 22.8529, 443.316, 0, 0, 0.514785, 128.028, 0, 1463.46, 1.58091, 0, 398.976, 0, 0, 647.342, 0, 0, 1.09676, 2.43962, 293.116, 0.924416, 0.239818, 615.84, 1.08412, 208.149, 0, 0, 1486.16, 0.603179, 7.17243, 0, 0.895165, 22.3395, 0, 27.0943, 1.04381, 5.43131, 0, 15.4575, 6.56041, 325.259, 0, 26.5379, 0, 0, 1130.68, 1107.86, 18.7596, 319.506, 0.91536, 0.959467, 3405.19, 0.577093, 8.16897, 0, 29.1508, 3.28615, 73.9537, 1247.02, 50.1022, 0, 53.1556, 666.069, 6.10665, 564.711, 3.83917, 47.3749, 0, 178.105, 1909.81, 380.654, 93.4196, 133.342, 24.2492, 1.6012, 0, 1.29805, 0, 1.04699, 207.266, 702.608, 1.10989, 0.94334, 0.931146, 3.81162, 0, 0.388908, 41.5047, 184.1, 0, 1772.43, 0, 0, 1.92668, 1.01534, 1158.08, 0, 0.990634, 0, 0, 1.45049, 2343.45, 0, 426.818, 0, 87.4774, 1069.75, 0, 3389.94, 0, 0, 375.752, 2.11004, 14.6888, 0, 1.12133, 33.5157, 0, 12.8533, 240.169, 1.35094, 231.494, 1.03202, 12.4069, 3.93681, 0.578842, 117.817, 2.3231, 33.2338, 26.8286, 1473.47, 89.8323, 0, 22.3366, 1.046, 0.936216, 0, 212.393, 2.09594, 0.98082, 0, 0.644666, 466.64, 4.52286, 0, 55.6251, 59.1016, 1.27634, 0, 
n_nonzero: 124

Running time so far: 97.2589s

