n_tets: 19
relErr: 0.280874
Selected tets: 12990, 2693, 1081, 13296, 29045, 55, 26069, 24777, 10112, 15775, 24597, 2844, 19576, 19124, 7979, 25032, 18631, 18394, 29312, 
Weights: 1260.46, 1473.52, 2028.62, 416.147, 5748.28, 637.734, 2699.62, 721.797, 29409.4, 0.916618, 28524.1, 706.206, 440.163, 282.193, 1139.07, 567.808, 1605.21, 2300.64, 1.34865, 
n_nonzero: 19

Running time so far: 11.4363s

