n_tets: 69
relErr: 0.274411
Selected tets: 99, 89, 141, 93, 171, 185, 186, 65, 77, 57, 53, 2, 172, 119, 137, 18, 135, 168, 84, 194, 202, 101, 200, 14, 138, 107, 166, 155, 111, 198, 63, 189, 3, 72, 58, 203, 95, 49, 183, 30, 130, 146, 81, 67, 142, 123, 43, 201, 71, 157, 118, 122, 193, 0, 149, 86, 69, 92, 25, 96, 175, 151, 197, 64, 167, 27, 104, 7, 29, 
Weights: 0, 1.02254, 29.4738, 1.00213, 0, 0.951216, 0.969465, 6.19292, 1.01438, 1.43144, 0, 0, 13.2362, 0.507575, 0.978891, 1.35897, 25.3878, 8.5711, 1.01739, 1.00535, 1.25319, 1.99568, 0.581479, 0.393036, 0.235415, 0.959473, 23.3682, 0, 0.992458, 0.885474, 1.12358, 1.89337, 12.3974, 4.27151, 1.9261, 0.863733, 14.2352, 1.52923, 0.986533, 17.2471, 10.7115, 9.3137, 8.34791, 1.93426, 7.87478, 3.55788, 0, 0.140319, 23.701, 20.5408, 3.2481, 3.06797, 2.32894, 0.423711, 10.4217, 7.24164, 8.26185, 1.03805, 1.81285, 13.6477, 25.6578, 2.17609, 0.48496, 162.958, 9.59956, 6.91119, 2.95335, 15.1878, 1.39348, 
n_nonzero: 63

