n_tets: 22
relErr: 0.818179
Selected tets: 124375, 109225, 128391, 134415, 59101, 71726, 162993, 137162, 72274, 67506, 96731, 116739, 86123, 80435, 46542, 75932, 22431, 64178, 89393, 142635, 125703, 7967, 
Weights: 8581.79, 7111.81, 1665.07, 565.675, 4093, 6454.68, 28324, 31064, 4048.64, 8570.95, 2132.02, 13751.5, 877.121, 2171.89, 1.04359, 872919, 86.2335, 2744.11, 2.38428, 0.995884, 457.691, 1.1357, 
n_nonzero: 22

Running time so far: 117.39s

