n_tets: 80
relErr: 0.34632
Selected tets: 32562, 2811, 43286, 18384, 24071, 43879, 16774, 30220, 11939, 42759, 7052, 32003, 35144, 42003, 33866, 29492, 8491, 24035, 42965, 39954, 22963, 4138, 31870, 3748, 12100, 37253, 43894, 39169, 3981, 8750, 28805, 7987, 34335, 1820, 3010, 14249, 41973, 33171, 1548, 5577, 44247, 15450, 16138, 30782, 15187, 2979, 15401, 42531, 22322, 39851, 12243, 20125, 42722, 36310, 10559, 17140, 2881, 18193, 35613, 6158, 14859, 20282, 1614, 20754, 22402, 21249, 44411, 37958, 12145, 31817, 27313, 1617, 8545, 42402, 2808, 34094, 17166, 22361, 20239, 23424, 
Weights: 3402.14, 6170.69, 66.1396, 572.722, 921.482, 1.19855, 4.17525, 4332.15, 0, 0, 525.239, 550.116, 481.733, 1.04086, 1.30806, 0, 0, 1806.78, 0, 1.33343, 101.233, 0, 1007.92, 2073.69, 0.439218, 0, 1.35516, 0.601378, 4833.87, 143.114, 0.824029, 0, 20.3721, 0.954706, 105.285, 0, 1.9078, 73.1478, 399.293, 427.443, 29.8007, 205.74, 2.11719, 82.4437, 792.342, 0.698554, 811.381, 35.6579, 6.36896, 75.7526, 83.5587, 0, 0, 1036.42, 1033.82, 1.67437, 26.6362, 544.59, 1.00487, 0, 0.818577, 130.22, 364.102, 0, 7.06627, 286.938, 2.56437, 488.146, 43.3727, 39.7834, 38.6035, 110.483, 0.996186, 124.104, 30.1489, 78.8163, 241.43, 1.49355, 353.003, 30.2956, 
n_nonzero: 67

Running time so far: 48.303s

