n_tets: 52
relErr: 0.348395
Selected tets: 995, 6736, 3302, 3987, 3394, 5919, 5053, 3766, 4748, 2193, 2122, 6506, 5764, 1865, 4146, 1481, 7325, 7320, 3959, 6094, 983, 4455, 1823, 6731, 3811, 2352, 488, 6772, 7227, 66, 6257, 6007, 3897, 2837, 6381, 2097, 2003, 2113, 6822, 854, 5717, 2379, 5482, 929, 4260, 5442, 5647, 3953, 7480, 3285, 2645, 3423, 
Weights: 900.085, 277.738, 220.044, 156.217, 181.19, 492.582, 98.5346, 848.156, 385.498, 62.4474, 200.41, 847.257, 68.4709, 172.687, 86.8614, 206.126, 1.08082, 0.927035, 67.4532, 104.329, 159.387, 0.683619, 0, 646.583, 123.444, 1.03885, 1.01529, 267.622, 16.1652, 210.119, 33.7487, 103.302, 21.373, 2.328, 357.072, 1.06843, 1.01542, 116.953, 22.1221, 181.56, 1.06353, 1.36789, 1.2139, 0.973135, 281.644, 0.931024, 0.99975, 3.76575, 0.790316, 0.995265, 391.719, 350.859, 
n_nonzero: 51

