n_tets: 101
relErr: 0.799618
Selected tets: 124375, 93396, 121790, 82838, 91751, 46542, 22431, 26017, 89393, 161983, 61709, 84754, 143674, 164006, 84811, 144972, 111426, 30791, 5209, 7235, 47645, 8802, 101503, 138009, 131827, 24099, 42982, 127101, 77928, 77567, 75164, 164244, 48075, 34815, 151043, 113766, 137605, 139011, 100819, 104180, 23772, 116348, 79876, 7971, 18361, 64033, 103700, 162187, 162776, 139535, 157029, 160966, 90073, 37170, 124555, 154522, 118915, 22940, 127580, 110716, 138515, 157615, 120497, 80145, 4787, 79199, 112180, 101041, 128925, 36230, 67519, 45331, 51116, 154646, 40503, 3476, 120384, 156439, 89831, 109839, 74543, 69428, 113271, 161340, 136800, 102614, 5446, 155762, 18836, 51827, 106555, 70410, 134308, 60385, 47830, 150468, 101564, 83744, 80800, 156454, 132844, 
Weights: 5325.05, 1396.59, 614.416, 2809.2, 3.48734, 147.971, 10379, 1847.19, 4654.91, 27361.2, 8501.24, 1.02384, 2394.68, 110.836, 2.40169, 181.701, 140.903, 101274, 44.2231, 180.497, 1.03924, 386.46, 1.18059, 30.4344, 2193.39, 1386.38, 962.841, 27011.6, 16614.1, 0.96787, 90.2419, 706.282, 3.04813, 2158.4, 2252.79, 4.88912, 18.4467, 221.172, 52583, 14156.3, 2341.82, 0.859803, 4711.73, 780.42, 31557.6, 66026.8, 2.54474, 2.21924, 19.5584, 1.28091, 0.868485, 311322, 0.359694, 429.214, 1.17305, 384.748, 13116.6, 6969.72, 2.68715, 106.308, 22.4394, 126786, 1.03222, 2969.53, 6457.42, 0.974688, 6.85201, 5950.89, 1188.69, 1304.3, 24.0677, 4476.69, 90155.8, 10398.9, 2092.29, 21.4088, 1749.37, 12112.5, 2.69221, 11.7729, 9.69021, 1.75565, 1.06502, 2.36284, 7.68666, 19.9105, 30.5544, 3746.14, 0.88255, 407.781, 3910.42, 4889.52, 862.785, 912.293, 2.20154, 1354.24, 17992.8, 204636, 303.885, 4725.37, 22.89, 
n_nonzero: 101

Running time so far: 142.289s

