n_tets: 9
relErr: 0.399574
Selected tets: 99, 89, 141, 93, 171, 185, 186, 65, 77, 
Weights: 69.5157, 1.04585, 73.2652, 1.01101, 166.765, 0.895592, 1.67063, 29.0858, 1.0956, 
n_nonzero: 9

