n_tets: 186
relErr: 0.505793
Selected tets: 55591, 10729, 52224, 23574, 122177, 137855, 89599, 161633, 6368, 119503, 65450, 5110, 138593, 122232, 44900, 71155, 71126, 74218, 11442, 103061, 192, 84811, 18074, 158395, 144670, 78533, 96622, 83286, 7601, 140896, 60, 8433, 8446, 148866, 157255, 67819, 37387, 156080, 77926, 133595, 131204, 130371, 37941, 1312, 72258, 2015, 157620, 11528, 40136, 11695, 116518, 55162, 28810, 25651, 163947, 557, 3093, 39426, 57153, 159262, 163607, 111780, 114463, 66330, 58046, 96129, 107412, 73809, 127580, 103038, 15582, 116751, 24996, 145058, 96623, 50859, 139201, 68285, 48720, 152093, 121880, 45038, 14999, 11023, 24182, 153256, 125015, 132166, 28688, 9888, 33367, 119362, 57728, 152263, 158918, 71632, 43638, 122342, 9551, 112312, 90439, 74658, 108686, 2590, 138995, 40149, 76821, 15689, 29048, 124403, 59151, 130388, 58676, 111045, 146086, 16, 88598, 64120, 32716, 38052, 29543, 119045, 79486, 3909, 19584, 14099, 60598, 4340, 1471, 63394, 1316, 6242, 111897, 3984, 158937, 15704, 61081, 157197, 102178, 53100, 99456, 107301, 1676, 140795, 43813, 63105, 58844, 134644, 157525, 58009, 53262, 138077, 146257, 148145, 136987, 144844, 40314, 42673, 90123, 55387, 114619, 126528, 68245, 3228, 88688, 17228, 78769, 155145, 106437, 160730, 154784, 80385, 107304, 29482, 65873, 106464, 37649, 15789, 32235, 162647, 150235, 144114, 98038, 100344, 59264, 136629, 
Weights: 10186.4, 254.242, 509.466, 8312.46, 2851.12, 0, 3665.52, 74.739, 13511.6, 0, 4776.02, 2908.73, 121.075, 0.999881, 21.4584, 14.0618, 12815.6, 0, 1952.34, 337.68, 5.19797, 1.49731, 4782.47, 12.7477, 24.022, 9439.24, 17.2532, 130.094, 2864.22, 795.37, 320.499, 546.866, 0, 10.8299, 3213.06, 0.844388, 4.43144, 1.61907, 0, 621.289, 456.277, 1068.57, 519.877, 0, 4400.3, 0.626603, 0, 0, 26.1589, 18.7611, 19.0247, 0, 270.812, 0, 2731.97, 0, 0.229629, 1081.22, 0, 0, 1.30816, 0, 1637.58, 0, 496.884, 30689.3, 8051.72, 11843.9, 32.5762, 0, 404.211, 0, 92.8266, 0, 0.735878, 1.06168, 0, 1409.74, 0, 238.272, 0.157512, 682.453, 0, 5.29204, 2032.72, 0, 0, 1.86022, 0, 721.24, 2.64254, 51.7058, 70.3628, 4242.33, 0.885787, 106245, 0, 3467.74, 32.8976, 740.672, 221.725, 0, 28.8458, 0, 0, 486.274, 0, 4.13614, 1.86, 3.57199, 155.839, 0, 0, 0, 56.2272, 0, 1592.5, 2.37871, 0, 11142.7, 19320, 1987.28, 0, 0, 0.69888, 0, 9837.03, 0, 0, 0, 0, 0, 1352.97, 2158.51, 0.998483, 0, 1.28522, 299.418, 0, 69.3591, 0, 0, 52.1382, 32765.5, 961.939, 2667.17, 0, 3488.08, 482412, 2997.61, 1718.86, 216.867, 58946.3, 38230.1, 3247.22, 27.7501, 586.674, 0, 89.33, 2363.78, 94296.7, 0.476107, 1104.24, 0, 0, 18.4766, 25.4488, 0, 367.346, 71.363, 146.566, 1.63828, 0, 0, 18680.3, 0, 0, 631.827, 923.571, 150.949, 1012.47, 0, 13.0753, 9174.4, 0, 5917.34, 
n_nonzero: 129

Running time so far: 221.935s

