n_tets: 30
relErr: 0.363621
Selected tets: 32562, 2811, 43286, 18384, 24071, 43879, 16774, 30220, 11939, 42759, 7052, 32003, 35144, 42003, 33866, 29492, 8491, 24035, 42965, 39954, 22963, 4138, 31870, 3748, 12100, 37253, 43894, 39169, 3981, 8750, 
Weights: 4452.67, 7751.1, 65.0287, 953.841, 2059.59, 1.20913, 4.22749, 2951.77, 2203.02, 0, 1989.38, 767.31, 778.068, 1.03646, 1.77986, 0, 0, 583.834, 2584.49, 1.4053, 212.91, 0, 683.014, 2896.89, 0.407586, 0, 1.3562, 0.737074, 3527.65, 20.2955, 
n_nonzero: 25

Running time so far: 23.0552s

