n_tets: 121
relErr: 0.369021
Selected tets: 32562, 42675, 7400, 38757, 28732, 43879, 34020, 14663, 14859, 42759, 22443, 10634, 5978, 37804, 28795, 28803, 32402, 41971, 29320, 20127, 20195, 11336, 44942, 27216, 22250, 1961, 39019, 20950, 16309, 24941, 28091, 39255, 43258, 1820, 33980, 29553, 38698, 38867, 4042, 8391, 31826, 7766, 16138, 3845, 43883, 2979, 24124, 29217, 10435, 21177, 4725, 20125, 17790, 22361, 19515, 36163, 28351, 29877, 21975, 13782, 29410, 18013, 10363, 4301, 8559, 33077, 16720, 37321, 12683, 5310, 10419, 1617, 8545, 39181, 19418, 34555, 18584, 44231, 1634, 2543, 15819, 38626, 28706, 19861, 19504, 38079, 24500, 34060, 33978, 25061, 12813, 42805, 38847, 24400, 43881, 44735, 15828, 26515, 9529, 38938, 38101, 6030, 4723, 31818, 31854, 44288, 21500, 41986, 6077, 13145, 35241, 13885, 43848, 22347, 16513, 13068, 13783, 9176, 13091, 24881, 39288, 
Weights: 2430.71, 7652.24, 975.032, 1.0088, 3312.91, 18.0869, 116.169, 0.999011, 2.39476, 0, 63.3259, 3415.73, 1283.96, 1.14896, 0.955236, 27.6409, 1131.68, 23.1479, 0, 0, 0, 0.519962, 0.235051, 0, 2469.99, 1.58202, 0.94498, 432.203, 1.71668, 0, 873.125, 0, 0, 1.07311, 2.89377, 463.45, 0.941198, 0.0796703, 467.998, 1.08233, 160.072, 2.55949, 0, 3151.73, 0.591344, 7.15061, 0, 0.921869, 69.385, 491.196, 25.7468, 1.03092, 2.27494, 0, 14.9502, 6.55388, 379.009, 0, 26.5321, 0, 0, 1038.87, 1073.98, 63.5122, 274.342, 0.971835, 0.9597, 0, 0.647142, 8.27976, 0, 34.9214, 3.283, 31.6234, 1080.17, 0, 0, 66.488, 2035.66, 0, 817.992, 1.46025, 0, 505.642, 248.258, 3376.57, 965.898, 100.684, 142.905, 23.167, 1.60272, 0, 0.065811, 0, 1.00672, 877.396, 445.202, 0.804799, 0.941149, 0.930381, 2.92665, 6.41717, 0.389053, 42.4853, 191.63, 0, 2342.58, 0, 0, 1.89851, 0.999959, 707.999, 0, 0.988229, 0, 284.355, 1.64898, 1587.12, 0, 1075.29, 0, 
n_nonzero: 92

Running time so far: 69.8849s

