n_tets: 126
relErr: 0.0871994
Selected tets: 995, 6736, 3302, 3987, 3394, 5919, 5053, 3766, 4748, 2193, 2122, 6506, 5764, 1865, 4146, 1481, 7325, 7320, 3959, 6094, 983, 4455, 1823, 6731, 3811, 2352, 488, 6772, 7227, 66, 6257, 6007, 3897, 2837, 6381, 2097, 2003, 2113, 6822, 854, 5717, 2379, 5482, 929, 4260, 5442, 5647, 3953, 7480, 3285, 2645, 3423, 7447, 205, 7291, 3554, 1134, 5283, 2773, 7449, 4780, 2781, 2964, 1828, 1942, 5356, 7446, 2662, 7378, 1587, 757, 3561, 5450, 489, 7483, 2988, 2756, 1944, 1782, 3087, 838, 1882, 3553, 198, 2212, 1505, 7445, 5823, 2668, 3188, 3426, 3122, 7048, 3326, 1443, 4753, 5652, 5492, 6283, 834, 3932, 1017, 847, 175, 7226, 3876, 6269, 2178, 1906, 2868, 5016, 4483, 4707, 5837, 6643, 2621, 4613, 2748, 2488, 4049, 7420, 1309, 4663, 2364, 1780, 1076, 
Weights: 622.063, 268.486, 76.6384, 99.484, 82.4397, 222.596, 0, 73.6725, 287.475, 22.9733, 20.3393, 569.182, 47.5437, 51.1331, 75.8571, 0, 1.04433, 0.947569, 57.2397, 102.014, 71.0158, 0.680084, 0, 301.648, 86.0292, 1.00744, 1.05961, 169.833, 13.7477, 214.744, 49.9239, 72.1358, 5.48605, 2.11054, 111.577, 0.999404, 1.05348, 27.3, 8.52002, 147.571, 1.01429, 1.02098, 0.443767, 1.00202, 231.395, 0.990117, 0.99014, 1.24792, 0.457429, 0.99365, 163.079, 227.331, 0.974327, 0.986546, 10.6583, 4.8812, 481.075, 1.02041, 12.039, 0.926311, 323.96, 0.998342, 83.523, 56.0773, 2.22993, 0.966392, 0.764494, 1.00234, 94.614, 127.261, 0.518509, 6.44991, 1.17826, 183.521, 12.1233, 0.775306, 126.716, 0.525386, 0.947758, 0, 1.17976, 0.980024, 0, 0.375676, 75.6003, 150.02, 1.11832, 2.50938, 1.24153, 59.3691, 15.2063, 103.515, 10.0213, 240.306, 22.5123, 0, 0.418648, 0.982851, 17.2662, 3.17625, 214.83, 0.645345, 340.544, 274.678, 4.71363, 0.969098, 64.6777, 1.01355, 0.699136, 0.781887, 0.842385, 0.65587, 150.597, 0.972332, 1.02168, 24.4313, 35.7996, 0.989289, 1.54867, 1.00523, 20.6814, 38.5027, 1.00778, 232.432, 61.1283, 41.911, 
n_nonzero: 120

