n_tets: 240
relErr: 0.313531
Selected tets: 995, 4859, 3302, 1369, 524, 2701, 7267, 6313, 6491, 2724, 3266, 3596, 1063, 1252, 827, 6733, 7325, 7320, 3294, 5053, 5016, 4455, 1823, 105, 955, 2352, 918, 4146, 2631, 2959, 237, 819, 7394, 522, 2634, 2097, 6339, 5879, 1781, 4578, 5895, 729, 3112, 6564, 2567, 5442, 7480, 5585, 3237, 5647, 3425, 4410, 2329, 5934, 451, 6547, 1818, 2668, 6815, 2607, 205, 1814, 6623, 4749, 6079, 5356, 7446, 2662, 983, 359, 1485, 1657, 3561, 1032, 5715, 4651, 2778, 7445, 3836, 1782, 2313, 126, 7016, 198, 3829, 3662, 6852, 3770, 2600, 6257, 3879, 534, 1269, 4511, 4943, 7054, 6537, 5492, 6283, 3686, 2180, 4001, 4771, 804, 2003, 3876, 7443, 2679, 1906, 1704, 3253, 4483, 4939, 212, 6643, 4534, 4070, 4223, 536, 1069, 56, 5580, 4663, 6782, 3175, 6979, 7226, 1745, 2393, 3959, 4352, 3408, 489, 2496, 6171, 5093, 7251, 2901, 3911, 5326, 5876, 897, 7342, 6144, 2591, 7238, 6487, 264, 3711, 6711, 36, 838, 668, 4514, 3823, 5790, 5775, 4150, 3955, 6201, 4122, 6436, 1189, 3239, 2407, 7227, 5042, 7485, 4210, 2853, 1878, 7433, 776, 1595, 2210, 1623, 1421, 2363, 5283, 2357, 1942, 4397, 875, 2871, 3493, 7180, 3326, 925, 2091, 6004, 1246, 2088, 5166, 4081, 948, 1643, 947, 5450, 890, 197, 7236, 1110, 7428, 3454, 5149, 7484, 855, 1556, 1305, 5362, 5385, 532, 3094, 574, 5721, 3996, 3608, 4980, 6188, 757, 1989, 1550, 347, 539, 3317, 3512, 3580, 4552, 759, 1223, 6066, 4506, 6454, 967, 5717, 1157, 7496, 6268, 225, 1985, 
Weights: 795.281, 272.895, 115.896, 136.287, 262.826, 536.149, 931.237, 82.7386, 90.2097, 238.089, 222.109, 119.073, 174.408, 99.5498, 49.2445, 171.019, 0.105854, 0.942188, 303.785, 87.0472, 0.425287, 0.774651, 44.1291, 282.438, 41.0432, 1.01519, 12.2839, 23.4628, 66.557, 186.286, 10.433, 74.4348, 140.317, 0, 59.7345, 1.10334, 0, 200.886, 29.7792, 0, 30.0068, 34.4401, 124.551, 74.7473, 42.6866, 0.95013, 0, 167.808, 40.2859, 0.957376, 0, 6.98039, 109.387, 0, 0, 66.5179, 0, 0.121295, 27.1113, 29.0492, 0.933535, 0, 2.64653, 72.2704, 18.8927, 6.54576, 2.05766, 0.998304, 0, 49.5814, 66.4408, 62.1101, 23.0457, 0, 0, 0.44951, 76.9297, 0.374301, 9.90183, 1.03046, 0, 0, 60.5375, 0.401228, 150.91, 0, 124.308, 22.0567, 76.4814, 23.9012, 12.2975, 53.9885, 173.524, 27.7593, 0, 0, 9.1751, 0.983639, 18.5082, 116.637, 44.4196, 2.23667, 0, 146.752, 1.01859, 0.953046, 0, 53.2762, 0.699361, 0, 2.06042, 0.721692, 13.3501, 0, 1.04028, 0, 53.7601, 227.361, 491.44, 20.6832, 2.33987, 9.82756, 0.929318, 33.4296, 0, 34.9988, 0, 2.01753, 55.7759, 7.62001, 0, 0, 28.3929, 23647.4, 57.5106, 10.4444, 294.457, 0, 154.353, 44.4129, 0, 61.687, 0, 48.8377, 261.294, 63.6943, 6.38534, 2.20112, 0, 8.10134, 4.30672, 0, 278.02, 940.337, 47.2858, 0, 91.9961, 140.225, 9.22315, 3.91802, 62.0684, 0, 25.2926, 77.8995, 0, 10.9778, 127.424, 1.64573, 23.6109, 4.94456, 144.135, 154.998, 0, 1.06903, 13.9126, 0, 3.61833, 0, 1.02163, 43.9493, 3.12969, 4.57036, 28.889, 34.3272, 21.8533, 0, 27.197, 104.838, 115.482, 0, 0, 42.1393, 15.9448, 43.7734, 6.93105, 83.7234, 0, 0.974554, 416.198, 0, 394.829, 83.935, 108.536, 26.2471, 24.3935, 1.25707, 0, 43.0933, 0, 0, 0.34082, 0, 43.2236, 30.3529, 73.2784, 19.7584, 40.1391, 1.66126, 32.4295, 11.3054, 638.273, 97.0952, 51.0363, 93.0077, 0, 374.343, 29.7381, 122.992, 0, 93.9047, 0.931876, 4.04231, 0, 0, 0.384722, 56.4139, 59.8538, 70.1687, 0, 53.3958, 
n_nonzero: 189

