n_tets: 86
relErr: 0.133698
Selected tets: 995, 6736, 3302, 3987, 3394, 5919, 5053, 3766, 4748, 2193, 2122, 6506, 5764, 1865, 4146, 1481, 7325, 7320, 3959, 6094, 983, 4455, 1823, 6731, 3811, 2352, 488, 6772, 7227, 66, 6257, 6007, 3897, 2837, 6381, 2097, 2003, 2113, 6822, 854, 5717, 2379, 5482, 929, 4260, 5442, 5647, 3953, 7480, 3285, 2645, 3423, 7447, 205, 7291, 3554, 1134, 5283, 2773, 7449, 4780, 2781, 2964, 1828, 1942, 5356, 7446, 2662, 7378, 1587, 757, 3561, 5450, 489, 7483, 2988, 2756, 1944, 1782, 3087, 838, 1882, 3553, 198, 2212, 1505, 
Weights: 750.159, 333.797, 40.6727, 166.648, 95.9684, 353.121, 35.1496, 17.7682, 358.164, 90.7097, 76.4295, 757.196, 73.3073, 129.79, 60.6934, 47.2067, 1.04204, 0.943289, 81.4131, 108.732, 71.8327, 0.676528, 22.1281, 478.93, 100.901, 1.00846, 1.06034, 269.915, 14.3908, 182.668, 38.3728, 137.752, 10.7894, 1.84492, 345.035, 1.00222, 1.05344, 0, 12.4345, 183.55, 1.00647, 1.35359, 0.361444, 1.00761, 262.092, 0.985895, 0.956329, 0.92648, 0.916211, 0.991303, 214.032, 230.422, 0.953938, 0.959944, 56.7191, 5.90194, 550.459, 1.02258, 26.925, 0.336027, 311.109, 0.994383, 94.0095, 80.6814, 2.65571, 0, 0.107227, 1.00408, 136.816, 108.404, 11.217, 3.35692, 1.18509, 221.767, 9.6989, 0.858935, 100.891, 2.59681, 0.957934, 2341.5, 1.43158, 0.971735, 99.1476, 0.370477, 103.259, 238.884, 
n_nonzero: 84

