n_tets: 66
relErr: 0.192031
Selected tets: 995, 6736, 3302, 3987, 3394, 5919, 5053, 3766, 4748, 2193, 2122, 6506, 5764, 1865, 4146, 1481, 7325, 7320, 3959, 6094, 983, 4455, 1823, 6731, 3811, 2352, 488, 6772, 7227, 66, 6257, 6007, 3897, 2837, 6381, 2097, 2003, 2113, 6822, 854, 5717, 2379, 5482, 929, 4260, 5442, 5647, 3953, 7480, 3285, 2645, 3423, 7447, 205, 7291, 3554, 1134, 5283, 2773, 7449, 4780, 2781, 2964, 1828, 1942, 5356, 
Weights: 897.516, 211.065, 150.727, 172.453, 178.217, 447.69, 90.5896, 337.538, 405.752, 131.573, 135.049, 803.908, 63.0949, 150.255, 40.843, 82.4304, 1.0811, 0.923703, 91.254, 109.998, 110.31, 0.683205, 4.33523, 631.695, 90.7837, 1.00942, 1.02308, 312.137, 16.1213, 259.419, 32.3282, 125.034, 24.9125, 1.5919, 272.715, 1.02865, 0.997607, 23.7681, 31.1623, 204.119, 1.06019, 1.37438, 0.30564, 1.0053, 176.066, 0.980964, 0.992771, 1.26309, 0.668036, 0.99078, 212.952, 298.337, 0.933911, 0.965563, 52.2835, 5.10881, 369.591, 1.02213, 130.428, 0.469708, 234.903, 0.994055, 79.3155, 74.3964, 2.65645, 10.8598, 
n_nonzero: 66

