n_tets: 17
relErr: 0.332258
Selected tets: 99, 89, 141, 93, 171, 185, 186, 65, 77, 57, 53, 2, 172, 119, 137, 18, 135, 
Weights: 49.2266, 1.02673, 60.3563, 1.00427, 126.54, 0.974161, 1.07906, 14.9914, 1.07889, 1.43676, 161.871, 7.12888, 20.7693, 0.388825, 0.980339, 1.57112, 21.8718, 
n_nonzero: 17

