n_tets: 23
relErr: 0.306884
Selected tets: 99, 89, 141, 93, 171, 185, 186, 65, 77, 57, 53, 2, 172, 119, 137, 18, 135, 168, 84, 194, 202, 101, 200, 
Weights: 42.5928, 1.03942, 55.6832, 1.00968, 35.8751, 0.938087, 0.959877, 4.82258, 1.03734, 1.41296, 126.889, 9.23681, 12.4943, 0.407956, 0.969529, 1.52791, 37.4736, 32.451, 0.999309, 1.02593, 1.55289, 2.052, 0.768175, 
n_nonzero: 23

