n_tets: 153
relErr: 0.0641978
Selected tets: 19769, 26370, 25715, 13923, 23203, 22574, 27025, 9146, 28769, 8502, 10745, 18639, 29465, 21592, 5495, 3716, 21991, 3083, 27733, 23928, 27103, 20392, 19595, 9764, 18971, 27882, 12327, 19555, 5285, 18949, 4172, 29299, 13223, 12721, 6078, 28816, 1404, 7754, 12744, 9846, 27990, 17874, 19028, 20877, 10754, 1537, 27514, 15823, 14157, 4354, 2824, 27159, 29186, 9490, 11045, 23341, 5609, 15235, 8071, 20229, 22980, 8572, 21788, 12363, 2402, 10973, 27416, 2289, 22727, 22722, 24552, 18922, 4087, 17761, 18891, 14988, 18731, 20598, 17718, 1415, 6437, 815, 7470, 5543, 12533, 20058, 17875, 13200, 8254, 4561, 12186, 7344, 22465, 27460, 23148, 6472, 22767, 18168, 26850, 4090, 23238, 23021, 17148, 3607, 26409, 12910, 11066, 15696, 3086, 5783, 37, 15624, 11602, 6015, 18991, 13408, 7454, 29075, 19394, 3034, 12117, 21181, 17621, 5200, 21755, 1244, 5797, 32, 6497, 14451, 8691, 11659, 6548, 18733, 24134, 3867, 21930, 24583, 41, 25843, 19617, 2188, 21088, 20615, 2562, 19164, 23762, 19722, 11924, 23082, 7590, 9315, 24075, 
Weights: 1628.61, 1122.66, 1539.96, 0, 39.2916, 266.61, 173.619, 310.744, 776.748, 393.418, 144.836, 49.6415, 0, 0, 339.665, 0, 0, 48.8072, 43.6493, 25.107, 0, 0, 0, 118.949, 450.092, 0, 369.475, 95.0398, 393.416, 453.825, 481.13, 131.918, 339.142, 0, 499.243, 0, 309.008, 779.461, 0, 348.681, 1230.88, 0, 0, 663.075, 451.292, 75.4793, 184.744, 0, 51.6868, 51.1951, 167.668, 269.787, 211.312, 299.082, 1155.63, 0, 0, 43.0491, 0, 68.416, 124.444, 0, 0, 37.692, 0, 41.913, 0, 21.6355, 0, 0, 31.8165, 1271.19, 0.971408, 0, 0, 0, 33.0287, 0, 23.1872, 0, 0, 252.205, 0, 0, 0, 64.2848, 0.844026, 0, 0, 498.376, 538.754, 5.45626, 1376.71, 516.811, 34.6335, 401.276, 1002.85, 0, 0, 0.957038, 0, 0, 0, 134.693, 0, 911.047, 102.727, 770.258, 0, 0, 227.29, 62.01, 0, 74.4972, 160.42, 0, 0, 308.343, 226.187, 200.209, 0, 8.22355, 972.012, 52.3318, 82.388, 261.359, 1033.82, 44.7194, 32.8702, 0, 368.692, 564.433, 45.0819, 31.9241, 11.1119, 1276.91, 7.73175, 70.7365, 0, 111.337, 227.426, 0, 0, 0, 168.91, 36.8537, 0, 0, 93.5587, 469.944, 0, 724.7, 0, 
n_nonzero: 97

Running time so far: 70.6583s

