n_tets: 110
relErr: 0.340848
Selected tets: 32562, 2811, 43286, 18384, 24071, 43879, 16774, 30220, 11939, 42759, 7052, 32003, 35144, 42003, 33866, 29492, 8491, 24035, 42965, 39954, 22963, 4138, 31870, 3748, 12100, 37253, 43894, 39169, 3981, 8750, 28805, 7987, 34335, 1820, 3010, 14249, 41973, 33171, 1548, 5577, 44247, 15450, 16138, 30782, 15187, 2979, 15401, 42531, 22322, 39851, 12243, 20125, 42722, 36310, 10559, 17140, 2881, 18193, 35613, 6158, 14859, 20282, 1614, 20754, 22402, 21249, 44411, 37958, 12145, 31817, 27313, 1617, 8545, 42402, 2808, 34094, 17166, 22361, 20239, 23424, 25091, 3675, 44291, 41901, 22443, 43847, 36484, 32063, 21164, 23010, 44985, 22568, 29135, 16786, 15437, 31085, 15828, 20995, 8104, 29493, 19856, 34505, 8800, 31818, 41983, 22293, 38968, 41986, 38872, 13502, 
Weights: 2813.04, 888.26, 65.1848, 446.926, 56.8028, 1.22495, 4.21086, 4511.71, 0, 0, 123.085, 500.921, 339.77, 1.04174, 3.35906, 0, 0, 932.177, 874.497, 1.34065, 118.649, 0, 394.467, 2150.21, 0.574349, 0, 1.35288, 0.593085, 3675.93, 337.901, 0.815492, 43.7659, 19.3043, 0.95255, 89.1937, 0, 1.84653, 73.0915, 378.518, 0, 29.4378, 200.602, 2.06586, 96.7705, 891.875, 0.738379, 797.251, 34.9564, 6.58305, 66.723, 85.8326, 0, 0, 1424.18, 1371.67, 1.86656, 27.1786, 1420.89, 1.00738, 0, 0.814246, 190.434, 124.793, 0, 6.24207, 275.026, 2.80824, 761.416, 44.5811, 0, 31.3423, 116.893, 0.996444, 109.01, 0, 60.7869, 244.368, 1.4957, 442.577, 9.9415, 1615.92, 0, 0, 2214.07, 0, 90.2222, 0, 48.6046, 1771.66, 0, 1.35774, 21.6414, 0.644546, 684.203, 95.7965, 184.606, 0, 54.2522, 1890.13, 0, 0.990762, 0, 14.79, 2.14291, 3.90037, 0, 0, 0.693238, 3.46178, 2.51542, 
n_nonzero: 86

Running time so far: 65.4668s

