n_tets: 80
relErr: 0.141212
Selected tets: 995, 6736, 3302, 3987, 3394, 5919, 5053, 3766, 4748, 2193, 2122, 6506, 5764, 1865, 4146, 1481, 7325, 7320, 3959, 6094, 983, 4455, 1823, 6731, 3811, 2352, 488, 6772, 7227, 66, 6257, 6007, 3897, 2837, 6381, 2097, 2003, 2113, 6822, 854, 5717, 2379, 5482, 929, 4260, 5442, 5647, 3953, 7480, 3285, 2645, 3423, 7447, 205, 7291, 3554, 1134, 5283, 2773, 7449, 4780, 2781, 2964, 1828, 1942, 5356, 7446, 2662, 7378, 1587, 757, 3561, 5450, 489, 7483, 2988, 2756, 1944, 1782, 3087, 
Weights: 822.138, 332.269, 67.9502, 163.949, 104.806, 368.472, 45.6286, 0, 374.434, 80.4094, 74.1296, 742.88, 75.9343, 135.568, 47.3996, 61.8488, 1.0412, 0.943197, 84.0804, 107.271, 78.6252, 0.67626, 45.8199, 503.983, 106.873, 1.00763, 1.05151, 304.337, 16.3211, 168.168, 35.4159, 134.161, 18.0079, 1.9902, 313.944, 1.00257, 1.0453, 0, 25.34, 173.093, 1.00665, 1.37991, 0.377821, 1.0009, 243.701, 0.986712, 0.955356, 0.933915, 0.800402, 0.991643, 218.423, 237.496, 0.957075, 0.960309, 75.3589, 5.56351, 517.219, 1.02301, 31.1026, 0.403134, 299.428, 0.994514, 99.0339, 73.7182, 2.60433, 11.9598, 3.35728, 1.00411, 133.7, 99.234, 11.4088, 1.18038, 1.19209, 204.466, 9.81537, 0.908953, 103.934, 2.07302, 0.959659, 2987.5, 
n_nonzero: 78

