n_tets: 17
relErr: 0.823544
Selected tets: 124375, 109225, 128391, 134415, 59101, 71726, 162993, 137162, 72274, 67506, 96731, 116739, 86123, 80435, 46542, 75932, 22431, 
Weights: 10048.2, 12238, 1688.42, 656.035, 4003.4, 6143.41, 28012.2, 36677.6, 4243.19, 8630.26, 2123.94, 13207, 840.797, 2267.73, 1.04532, 1.03343e+06, 154.559, 
n_nonzero: 17

Running time so far: 96.9246s

