n_tets: 138
relErr: 0.11711
Selected tets: 51214, 33828, 1062, 17144, 34560, 57384, 71719, 24860, 79148, 18752, 26715, 54341, 55661, 18058, 79674, 58394, 47832, 65101, 75225, 78581, 38437, 11094, 31923, 65333, 25095, 40130, 52248, 14997, 55192, 55830, 47691, 20698, 60654, 45641, 58865, 6073, 6794, 65212, 50539, 8071, 42782, 6772, 53911, 40232, 61256, 1986, 27703, 1391, 9638, 22689, 60071, 57016, 31921, 26997, 30552, 60817, 40724, 7835, 41435, 40134, 5965, 55309, 16488, 75871, 33069, 59263, 79183, 47310, 65841, 43200, 16312, 77670, 5000, 2555, 33050, 19673, 43048, 4752, 10977, 41150, 66780, 34082, 28668, 46052, 29236, 79852, 6774, 24248, 65126, 40068, 76084, 42294, 2944, 71310, 78538, 42987, 13502, 57367, 12636, 22885, 63886, 51750, 7408, 24715, 9201, 40067, 6952, 57142, 72161, 24144, 23826, 23226, 78348, 22622, 14833, 10844, 60673, 43375, 34139, 76724, 24717, 1011, 67542, 41049, 21716, 45048, 37708, 41971, 52232, 58986, 53965, 12835, 58336, 27793, 52135, 46205, 18808, 67950, 
Weights: 1519.11, 0, 0, 0, 1769.35, 0, 0, 0, 0, 847.251, 0, 0, 0, 0, 29.8505, 0, 0, 10608.2, 0, 1691.71, 0, 0, 1.09912, 5165.27, 0, 0, 0, 0, 1937.23, 4732.63, 1158.74, 0, 0, 0, 34.5627, 0, 4435.9, 1.8662, 0, 455.996, 0, 98.3033, 0, 0, 0, 0, 0, 0, 0, 0, 0, 0, 0, 0, 55.4925, 1840.21, 0, 0, 292.025, 0, 0, 1197.25, 2089.64, 0, 0, 0, 4612.73, 0, 526.52, 0, 2269.76, 106.838, 1827.28, 0, 0, 0, 949.715, 0, 10274.1, 0, 0, 0, 0, 0, 0, 0, 0, 2948.1, 0, 0.448178, 0.992465, 0, 50.647, 0, 0, 2417.38, 5194.65, 63.5155, 0, 0, 0, 29.9739, 11.2259, 0, 0, 21.0352, 0, 0, 0, 0, 0, 0, 0, 4502.37, 6083.42, 0, 0, 0, 0, 0, 1363.46, 0, 0, 0, 3893.25, 1381.16, 1.13851, 0, 0, 0, 0, 0, 1719.78, 0, 0, 0, 0, 0, 
n_nonzero: 45

Running time so far: 93.2377s

