n_tets: 132
relErr: 0.117141
Selected tets: 51214, 33828, 1062, 17144, 34560, 57384, 71719, 24860, 79148, 18752, 26715, 54341, 55661, 18058, 79674, 58394, 47832, 65101, 75225, 78581, 38437, 11094, 31923, 65333, 25095, 40130, 52248, 14997, 55192, 55830, 47691, 20698, 60654, 45641, 58865, 6073, 6794, 65212, 50539, 8071, 42782, 6772, 53911, 40232, 61256, 1986, 27703, 1391, 9638, 22689, 60071, 57016, 31921, 26997, 30552, 60817, 40724, 7835, 41435, 40134, 5965, 55309, 16488, 75871, 33069, 59263, 79183, 47310, 65841, 43200, 16312, 77670, 5000, 2555, 33050, 19673, 43048, 4752, 10977, 41150, 66780, 34082, 28668, 46052, 29236, 79852, 6774, 24248, 65126, 40068, 76084, 42294, 2944, 71310, 78538, 42987, 13502, 57367, 12636, 22885, 63886, 51750, 7408, 24715, 9201, 40067, 6952, 57142, 72161, 24144, 23826, 23226, 78348, 22622, 14833, 10844, 60673, 43375, 34139, 76724, 24717, 1011, 67542, 41049, 21716, 45048, 37708, 41971, 52232, 58986, 53965, 12835, 
Weights: 1258.57, 0, 0, 984.332, 2175.59, 0, 0, 0, 0, 602.173, 0, 0, 0, 0, 0, 0, 0, 10568.1, 470.573, 862.199, 0, 0, 1.09892, 7715.41, 0, 0, 0, 0, 2668.05, 3439.15, 2640.96, 0, 0, 2155.44, 172.208, 0, 3383.27, 1.88526, 0, 1215.38, 0, 98.5919, 0, 0, 0, 0, 0, 0, 0, 0, 0, 0, 0, 0, 55.4353, 459.715, 0, 0, 88.83, 0, 0, 2378.3, 2953.75, 0, 0, 0, 5139.1, 0, 0, 0, 2095.08, 98.7743, 1041.13, 0, 0, 0, 823.143, 0, 16963.2, 0, 0, 0, 1353.56, 0, 0, 0, 0, 3621.08, 0, 0.44807, 0.984964, 0, 0, 0, 0, 1729.4, 10164.1, 63.4755, 0, 0, 0, 30.0144, 11.0965, 0, 0, 20.9948, 0, 0, 1785.95, 0, 0, 0, 0, 1069.49, 4047.73, 0, 0, 0, 0, 0, 771.491, 0, 0, 0, 0, 0, 1.13722, 0, 0, 0, 0, 0, 
n_nonzero: 44

Running time so far: 89.6796s

