n_tets: 72
relErr: 0.153526
Selected tets: 995, 6736, 3302, 3987, 3394, 5919, 5053, 3766, 4748, 2193, 2122, 6506, 5764, 1865, 4146, 1481, 7325, 7320, 3959, 6094, 983, 4455, 1823, 6731, 3811, 2352, 488, 6772, 7227, 66, 6257, 6007, 3897, 2837, 6381, 2097, 2003, 2113, 6822, 854, 5717, 2379, 5482, 929, 4260, 5442, 5647, 3953, 7480, 3285, 2645, 3423, 7447, 205, 7291, 3554, 1134, 5283, 2773, 7449, 4780, 2781, 2964, 1828, 1942, 5356, 7446, 2662, 7378, 1587, 757, 3561, 
Weights: 828.875, 267.719, 120.919, 161.849, 116.683, 409.778, 58.8664, 218.348, 399.999, 134.097, 78.8694, 764.572, 71.0278, 140.227, 61.2792, 34.2198, 1.07922, 0.924208, 83.6465, 121.961, 107.101, 0.67965, 20.5644, 508.193, 103.016, 1.00843, 1.04292, 261.551, 15.8426, 152.164, 32.8535, 136.766, 26.6737, 1.35489, 343.178, 0.998874, 0.992057, 46.6859, 24.097, 182.504, 1.05348, 1.38253, 0.282489, 0.997852, 191.234, 0.987567, 0.99241, 1.11414, 0.577238, 0.983113, 213.26, 279.259, 0.935682, 0.963087, 58.5852, 4.77602, 414.872, 1.02102, 148.007, 0.487694, 267.839, 0.994134, 62.9161, 56.6235, 2.73789, 11.8928, 3.19173, 1.00301, 104.419, 116.336, 10.8961, 17.0968, 
n_nonzero: 72

