n_tets: 98
relErr: 0.796075
Selected tets: 39353, 30746, 4000, 127016, 137541, 34911, 37641, 157732, 144701, 119503, 23429, 100082, 33787, 34518, 4648, 100167, 102518, 30099, 56408, 130299, 92910, 162781, 123728, 2462, 149395, 154934, 52975, 42814, 1605, 164211, 144926, 131827, 48867, 58655, 54362, 77928, 157359, 77567, 119324, 56411, 32125, 41548, 35169, 73273, 134693, 137605, 55479, 69165, 144507, 61821, 83609, 48926, 26470, 86134, 64450, 108336, 71160, 45704, 67438, 2016, 1214, 57287, 119574, 133997, 102208, 128376, 36025, 134563, 79036, 106998, 137522, 89043, 109554, 120497, 52499, 163223, 43794, 102985, 141295, 132701, 60021, 138091, 134942, 60022, 24182, 109839, 77932, 78179, 161340, 102614, 46546, 46904, 146672, 67703, 153609, 162883, 91612, 94437, 
Weights: 3809.27, 130.231, 7971.96, 0.828371, 0.727774, 25.2754, 3442.49, 2.51618, 2.22345, 17.8727, 32129.7, 18.6834, 0, 90.6004, 0, 23745.8, 0, 3089.4, 1531.95, 0, 6627.85, 34.5878, 21746.4, 28.483, 4.5653, 0, 0.989728, 579.843, 222.111, 89.933, 0.95307, 0, 160.577, 4130.09, 0, 1.6706, 1.29785, 0.868688, 0.620499, 1.13516, 1.1858, 371.572, 161.713, 25.6963, 3.13642, 1.80452, 1.47497, 1.0017e+06, 3774.1, 3820.98, 20973.4, 0, 130390, 353.369, 4.11503, 2380.2, 0, 0.839817, 0, 21.0437, 81.0023, 38659.4, 300.6, 221.45, 21.5674, 0, 0, 14064.3, 9.04186, 1.30013, 19.144, 1.05256, 500.654, 1.03266, 1.01166, 36171.1, 498.767, 0.736526, 4381.64, 44104.5, 373.04, 479.44, 0.674831, 1268.47, 108.918, 13.089, 1.46495, 376.774, 2.41294, 26.0297, 384.094, 1174.31, 0.651467, 316.567, 7040.64, 12344, 878.96, 264.001, 
n_nonzero: 86

Running time so far: 108.448s

