n_tets: 84
relErr: 0.15747
Selected tets: 11653, 17340, 29124, 23576, 14512, 19181, 26439, 14755, 7643, 20581, 27376, 9208, 22436, 17370, 29530, 12686, 9765, 5093, 27829, 5223, 10587, 2282, 28753, 4945, 11956, 10685, 27251, 12253, 14924, 23185, 4460, 21799, 19166, 25112, 6928, 19480, 3092, 14022, 13107, 26027, 22837, 24849, 10400, 3918, 14873, 8521, 25376, 16928, 21411, 12601, 15774, 17871, 16874, 12159, 211, 14017, 13163, 9065, 1531, 2956, 17173, 3391, 5773, 4144, 21586, 2015, 4242, 10516, 3130, 9781, 17745, 21040, 4087, 6192, 18687, 12445, 18806, 18181, 18118, 29685, 25223, 29272, 14235, 13331, 
Weights: 2285.65, 2013.91, 0, 0, 0, 0, 0, 0, 0, 4.15493, 352.408, 1.11744, 407.839, 1567.19, 0.569804, 1667.47, 594.44, 278.205, 1.92153, 177.194, 2574.86, 0, 0, 1.46857, 3.53232, 486.797, 0.998927, 1844.55, 283.213, 0, 0, 1.19168, 0.962601, 28.7587, 0, 25.1424, 120.71, 263.131, 0, 0, 0, 78.8596, 0.973396, 588.869, 115.752, 0.453295, 0, 1523.55, 15.6361, 2.02623, 0, 0, 1291.51, 556.007, 1.03617, 1287.16, 472.547, 258.648, 1780.98, 952.665, 0, 0, 0, 1986.81, 0.702397, 948.856, 0.714045, 379.364, 1650.44, 0, 603.889, 0.492878, 0.963268, 2174.19, 441.626, 0, 0, 1.22087, 1.49031, 77.3268, 88.1981, 2.13803, 148.515, 1.13453, 
n_nonzero: 60

Running time so far: 129.004s

