n_tets: 87
relErr: 0.272885
Selected tets: 99, 89, 141, 93, 171, 185, 186, 65, 77, 57, 53, 2, 172, 119, 137, 18, 135, 168, 84, 194, 202, 101, 200, 14, 138, 107, 166, 155, 111, 198, 63, 189, 3, 72, 58, 203, 95, 49, 183, 30, 130, 146, 81, 67, 142, 123, 43, 201, 71, 157, 118, 122, 193, 0, 149, 86, 69, 92, 25, 96, 175, 151, 197, 64, 167, 27, 104, 7, 29, 37, 4, 23, 61, 100, 102, 154, 116, 112, 13, 113, 40, 162, 88, 192, 143, 59, 52, 
Weights: 0, 1.02241, 21.1495, 1.00393, 0, 0.950262, 0.919161, 4.12441, 1.01633, 1.43219, 0, 0, 16.1132, 0.513667, 0.980439, 1.33548, 24.3186, 10.2998, 1.00848, 1.00423, 1.24065, 1.93348, 0.591664, 0.395143, 0.232862, 0.936295, 0, 0, 1.02167, 0.839539, 1.12047, 1.88867, 14.1829, 3.77776, 1.79598, 0.856041, 7.05119, 1.51081, 0.974124, 11.1675, 0, 0, 4.02156, 1.5489, 5.98752, 3.64175, 0, 0.145892, 13.0967, 17.6305, 4.75427, 3.16118, 1.94123, 0.432492, 5.71927, 8.27895, 7.79544, 1.62551, 2.73673, 16.8858, 19.932, 2.55044, 0.545625, 121.117, 14.7584, 5.90678, 4.33669, 30.1219, 0.643054, 17.9996, 3.89133, 23.7755, 8.61052, 5.15177, 2.72588, 2.05112, 3.74027, 4.9283, 0.0138657, 4.44618, 4.21421, 2.98389, 6.91206, 0.754519, 33.3252, 1.46557, 1.24967, 
n_nonzero: 78

