n_tets: 275
relErr: 0.332421
Selected tets: 21500, 27848, 13245, 1062, 23629, 22890, 26439, 10395, 1762, 13239, 2064, 7179, 9472, 27723, 24981, 25538, 15997, 17901, 5546, 26161, 18850, 4761, 5565, 27606, 22601, 20170, 12812, 17721, 2763, 14933, 20973, 11971, 24234, 3854, 16524, 4933, 15470, 7354, 20470, 23593, 2716, 26312, 15489, 22202, 6495, 19403, 4175, 26183, 25581, 28594, 14670, 7776, 16251, 26302, 4498, 13334, 10833, 23642, 26751, 15401, 6651, 28287, 27213, 10437, 19522, 5873, 5967, 9001, 797, 5789, 26177, 1249, 10457, 25105, 1041, 8851, 16236, 21990, 4960, 14700, 6339, 7218, 5056, 17417, 22733, 16473, 5270, 8120, 15142, 25168, 14245, 22838, 19706, 2303, 5541, 1787, 9988, 25121, 27307, 22758, 27118, 5367, 28123, 24230, 19701, 5322, 6105, 22447, 788, 24371, 514, 5611, 12546, 18677, 22399, 17584, 15196, 5272, 26570, 6448, 7782, 6001, 9622, 19954, 24762, 16167, 24682, 4553, 6030, 2808, 6023, 1436, 6382, 28429, 28325, 17138, 24418, 21635, 3390, 10128, 4570, 15492, 18878, 1948, 13220, 3996, 7089, 20070, 4447, 18428, 24740, 635, 10056, 6121, 27609, 11030, 4054, 21875, 13512, 21400, 17943, 14408, 10462, 21780, 12015, 24751, 19324, 26859, 5433, 2058, 6842, 27812, 13430, 18084, 17718, 24435, 25791, 13164, 12836, 552, 6238, 26529, 6044, 14932, 5807, 24877, 23379, 19225, 4161, 8462, 3903, 14349, 13085, 9124, 20388, 21901, 22900, 4026, 27388, 21325, 27618, 24564, 22851, 9644, 12504, 4963, 27417, 23809, 576, 13063, 8730, 20764, 10960, 9504, 5740, 13584, 12798, 7326, 22715, 14189, 15260, 20071, 10779, 26065, 13769, 7378, 24282, 18023, 25533, 17025, 23489, 5202, 5800, 8833, 22714, 9797, 16316, 19240, 12693, 12580, 23363, 19999, 21467, 22872, 16032, 13322, 1737, 24489, 4949, 23685, 3359, 16353, 25547, 19752, 26496, 9828, 19486, 19058, 5885, 643, 8549, 2994, 11474, 15130, 13648, 8694, 21072, 7605, 27762, 27788, 19704, 20451, 12117, 20361, 11324, 
Weights: 86.262, 0, 399.712, 0, 0, 607.173, 343.475, 1.46872, 721.792, 0, 4.62047, 490.549, 0, 0, 15.8611, 199.712, 0, 0, 53.1022, 748.234, 25.051, 220.753, 138.233, 32.0724, 0, 0, 0, 42.6285, 0, 0, 0, 67.5619, 4.20602, 15.8509, 18.5111, 17.6249, 0, 1817.74, 83.4379, 0.903055, 0, 1.08274, 0.73802, 0, 1.73208, 322.301, 55.7315, 1.00539, 0, 0, 0, 0, 1.28174, 0, 0, 26.39, 0, 39.6869, 379.242, 0, 0.96881, 1.70558, 0, 0, 0, 184.678, 833.399, 0, 0, 4158.92, 0, 0, 0, 0, 794.438, 0, 0, 5.19632, 0, 0, 16.1822, 0, 1.53367, 0, 1237.58, 40.0764, 64.6223, 14.421, 30.2336, 0, 0, 10.0086, 0, 0, 0, 48.4698, 720.373, 252.918, 0, 3.10316, 0, 703.748, 0.301501, 81.8923, 0, 38.2915, 1.25036, 16.9332, 70.4801, 0, 113.078, 461.01, 0, 0, 0, 0.964818, 0, 0, 95.4153, 0, 0, 13.9559, 0, 0, 16.5192, 0, 3940.73, 108.46, 0.689619, 405.389, 0, 0, 7.01341, 143.843, 72.2653, 0, 0, 47.0925, 2.90808, 0, 404.4, 1.06873, 159.331, 0, 7.91861, 9.48335, 0.7378, 68.387, 27635.7, 0, 2475.56, 645.097, 346.18, 0.517768, 13.4813, 0, 0, 0, 2335.92, 0, 3.22198, 1213.16, 1.60114, 0.582792, 235.916, 512.697, 1.013, 0, 0, 3.00524, 77.87, 519.471, 0, 24.8828, 0, 2.52893, 1.03306, 0, 0, 0, 2.79983, 5525.31, 0, 0, 7.94698, 0, 0, 1.01479, 2.11547, 0, 0, 13.8748, 373.512, 619.595, 0, 0, 146.694, 0, 0.947103, 0, 382.43, 0, 30626.9, 13.3616, 928.873, 0, 0, 0, 14.0768, 0.799614, 0, 1583.11, 0, 0, 0, 44.4973, 0, 115.894, 0, 0, 1.02391, 155.25, 34.6002, 0, 46.7345, 0, 0, 0, 8017.02, 0, 0, 86.0648, 105.194, 1.51899, 259.288, 191.279, 19.5108, 35.5655, 0, 51.9589, 0, 11004.7, 46.9738, 17492.4, 0, 0, 234.954, 560.749, 752.874, 0, 0, 1342.04, 8.87117, 19.6209, 0, 0, 0.698334, 0, 0, 0, 0, 1216.05, 0, 6.99396, 631.211, 0, 18.2703, 0, 0, 0, 0, 0, 0, 0, 35.5268, 
n_nonzero: 150

Running time so far: 99.0494s

