n_tets: 27
relErr: 0.394729
Selected tets: 995, 6736, 3302, 3987, 3394, 5919, 5053, 3766, 4748, 2193, 2122, 6506, 5764, 1865, 4146, 1481, 7325, 7320, 3959, 6094, 983, 4455, 1823, 6731, 3811, 2352, 488, 
Weights: 1200.69, 565.853, 531.978, 122.608, 251.695, 394.136, 96.4265, 871.311, 629.543, 279.882, 266.315, 663.507, 99.5337, 233.547, 133.445, 443.014, 0.538341, 0.912693, 93.9433, 141.316, 274.108, 0.573907, 284.358, 542.553, 140.08, 1.01867, 1.01674, 
n_nonzero: 27

