n_tets: 16
relErr: 0.826311
Selected tets: 124375, 109225, 128391, 134415, 59101, 71726, 162993, 137162, 72274, 67506, 96731, 116739, 86123, 80435, 46542, 75932, 
Weights: 10642.7, 13289.9, 1705.39, 673.051, 3972.75, 5438.93, 27098, 38204.3, 4255.08, 8934.41, 2399.37, 13211.9, 794.175, 2506.19, 1.0492, 1.19473e+06, 
n_nonzero: 16

Running time so far: 92.8933s

