n_tets: 132
relErr: 0.00219037
Selected tets: 235796, 269544, 362937, 298539, 381300, 26069, 233619, 388822, 143254, 29257, 129749, 245011, 429667, 245127, 3631, 8706, 280852, 350808, 187116, 150871, 102239, 205157, 23989, 213606, 376047, 363265, 311537, 163244, 206903, 416957, 13780, 160206, 136949, 301704, 377338, 139005, 405237, 161679, 288456, 291655, 315929, 21584, 106379, 134563, 69093, 412289, 126150, 397111, 346140, 248178, 8314, 30348, 401752, 184484, 251881, 160381, 155049, 420840, 229484, 204986, 419364, 397751, 312336, 307422, 371087, 385296, 298875, 300477, 418362, 156640, 115018, 234799, 33298, 113831, 267589, 85015, 57153, 345250, 81311, 263552, 265880, 313697, 278252, 131980, 235486, 143266, 314130, 414915, 91544, 312802, 56878, 285369, 373908, 62244, 420700, 229489, 331355, 114000, 281090, 211588, 282487, 159429, 418158, 29767, 381558, 81782, 373237, 347967, 284712, 346055, 409759, 305174, 290461, 189807, 275538, 83557, 145765, 111736, 198232, 212437, 202476, 29114, 424541, 327840, 412129, 376211, 124147, 207932, 385107, 325987, 71035, 2998, 
Weights: 6784.54, 2072.79, 0, 0, 369.303, 1868.4, 298.243, 600.834, 119226, 0, 435.232, 2023.26, 0, 0, 0, 342.082, 0, 373.124, 2132.62, 1750.33, 2293.15, 0, 412.918, 354.682, 381.468, 1523.07, 0, 1551.79, 665.46, 257.223, 0, 0, 994.178, 3901.65, 1449.93, 1420.03, 10351.4, 0, 151.078, 0, 3518.52, 0, 0, 0, 28.4509, 2339.67, 475.651, 113.906, 18741, 0, 927.815, 0, 1495.28, 996.203, 35524.9, 453.355, 0, 0, 0, 0, 7723.64, 0, 241.559, 1370.9, 0, 0, 1148.18, 2026.84, 0, 925940, 0, 0, 380.569, 3258.27, 234.137, 0, 400.276, 1379.53, 0, 0, 276.28, 0, 0, 859.619, 752.935, 0, 4285.99, 1686.31, 0, 2486.21, 0, 0, 29412.6, 472831, 4839.99, 781.103, 6708.09, 393.674, 22.0145, 14622.4, 0, 0, 1192.67, 1295.31, 1850, 0, 1994.83, 0, 471.751, 573.597, 0, 0, 198.234, 7640.06, 3346.6, 4.22298e+06, 690.659, 185.188, 0, 357.99, 758.196, 0, 1819.02, 19339.4, 1384.1, 4113.23, 141.579, 0, 126655, 1344.39, 1495.81, 604.35, 
n_nonzero: 86

Running time so far: 209.991s

