n_tets: 200
relErr: 0.322915
Selected tets: 32562, 2811, 43286, 18384, 24071, 43879, 16774, 30220, 11939, 42759, 7052, 32003, 35144, 42003, 33866, 29492, 8491, 24035, 42965, 39954, 22963, 4138, 31870, 3748, 12100, 37253, 43894, 39169, 3981, 8750, 28805, 7987, 34335, 1820, 3010, 14249, 41973, 33171, 1548, 5577, 44247, 15450, 16138, 30782, 15187, 2979, 15401, 42531, 22322, 39851, 12243, 20125, 42722, 36310, 10559, 17140, 2881, 18193, 35613, 6158, 14859, 20282, 1614, 20754, 22402, 21249, 44411, 37958, 12145, 31817, 27313, 1617, 8545, 42402, 2808, 34094, 17166, 22361, 20239, 23424, 25091, 3675, 44291, 41901, 22443, 43847, 36484, 32063, 21164, 23010, 44985, 22568, 29135, 16786, 15437, 31085, 15828, 20995, 8104, 29493, 19856, 34505, 8800, 31818, 41983, 22293, 38968, 41986, 38872, 13502, 13860, 9257, 15863, 35680, 13784, 23461, 13783, 22357, 34425, 4284, 44199, 1355, 31852, 39840, 21645, 10464, 44233, 43420, 5461, 18026, 12209, 36115, 3532, 39899, 1076, 44183, 27903, 38853, 29495, 23371, 4723, 14040, 6260, 41971, 3901, 20930, 30753, 44223, 42882, 27475, 18852, 7178, 11694, 20469, 7766, 7341, 15373, 38068, 32044, 32236, 9328, 15858, 4085, 23484, 310, 42311, 14263, 19369, 2382, 37423, 14447, 38754, 30837, 19854, 35495, 12085, 23553, 31828, 19012, 26974, 41990, 18853, 39167, 26374, 11315, 8391, 18714, 40986, 33727, 33142, 30949, 29702, 40118, 29905, 13322, 31833, 6572, 28587, 29286, 6594, 
Weights: 2129.91, 0, 63.6415, 0, 0, 1.20087, 4.25917, 3543.27, 0, 0, 0, 655.982, 419.879, 1.05083, 1.93255, 3.02132, 0, 426.046, 924.85, 1.33906, 105.766, 0, 317.454, 1616.88, 1.55828, 0, 1.34473, 0.581719, 3783.49, 0, 0.827717, 0, 19.0455, 1.01521, 87.6301, 0, 1.82628, 102.118, 96.3084, 443.134, 32.199, 187.895, 1.98409, 292.006, 256.41, 0.963494, 718.529, 34.8866, 5.39722, 39.1096, 65.8111, 0, 0, 1792.76, 0, 0.948844, 27.3048, 776.802, 1.00539, 0, 0.813447, 199.828, 0, 0, 4.47933, 251.193, 2.99594, 1012.56, 63.2946, 0, 28.8558, 69.361, 0.998524, 101.844, 0, 2.84529, 303.79, 1.64308, 359.23, 8.57488, 1468.05, 0, 0, 2301.75, 0, 52.2421, 56.1625, 97.2643, 761.895, 0, 1.32002, 26.3208, 0.447107, 833.65, 431.374, 0, 0, 217.976, 957.312, 0, 1.00695, 0, 21.6077, 2.23214, 3.99235, 0, 0, 0.687325, 3.6024, 2.53524, 1.00861, 277.214, 5.76744, 23.26, 0.965682, 18.3748, 2.77592, 14.1446, 0, 892.122, 13.1005, 0, 1.10178, 0, 324.095, 0, 0, 0, 0.948944, 5.76907, 1.24404, 0, 0, 0, 465.757, 0.881648, 0, 0, 491.862, 0, 1.03542, 0, 564.453, 1.49872, 0, 1.23626, 490.776, 10.5287, 1.41441, 1010.64, 0.973237, 1.25999, 1499.53, 434.454, 5.54526, 0, 0, 134.585, 0, 0, 3.86044, 0.225553, 2.51704, 0.786893, 7.32203, 379.379, 0, 71.1345, 0, 0, 36.2888, 0, 0, 2.72187, 1045.1, 0, 0, 0, 582.955, 0, 2.23626, 0, 0, 4.94805, 2.42264, 0.580669, 576.97, 1.33728, 0.934949, 351.002, 5.92463, 0, 88.6618, 0.780305, 0, 2.16628, 0.749328, 28.3245, 1.83645, 0, 
n_nonzero: 138

Running time so far: 128.707s

