n_tets: 100
relErr: 0.342994
Selected tets: 32562, 2811, 43286, 18384, 24071, 43879, 16774, 30220, 11939, 42759, 7052, 32003, 35144, 42003, 33866, 29492, 8491, 24035, 42965, 39954, 22963, 4138, 31870, 3748, 12100, 37253, 43894, 39169, 3981, 8750, 28805, 7987, 34335, 1820, 3010, 14249, 41973, 33171, 1548, 5577, 44247, 15450, 16138, 30782, 15187, 2979, 15401, 42531, 22322, 39851, 12243, 20125, 42722, 36310, 10559, 17140, 2881, 18193, 35613, 6158, 14859, 20282, 1614, 20754, 22402, 21249, 44411, 37958, 12145, 31817, 27313, 1617, 8545, 42402, 2808, 34094, 17166, 22361, 20239, 23424, 25091, 3675, 44291, 41901, 22443, 43847, 36484, 32063, 21164, 23010, 44985, 22568, 29135, 16786, 15437, 31085, 15828, 20995, 8104, 29493, 
Weights: 2805.4, 1032.21, 65.0993, 450.385, 64.0599, 1.19533, 4.1702, 4522.58, 0, 0, 127.166, 504.868, 332.045, 1.04175, 3.34911, 0, 0, 943.004, 803.933, 1.33931, 120.094, 0, 395.392, 2166.65, 0.572376, 0, 1.35296, 0.602001, 3658.01, 331.421, 0.811441, 20.3872, 19.8925, 0.952625, 89.3379, 0, 1.84482, 70.6372, 387.383, 0, 29.7866, 209.972, 2.10802, 93.4596, 904.276, 0.73855, 772.11, 34.9907, 6.06282, 66.3313, 85.5418, 0, 0, 1396.81, 1366.9, 1.88526, 27.3451, 1407.71, 1.00473, 0, 0.819637, 191.303, 134.435, 0, 6.33577, 271.568, 2.50148, 820.841, 44.3974, 0, 39.9597, 122.513, 0.995441, 100.358, 0, 64.603, 241.666, 1.49325, 449.729, 13.6994, 1594.81, 0, 0, 2172.37, 0, 89.5173, 0, 44.3041, 1720.54, 0, 1.36174, 21.7726, 0.644476, 707.061, 110.763, 174.931, 0, 56.8552, 1841.6, 0, 
n_nonzero: 79

Running time so far: 62.5602s

