n_tets: 220
relErr: 0.34448
Selected tets: 32562, 42675, 7400, 38757, 28732, 43879, 34020, 14663, 14859, 42759, 22443, 10634, 5978, 37804, 28795, 28803, 32402, 41971, 29320, 20127, 20195, 11336, 44942, 27216, 22250, 1961, 39019, 20950, 16309, 24941, 28091, 39255, 43258, 1820, 33980, 29553, 38698, 38867, 4042, 8391, 31826, 7766, 16138, 3845, 43883, 2979, 24124, 29217, 10435, 21177, 4725, 20125, 17790, 22361, 19515, 36163, 28351, 29877, 21975, 13782, 29410, 18013, 10363, 4301, 8559, 33077, 16720, 37321, 12683, 5310, 10419, 1617, 8545, 39181, 19418, 34555, 18584, 44231, 1634, 2543, 15819, 38626, 28706, 19861, 19504, 38079, 24500, 34060, 33978, 25061, 12813, 42805, 38847, 24400, 43881, 44735, 15828, 26515, 9529, 38938, 38101, 6030, 4723, 31818, 31854, 44288, 21500, 41986, 6077, 13145, 35241, 13885, 43848, 22347, 16513, 13068, 13783, 9176, 13091, 24881, 39288, 16805, 14512, 15569, 4205, 11311, 37438, 6488, 4814, 18026, 14017, 3963, 41982, 18898, 34055, 39884, 41978, 33025, 12113, 1783, 27313, 6489, 6721, 9870, 34337, 28612, 8199, 17061, 8928, 23481, 18852, 39187, 1686, 12138, 18358, 8544, 43702, 38068, 3687, 2802, 29330, 30897, 1953, 23484, 31074, 22114, 29197, 39020, 59, 44638, 16518, 25334, 34016, 28904, 18588, 12085, 1320, 31828, 22894, 23634, 44291, 19841, 39167, 32548, 35144, 43894, 35158, 12876, 34184, 42425, 11176, 29906, 1339, 29905, 765, 18854, 903, 28587, 982, 8810, 12923, 15917, 20428, 39001, 6803, 15327, 2153, 27254, 43889, 27771, 3093, 32514, 39175, 9855, 26654, 9537, 42459, 29209, 13607, 44003, 
Weights: 1720.82, 5568.83, 27.8309, 0.872193, 3387.34, 18.3919, 87.3826, 0.999609, 2.41438, 0, 63.3313, 1776.86, 695.692, 1.15074, 0.530919, 29.8193, 503.627, 23.0144, 0, 0, 0, 0.490391, 0, 93.4384, 832.281, 1.57412, 0, 417.604, 0, 0, 1183.53, 0, 0, 1.09631, 2.44152, 356.555, 0.922854, 0.361701, 332.136, 1.0785, 216.434, 0, 0, 2174.76, 0.788833, 7.38735, 0, 0.881628, 0, 476.602, 26.7414, 1.00776, 5.43438, 0, 15.2561, 7.18498, 273.248, 0, 28.1134, 0, 0, 1012.92, 821.448, 0, 343.804, 0.921002, 0.958896, 6093.92, 0.695288, 8.14862, 0, 17.8528, 3.27997, 39.5636, 887.493, 0, 0, 40.862, 834.692, 0, 365.553, 4.12726, 0, 0, 409.564, 4800.27, 487.915, 107.118, 136.927, 25.0144, 1.66806, 0, 1.299, 0, 1.05682, 0, 830.344, 1.13756, 0.942959, 0.953033, 3.69736, 0, 0.388057, 40.3547, 136.638, 0, 1492.82, 0, 0, 1.91996, 1.00647, 3518.47, 595.975, 0.992493, 82.7845, 0, 4.23447, 1285.74, 0, 387.481, 0, 93.0013, 977.852, 622.544, 98.2068, 1.91245, 0.170396, 372.036, 2.06727, 19.2478, 0, 1.12198, 33.1555, 0, 2.71164, 280.041, 1.35134, 255.927, 1.04044, 12.2489, 3.98358, 0.44782, 111.789, 2.3424, 33.3712, 25.5357, 515.83, 68.2145, 201.469, 17.7019, 1.04583, 0.934072, 0, 110.143, 2.09397, 0.982161, 0, 0, 34.885, 4.56511, 15.8036, 56.8062, 300.161, 2.63286, 0, 0.856718, 69.9349, 0, 48.1697, 1.55694, 19.8926, 3.15428, 0, 0, 10.1083, 0, 1.05784, 3.69337, 0.653634, 0, 11.0245, 1.07028, 0.961231, 3.79932, 399.658, 1.03365, 52.8445, 30.2924, 0, 0, 11.1513, 0, 0.376697, 1.02045, 0, 0.975423, 0, 1.51825, 0.825849, 27.0119, 1.01216, 74.0751, 1112.39, 0, 5.20636, 2.79386, 3.73562, 7.20739, 0, 1.01091, 316.945, 119.34, 0, 1177.89, 0, 21.7508, 0, 1.23231, 0, 394.598, 
n_nonzero: 163

Running time so far: 138.063s

