n_tets: 8
relErr: 0.410536
Selected tets: 99, 89, 141, 93, 171, 185, 186, 65, 
Weights: 70.6466, 1.04686, 73.1157, 1.00576, 185.701, 0.897754, 1.73121, 28.2304, 
n_nonzero: 8

