n_tets: 264
relErr: 0.0594971
Selected tets: 13986, 9874, 28312, 13284, 1214, 27342, 6233, 24777, 25350, 11692, 1312, 15251, 11970, 6638, 15836, 26177, 12232, 22738, 4998, 19909, 19835, 19799, 18800, 1088, 9388, 8792, 10521, 18579, 21869, 15721, 6623, 9788, 186, 26553, 20056, 12458, 20950, 21067, 20597, 24495, 27104, 6222, 215, 3129, 4136, 8521, 23166, 15194, 25355, 2064, 2824, 7633, 5419, 1906, 17492, 17558, 1541, 191, 20393, 11877, 24089, 7382, 27757, 10960, 21177, 9228, 11678, 14312, 13939, 5052, 4979, 13407, 22993, 20059, 21061, 17591, 18961, 24762, 19733, 8776, 21175, 19188, 4395, 18922, 17562, 8507, 21683, 13200, 21730, 7716, 4176, 16017, 12656, 29389, 2291, 10248, 22502, 16225, 24080, 4511, 10807, 9106, 23911, 9840, 25841, 5362, 28931, 256, 3857, 23843, 15303, 24964, 723, 22646, 3114, 1210, 24852, 29425, 6932, 14520, 11434, 21181, 12534, 293, 21755, 22435, 17221, 17785, 14797, 29482, 22609, 8294, 19923, 11702, 19083, 26436, 2840, 8550, 18423, 21044, 4142, 2781, 19575, 15904, 1539, 2282, 5816, 8298, 21427, 24205, 14012, 14015, 4153, 22113, 17390, 24144, 23891, 4489, 21777, 23887, 19517, 7318, 6878, 15772, 9748, 8520, 7316, 14262, 8556, 11055, 18952, 17968, 8629, 2784, 11945, 25049, 20607, 17308, 25544, 19082, 6007, 9138, 21586, 20054, 10659, 17522, 12008, 12284, 876, 1206, 9900, 9316, 21517, 12268, 8094, 6436, 20072, 20067, 10455, 24660, 28910, 27456, 19326, 4090, 3312, 6512, 6302, 29350, 18929, 2822, 19510, 8921, 16411, 4324, 10938, 20449, 23880, 16312, 24932, 11895, 5901, 4188, 9112, 12115, 9029, 13771, 12299, 19328, 17994, 11961, 20995, 13923, 8186, 6265, 17302, 16092, 20487, 14988, 10998, 24132, 7317, 22355, 6733, 2142, 12032, 1439, 18733, 20604, 12564, 21592, 17578, 24081, 6716, 2137, 2190, 1737, 19350, 4087, 25297, 23252, 9392, 29597, 5857, 17807, 
Weights: 303.936, 65.3377, 132.593, 128.893, 0, 0, 295.441, 1683.53, 233.308, 0, 1287.75, 0, 0, 0, 154.058, 498.355, 73.5858, 0, 159.421, 0, 66.5734, 0, 0, 0, 0, 329.595, 0, 80.9483, 0, 783.969, 0, 21.7348, 0, 0, 0.415656, 0, 873.073, 0, 0, 596.825, 0, 870.981, 0, 26.9182, 113.627, 78.4287, 127.329, 460.446, 321.658, 275.838, 0, 395.613, 0, 179.543, 0, 0, 44.9132, 0, 0, 0, 0, 0, 310.63, 25.411, 1.70865, 0, 279.198, 20.5338, 0, 73.6922, 0, 171.981, 32.8454, 65.2111, 126.966, 65.6563, 267.59, 588.388, 0, 0, 0, 271.256, 304.286, 281.325, 0, 36.7484, 0, 85.6182, 32.9682, 95.2152, 0, 105.876, 330.691, 0, 0, 773.834, 0, 0, 0, 570.158, 120.355, 1885.38, 0, 223.245, 22.9557, 1131.53, 292.444, 115.285, 149.037, 149.009, 0, 0, 2.68449, 169.325, 0, 0, 0, 0, 0, 264.029, 163.889, 0, 8.13013, 0, 0, 0, 88.5526, 226.707, 0, 0, 159.213, 4.84621, 22.6433, 122.524, 0, 0, 286.49, 47.9946, 279.992, 0, 0.838053, 167.238, 0.238058, 309.501, 11.5346, 0, 531.296, 250.033, 877.565, 0, 0, 0, 0, 0, 0.616569, 0, 3.71677, 467.226, 0, 35.3424, 0, 19.9508, 0, 0, 75.6065, 50.46, 0, 0, 22.3032, 261.858, 68.6888, 0, 133.374, 10.5782, 0, 0, 351.973, 0, 0, 0, 435.193, 20.2546, 0.76078, 46.0942, 824.569, 8.33768, 224.877, 70.4148, 13.6032, 0, 0, 0, 95.1699, 1101.21, 59.6699, 47.229, 0, 0, 1128.12, 0, 0, 184.588, 0, 0, 0, 0, 163.435, 0, 306.971, 300.895, 0, 0, 57.7947, 89.832, 0, 0, 0, 224.954, 51.8456, 66.4373, 18.3479, 0, 0, 59.4825, 0, 36.2936, 57.6836, 41.942, 50.3807, 47.9826, 161.87, 289.189, 73.619, 319.972, 86.0154, 0, 70.7185, 12.8905, 0, 23.8111, 2.0903, 0, 53.1446, 168.383, 136.887, 6.2214, 0, 173.421, 23.3137, 0, 0, 20.3117, 0, 48.1044, 41.5338, 0, 42.2145, 0.196283, 62.9673, 0, 28.9421, 0, 178.786, 71.7472, 
n_nonzero: 153

Running time so far: 77.7625s

