n_tets: 144
relErr: 0.0642056
Selected tets: 19769, 26370, 25715, 13923, 23203, 22574, 27025, 9146, 28769, 8502, 10745, 18639, 29465, 21592, 5495, 3716, 21991, 3083, 27733, 23928, 27103, 20392, 19595, 9764, 18971, 27882, 12327, 19555, 5285, 18949, 4172, 29299, 13223, 12721, 6078, 28816, 1404, 7754, 12744, 9846, 27990, 17874, 19028, 20877, 10754, 1537, 27514, 15823, 14157, 4354, 2824, 27159, 29186, 9490, 11045, 23341, 5609, 15235, 8071, 20229, 22980, 8572, 21788, 12363, 2402, 10973, 27416, 2289, 22727, 22722, 24552, 18922, 4087, 17761, 18891, 14988, 18731, 20598, 17718, 1415, 6437, 815, 7470, 5543, 12533, 20058, 17875, 13200, 8254, 4561, 12186, 7344, 22465, 27460, 23148, 6472, 22767, 18168, 26850, 4090, 23238, 23021, 17148, 3607, 26409, 12910, 11066, 15696, 3086, 5783, 37, 15624, 11602, 6015, 18991, 13408, 7454, 29075, 19394, 3034, 12117, 21181, 17621, 5200, 21755, 1244, 5797, 32, 6497, 14451, 8691, 11659, 6548, 18733, 24134, 3867, 21930, 24583, 41, 25843, 19617, 2188, 21088, 20615, 
Weights: 1774.41, 1063.73, 1468.5, 0, 8.8304, 274.067, 0, 383.986, 790.152, 391.657, 104.71, 0, 0, 0, 332.621, 0, 0, 52.4438, 98.7567, 83.1465, 0, 0, 0, 161.809, 443.973, 0, 346.351, 109.215, 443.577, 410.755, 503.213, 132.318, 304.986, 0, 465.356, 0, 292.234, 676.072, 0, 200.74, 1430.65, 0, 0, 544.057, 445.025, 55.5149, 253.74, 0, 83.7457, 34.7346, 106.47, 556.438, 257.163, 347.791, 1286.75, 0, 0, 41.5011, 0, 62.0927, 328.016, 0, 0, 47.4089, 0, 0, 0, 57.9814, 0, 0, 0, 1521.87, 0.971216, 0, 0, 0, 156.365, 0, 0, 0, 0, 291.302, 353.885, 0, 0, 68.2676, 0.84357, 0, 0, 426.669, 513.496, 1.26543, 1347.99, 487.416, 42.6136, 320.985, 1440.5, 0, 0, 0.95624, 0, 0, 0, 230.712, 0, 886.602, 164.388, 228.333, 0, 0, 254.01, 42.5094, 0, 78.6948, 147.937, 0, 0, 281.238, 139.902, 104.819, 0, 13.8092, 936.036, 85.0325, 122.099, 78.6909, 1170.75, 35.3591, 67.8231, 38.0888, 215.16, 898.714, 628.341, 20.8257, 7.36237, 1576.33, 2.88124, 61.7633, 0, 107.77, 84.7994, 0, 0, 32.3866, 
n_nonzero: 90

Running time so far: 65.5484s

