n_tets: 143
relErr: 0.327441
Selected tets: 25446, 10248, 10457, 5073, 26400, 4188, 19208, 5490, 23752, 17764, 10396, 18093, 21116, 11022, 27637, 23835, 14036, 27024, 11116, 23742, 11381, 23364, 1381, 24972, 18601, 13926, 6043, 13318, 897, 22844, 15735, 3129, 16526, 3854, 4266, 10273, 4054, 17245, 7116, 23400, 25791, 2721, 15489, 6031, 5092, 7787, 27307, 28552, 4161, 10270, 5192, 8788, 17138, 13389, 21944, 22079, 16676, 23385, 11760, 13846, 17643, 17325, 11672, 22694, 9475, 15456, 4370, 768, 20704, 17529, 6474, 4846, 5565, 6278, 2593, 21998, 21795, 10679, 16158, 4676, 9945, 16454, 26415, 24946, 20654, 16473, 10380, 871, 13107, 19901, 6337, 9274, 22333, 26184, 20080, 18953, 17370, 6295, 19054, 11859, 18179, 12478, 18316, 27025, 24970, 9650, 1361, 1025, 22842, 24509, 10680, 20193, 19050, 5833, 26770, 5319, 15077, 27142, 17970, 17603, 5792, 12170, 7710, 27299, 27020, 15852, 13102, 12905, 4041, 12342, 5483, 7310, 9942, 8325, 11686, 7213, 8645, 5502, 16251, 5064, 18944, 26000, 17760, 
Weights: 0, 1566.47, 10.6374, 765.693, 6439.39, 261.951, 11.7694, 90.947, 3119.01, 0, 0, 452.656, 130.992, 14.0122, 0, 593.558, 0, 0, 0, 4967.62, 62.8567, 0, 0, 71.0507, 0, 0, 3.32256, 0.123644, 0, 7.58292, 0.452539, 0, 0.795623, 0, 466.457, 1894.03, 0.498526, 0, 0, 90.9479, 3.16883, 0, 312.411, 94.1328, 1.02916, 38.6063, 10.8388, 727.381, 3147.62, 0, 0, 0, 5.35759, 11.0004, 240.505, 779.584, 0, 0, 0, 0, 27.6949, 0, 475.576, 6823.99, 2580.67, 1.3104, 0, 326.16, 211.002, 1.47449, 0, 70.1459, 8.72967, 46.3734, 1416.5, 0, 9.33773, 8.68131, 52.9028, 0, 4.31408, 1633.07, 0, 32.5393, 16.8979, 236.252, 10.6338, 0, 5.19594, 387.346, 16.0796, 1.16353, 0, 0, 820.233, 2.07051, 0, 1.35811, 0, 0, 0.972337, 100.306, 35.9295, 0.963956, 6.01137, 1490.21, 0, 0, 1.05773, 1087.7, 73.9638, 109.993, 0, 275.349, 0.99629, 0, 417.682, 100.32, 0, 89.5895, 1.04616, 6.05182, 0, 0, 1.01802, 0, 0, 0, 0, 3090.92, 1.21791, 4477.09, 457.322, 0, 0, 1439.82, 4572.04, 408.1, 36.9469, 800.11, 0, 0, 8.51118, 
n_nonzero: 92

Running time so far: 42.4366s

