n_tets: 228
relErr: 0.182139
Selected tets: 12990, 2693, 1081, 13296, 29045, 55, 26069, 24777, 10112, 15775, 24597, 2844, 19576, 19124, 7979, 25032, 18631, 18394, 29312, 16154, 3112, 4458, 28064, 13752, 6155, 1757, 24381, 26954, 17568, 9447, 16999, 15160, 22523, 12427, 23888, 808, 18293, 11085, 21710, 5037, 28706, 24849, 3158, 1861, 26852, 6998, 22223, 17718, 23240, 13004, 29163, 18592, 21111, 17327, 2513, 26644, 26469, 9491, 19563, 18897, 21644, 14158, 19257, 32, 21177, 27885, 14912, 9834, 24152, 8911, 15257, 14184, 26771, 20202, 569, 1421, 81, 25792, 21740, 23859, 20246, 1885, 23608, 1141, 8463, 5287, 8599, 13200, 15779, 28779, 4481, 27112, 7344, 17765, 3052, 5285, 21881, 2808, 19236, 4425, 19523, 689, 28563, 17430, 1401, 13414, 10401, 12, 21536, 2164, 24585, 21119, 19905, 8878, 6015, 14305, 12269, 4838, 17328, 20236, 21868, 14509, 9883, 22851, 14811, 20334, 10372, 23174, 4089, 9537, 11876, 7944, 25381, 12565, 28071, 19262, 22036, 15773, 14687, 28832, 8746, 4118, 20165, 20615, 3666, 4852, 6435, 23188, 10851, 10690, 9179, 27752, 13879, 19233, 21931, 4698, 15778, 26197, 22990, 5353, 18733, 10258, 12134, 18497, 717, 13567, 10626, 14112, 4076, 9212, 21936, 14114, 15770, 29516, 19024, 23855, 4706, 28324, 28709, 22765, 3045, 20068, 23321, 2986, 11579, 10472, 20166, 9991, 6642, 11891, 21799, 24135, 2533, 6450, 2190, 1903, 25225, 944, 6419, 6878, 17980, 21691, 2217, 21729, 3387, 22233, 21807, 23778, 8947, 1351, 15905, 4242, 7413, 12085, 24583, 2261, 7311, 20111, 28958, 8233, 20494, 8062, 19504, 2859, 11969, 15057, 20056, 5412, 
Weights: 241.182, 616.554, 433.536, 117.141, 0, 0, 1130.95, 311.052, 648.467, 0.914542, 1623.87, 219.12, 52.9299, 33.943, 153.385, 240.834, 434.055, 0, 0.990599, 513.524, 1.11513, 680.197, 128.041, 0, 0, 345.806, 0, 852.199, 0, 226.741, 930.527, 283.345, 20.2464, 0, 30.4788, 1.26788, 701.447, 0, 8.77282, 0, 0, 19.6996, 167.964, 7.31196, 392.132, 128.13, 239.998, 0, 0, 139.879, 232.238, 168.547, 0, 0.764462, 217.932, 0, 1364.54, 32.4929, 0, 267.324, 0, 0, 187.242, 1.03591, 0.960642, 661.216, 0, 578.731, 0, 19.0028, 516.833, 67.9718, 35.3999, 303.899, 0.942447, 0.145864, 0.971503, 0, 219.592, 242.57, 0, 517.578, 123.527, 167.867, 181.216, 0, 106.102, 5.84139, 12.8017, 176.521, 24.3416, 3.55197, 20.0579, 0, 0, 1.51883, 0, 199.239, 0.716015, 41.527, 89.653, 27.4469, 261.115, 0, 550.611, 388.52, 0, 1.90136, 313.962, 0, 62.3052, 0, 85.5028, 576.937, 53.2395, 191.791, 204.248, 141.614, 0, 20.8224, 0, 24.5195, 0.813995, 159.011, 90.1204, 153.958, 0, 110.501, 2.09645, 61.1373, 238.721, 94.0783, 71.2406, 1.33198, 492.43, 0, 109.382, 0.801026, 438.465, 160.343, 131.494, 65.0442, 10.1829, 0.979735, 253.313, 1.34732, 1.10719, 234.701, 0, 325.677, 0, 436.1, 834.504, 0, 40.3158, 3.20942, 0.107393, 1012.7, 0, 76.3883, 179.955, 0, 95.8483, 0, 1.05657, 80.3272, 27.1156, 130.04, 113.018, 437.24, 22.1614, 181.119, 1.1591, 46.4557, 19.7108, 66.5596, 30.2662, 25.3527, 0, 356.408, 16.1787, 185.028, 0, 0, 163.746, 0, 1.02279, 35.0921, 0, 79.3566, 0.840677, 0, 175.079, 0, 11.9683, 6.88591, 0, 0, 1222.46, 43.5741, 137.658, 0.738437, 27.0669, 0, 0, 563.444, 288.109, 0, 45.6501, 261.254, 0, 153.434, 465.35, 351.273, 0, 31.6762, 0, 190.716, 222.162, 0, 164.351, 615.923, 78.411, 13.4959, 64.5033, 256.723, 84.3098, 160.479, 
n_nonzero: 172

Running time so far: 110.131s

