n_tets: 180
relErr: 0.363845
Selected tets: 646, 4859, 766, 5730, 6102, 5173, 2479, 5512, 6491, 2756, 5585, 4720, 5726, 4711, 2853, 536, 3953, 3924, 4232, 5053, 2737, 4569, 3380, 591, 3595, 1316, 4049, 943, 6702, 2401, 237, 5636, 4724, 769, 4082, 5093, 204, 4948, 1781, 441, 2597, 1573, 5823, 7446, 2416, 5442, 2694, 6551, 2668, 5345, 1776, 2660, 6342, 3414, 4546, 2849, 2928, 4458, 1736, 2463, 205, 7485, 6837, 2477, 2617, 1630, 6531, 3308, 90, 677, 4651, 2780, 4815, 489, 3792, 5229, 4522, 1944, 3985, 6470, 3786, 3734, 4241, 198, 7397, 5607, 2172, 896, 4694, 3201, 6934, 4729, 4384, 5356, 4943, 3317, 3814, 1099, 2022, 2371, 5946, 3566, 3901, 3670, 7226, 3876, 3012, 5170, 4133, 2975, 5086, 4483, 3174, 1359, 6400, 7420, 2838, 233, 7520, 1079, 3688, 6131, 380, 6126, 6896, 7325, 1587, 5799, 7195, 6802, 6466, 138, 6786, 3741, 4608, 598, 892, 4050, 5964, 4995, 577, 4094, 3367, 7046, 4292, 3954, 4931, 4967, 2303, 625, 5079, 2766, 3389, 3398, 2500, 4482, 7393, 2955, 3955, 2421, 375, 3749, 649, 4950, 5273, 7227, 3738, 356, 56, 1878, 2336, 555, 3126, 6822, 3220, 1842, 2672, 3787, 5491, 79, 
Weights: 366.743, 11377.3, 512.732, 0, 1087.1, 745.823, 139623, 2591.97, 40.9835, 3.12562, 67.9, 110.784, 10047.5, 0, 6.25312, 0, 6.38198, 0, 273.538, 11524.8, 1403.72, 57.395, 264.212, 130947, 88.7783, 69.0625, 0.106458, 0, 2238.04, 23.7619, 23193.2, 15558.5, 45.4068, 32775.8, 0, 0, 0, 1241.71, 1871.76, 588.486, 72487.4, 17.521, 0, 0, 88.2548, 14.537, 1713.87, 5830.89, 3.76981, 92.4083, 0, 157.668, 43.5798, 986.237, 568.028, 0, 0, 232.906, 1828.21, 0, 9.49706, 375.362, 35754.6, 756.902, 262.608, 0, 116419, 0, 107.774, 168355, 0.548702, 730.245, 9.68474e+06, 375.984, 3039.49, 127993, 17794.8, 0.144296, 23.6581, 0, 0, 0, 1899.46, 0.378948, 33080.2, 2066.94, 1817.32, 1726.03, 107.255, 911.733, 0, 97.0294, 900.892, 0, 122.065, 3.37642, 0, 10.7807, 40.3628, 18.9904, 0, 0, 799.498, 13800, 0, 2.70452, 17627.5, 8376.57, 21.53, 0, 180.841, 0.149899, 0, 30633.8, 758.941, 4014.35, 14.8199, 8559.98, 7.11821, 1585.69, 12311.3, 5479.39, 1795.12, 0, 0, 19.4498, 238.551, 0, 0, 967.806, 340.54, 0, 4535.82, 48332.8, 1.25017, 0, 2.03447, 0, 0, 0.324423, 0, 0, 2622.85, 0, 3.81701e+19, 31.7075, 2377.86, 51512.8, 413.176, 3.41586e+06, 32.4923, 2.48293, 271.824, 937.738, 0, 2091.66, 2127.09, 199.88, 11.5016, 0, 22.0523, 0, 16757.1, 156.54, 3496.76, 4.71299, 222.978, 11.6063, 0, 0, 0, 1.06341e+06, 269.206, 75.0571, 69.6199, 100.565, 341.13, 1765.92, 10.8632, 45.7154, 
n_nonzero: 136

