n_tets: 45
relErr: 0.397109
Selected tets: 646, 4859, 766, 5730, 6102, 5173, 2479, 5512, 6491, 2756, 5585, 4720, 5726, 4711, 2853, 536, 3953, 3924, 4232, 5053, 2737, 4569, 3380, 591, 3595, 1316, 4049, 943, 6702, 2401, 237, 5636, 4724, 769, 4082, 5093, 204, 4948, 1781, 441, 2597, 1573, 5823, 7446, 2416, 
Weights: 575.935, 13314.4, 1118.9, 6261.12, 1896.92, 941.749, 146607, 14911.5, 2.0499, 102.785, 442.747, 211.958, 0, 1206.7, 20.7072, 8375.64, 20.0268, 1234.47, 541.682, 34145.5, 246.751, 631.279, 137.723, 89442.4, 56.4106, 2.19359, 0.161691, 0, 6002.18, 167.491, 62569.5, 16348.4, 121.561, 3738.33, 6.80451, 5.78883, 30.7164, 4688.69, 2164.47, 456.631, 12073.6, 41.3967, 0, 0, 56.2212, 
n_nonzero: 41

