n_tets: 70
relErr: 0.230357
Selected tets: 99, 200, 141, 89, 164, 116, 93, 2, 77, 197, 63, 44, 194, 119, 185, 65, 18, 137, 145, 135, 169, 202, 186, 198, 172, 155, 25, 184, 138, 57, 189, 111, 146, 84, 123, 191, 118, 193, 127, 167, 69, 107, 86, 13, 187, 14, 0, 104, 142, 58, 67, 92, 201, 192, 72, 56, 122, 114, 61, 101, 153, 22, 102, 71, 130, 166, 183, 144, 113, 157, 
Weights: 12.7594, 1.51546, 6.23627, 1.00725, 32.759, 12.5669, 1.07807, 0, 1.01651, 1.42698, 1.14775, 0, 0.895803, 0.489168, 0.979344, 5.21525, 4.64469, 1.12539, 0, 20.0501, 5.10809, 1.95669, 1.1335, 1.12355, 9.22949, 0, 3.06933, 0, 0.446104, 1.09624, 3.7224, 1.32498, 9.816, 0, 3.0448, 3.57162, 7.98124, 0, 3.14063, 4.1789, 10.6282, 0, 5.0998, 0, 1.43438, 0, 0, 2.83236, 5.16238, 3.02803, 6.49315, 2.07069, 0, 2.63667, 28.4592, 2.56101, 9.74553, 0, 8.73635, 0.682067, 2.5897, 0, 11.0402, 11.6754, 13.9826, 54.904, 18.2983, 17.3259, 5.67492, 5.55199, 
n_nonzero: 56

