n_tets: 45
relErr: 0.386584
Selected tets: 995, 6736, 3302, 3987, 5864, 4070, 3730, 3440, 7494, 2193, 2122, 2261, 5764, 5142, 6166, 3572, 3695, 7454, 5135, 7320, 5016, 4455, 1016, 3762, 5387, 2352, 4049, 1000, 3179, 1735, 5789, 5372, 4724, 685, 5526, 1828, 6339, 5976, 264, 645, 5895, 5482, 3808, 1141, 1909, 
Weights: 872.004, 387.28, 125.48, 142.017, 198.458, 300.564, 465.418, 345.065, 225.239, 158.062, 264.151, 185.413, 80.8657, 622.508, 395.027, 322.885, 239.46, 222.787, 104.435, 0.922005, 0.522136, 0.547083, 2414.09, 202.767, 0, 1.07871, 1.82761, 24.2978, 195.808, 266.591, 170.176, 55.2353, 74.0548, 889.762, 263.144, 194.895, 0, 180.369, 120.296, 13.0063, 29.3939, 1.20858, 15.7364, 18.6214, 164.525, 
n_nonzero: 43

