n_tets: 60
relErr: 0.281481
Selected tets: 99, 141, 89, 93, 171, 185, 119, 186, 194, 133, 30, 145, 77, 137, 202, 57, 107, 167, 18, 13, 84, 3, 198, 138, 111, 168, 63, 0, 199, 39, 189, 34, 196, 14, 149, 72, 49, 70, 44, 95, 101, 22, 123, 200, 109, 166, 201, 71, 197, 193, 203, 135, 155, 118, 33, 61, 175, 92, 172, 146, 
Weights: 41.3723, 31.7951, 1.03, 1.0031, 0, 0.960654, 0.470159, 1.00241, 1.00556, 3.25943, 18.4692, 39.6002, 1.02977, 0.984703, 1.20906, 1.44365, 0.911295, 6.22323, 1.41117, 0, 1.0284, 18.8406, 0.812311, 0.240344, 1.15696, 27.8855, 1.18331, 0.188773, 0, 0, 2.45435, 0, 0, 0.392962, 0, 4.77719, 1.69823, 4.70683, 0.871178, 18.2723, 1.93199, 0, 2.94223, 0.608383, 2.40506, 38.8568, 0.153801, 14.1542, 0.250894, 2.6909, 0.877674, 34.6612, 1.53467, 4.09951, 41.549, 9.78659, 14.1988, 0.836719, 8.91751, 1.041, 
n_nonzero: 52

