n_tets: 42
relErr: 0.369974
Selected tets: 995, 6736, 3302, 3987, 3394, 5919, 5053, 3766, 4748, 2193, 2122, 6506, 5764, 1865, 4146, 1481, 7325, 7320, 3959, 6094, 983, 4455, 1823, 6731, 3811, 2352, 488, 6772, 7227, 66, 6257, 6007, 3897, 2837, 6381, 2097, 2003, 2113, 6822, 854, 5717, 2379, 
Weights: 947.658, 282.378, 323.902, 146.972, 115.476, 523.176, 116.333, 757.678, 433.514, 270.855, 122.297, 871.492, 75.6922, 221.604, 76.4242, 259.943, 0.998075, 0.918482, 141.563, 116.163, 169.154, 0.649692, 59.2764, 590.077, 122.395, 1.02141, 1.01501, 304.747, 16.231, 559.017, 56.9261, 111.942, 23.4739, 2.56762, 184.65, 1.13574, 1.00205, 147.781, 27.5264, 110.431, 0.946538, 1.36458, 
n_nonzero: 42

