n_tets: 165
relErr: 0.364977
Selected tets: 646, 4859, 766, 5730, 6102, 5173, 2479, 5512, 6491, 2756, 5585, 4720, 5726, 4711, 2853, 536, 3953, 3924, 4232, 5053, 2737, 4569, 3380, 591, 3595, 1316, 4049, 943, 6702, 2401, 237, 5636, 4724, 769, 4082, 5093, 204, 4948, 1781, 441, 2597, 1573, 5823, 7446, 2416, 5442, 2694, 6551, 2668, 5345, 1776, 2660, 6342, 3414, 4546, 2849, 2928, 4458, 1736, 2463, 205, 7485, 6837, 2477, 2617, 1630, 6531, 3308, 90, 677, 4651, 2780, 4815, 489, 3792, 5229, 4522, 1944, 3985, 6470, 3786, 3734, 4241, 198, 7397, 5607, 2172, 896, 4694, 3201, 6934, 4729, 4384, 5356, 4943, 3317, 3814, 1099, 2022, 2371, 5946, 3566, 3901, 3670, 7226, 3876, 3012, 5170, 4133, 2975, 5086, 4483, 3174, 1359, 6400, 7420, 2838, 233, 7520, 1079, 3688, 6131, 380, 6126, 6896, 7325, 1587, 5799, 7195, 6802, 6466, 138, 6786, 3741, 4608, 598, 892, 4050, 5964, 4995, 577, 4094, 3367, 7046, 4292, 3954, 4931, 4967, 2303, 625, 5079, 2766, 3389, 3398, 2500, 4482, 7393, 2955, 3955, 2421, 375, 3749, 649, 4950, 5273, 
Weights: 460.121, 8212.73, 723.644, 14901.7, 1002.01, 50.8072, 128445, 5086.3, 36.9853, 0, 3.99911, 69.2239, 717.628, 0, 2.60742, 0, 6.61398, 191.16, 329.317, 11728.2, 2629.11, 246.655, 234.375, 0, 105.33, 61.1037, 0.108081, 101.231, 3115.83, 57.9961, 25630.6, 10033, 18.0516, 39574, 36.7582, 0, 2.33002, 1603.37, 1878.51, 416.794, 92229.7, 60.5494, 0, 0, 49.1675, 14.5343, 1947.98, 6138.67, 2.89692, 91.7015, 0, 118.125, 45.1252, 0, 456.237, 0, 103.439, 261.296, 2165.82, 0, 9.5489, 369.755, 2648.03, 279.27, 0, 0, 155054, 0, 147.386, 245489, 0.286557, 182.444, 7.46175e+06, 201.87, 2476.89, 64289.5, 9975.36, 0.00631671, 20.882, 0, 0, 0, 0, 0.544011, 22874.4, 1360.07, 1134.32, 1279.44, 41.8599, 953.787, 4303.06, 16.4109, 140.233, 0, 75.3943, 3.2634, 72.8433, 13.1701, 56.897, 395.618, 909.458, 0, 437.307, 18413, 0, 2.72023, 5772.35, 8500.04, 0, 0, 194.674, 0.141695, 1665.61, 32925.8, 266.487, 3901.78, 13.4372, 14057.4, 9.61633, 2920.85, 0, 5258.05, 2271.39, 0, 158.772, 19.3631, 0, 0, 24934.8, 1275.3, 155.444, 571969, 4549.04, 22533.1, 117.148, 2157.38, 174.807, 0, 0, 2.10164, 0, 0, 2594.42, 17.3306, 3.83985e+19, 32.0856, 0, 2147.88, 477.499, 3.85542e+06, 28.8478, 0, 81.748, 919.162, 4.48588, 647.907, 1266.96, 264.516, 11.7075, 0, 0, 2969.19, 16029.4, 0, 3476.76, 
n_nonzero: 129

