n_tets: 250
relErr: 0.277478
Selected tets: 1842, 1597, 1136, 1224, 452, 822, 1277, 1021, 1856, 1431, 1326, 1875, 1870, 1851, 345, 1428, 475, 146, 405, 1311, 292, 520, 1854, 1332, 427, 731, 489, 1198, 50, 262, 363, 252, 1206, 955, 462, 435, 59, 874, 21, 246, 1652, 1143, 1790, 593, 559, 1457, 1627, 880, 849, 30, 1051, 455, 619, 281, 1638, 1583, 1341, 1102, 1503, 1210, 108, 504, 1159, 238, 682, 1427, 848, 5, 1194, 536, 529, 697, 881, 840, 1454, 1977, 1319, 638, 609, 1490, 1446, 502, 1578, 1868, 1761, 1628, 1351, 305, 447, 1392, 534, 1535, 198, 1032, 853, 1775, 949, 432, 36, 1926, 1119, 324, 1932, 595, 122, 1515, 1779, 753, 767, 1544, 1370, 1197, 1157, 1566, 1005, 1417, 732, 573, 235, 975, 838, 1462, 1009, 105, 918, 13, 1442, 329, 623, 921, 780, 1233, 808, 1883, 1852, 1873, 1642, 540, 199, 380, 1534, 1613, 960, 899, 1393, 1742, 1359, 1044, 1396, 53, 631, 625, 932, 1018, 634, 1376, 75, 812, 89, 334, 260, 839, 1867, 1251, 60, 1855, 201, 1675, 1343, 1440, 615, 1862, 580, 1364, 789, 1911, 2, 1016, 482, 488, 337, 1629, 1452, 40, 38, 1, 589, 440, 503, 1436, 1853, 1928, 721, 944, 856, 1796, 385, 1866, 1784, 1238, 911, 29, 232, 950, 643, 630, 16, 1550, 1549, 1239, 1532, 1934, 726, 535, 1403, 1375, 449, 1296, 1267, 1366, 1571, 113, 1871, 381, 893, 1676, 456, 49, 234, 1274, 72, 88, 1003, 585, 605, 509, 720, 810, 95, 894, 352, 1501, 81, 668, 1608, 1280, 1434, 772, 1000, 215, 
Weights: 14.4039, 164.697, 223.018, 0.941728, 0.660619, 1.00489, 40.0562, 1.00188, 0.98128, 0.94547, 185.316, 1.00334, 0.943812, 2.67531, 2.13897, 0.973822, 1.07797, 1.52128, 0.988881, 0.896172, 9.54343, 1.08367, 1.10053, 0.931796, 0.963465, 1.98214, 0.830823, 0.998716, 1.02806, 0.994608, 1.50458, 1.05044, 1.00884, 0.680929, 0.976181, 0.979912, 1.00208, 0.930021, 0.498595, 0.962687, 217.59, 0.985805, 0, 4.31034, 2.14146, 3.28557, 1.00282, 2.36397, 0.404739, 0.907363, 1.0104, 1.0015, 1.02576, 1.00247, 0.978287, 1.06211, 0.99545, 0.978027, 1.11938, 1.27721, 0.941824, 1.15801, 0.985736, 0.95708, 0.983576, 0.810541, 3.49604, 0.9251, 1.01253, 1.0498, 1.00119, 1.19307, 1.06403, 1.1544, 1.06782, 1.08674, 1.27774, 0.994428, 1.0048, 1.04473, 46.1345, 0.998803, 0.444904, 0.995894, 1.04812, 0.90267, 7.75131, 1.04715, 0, 0.975375, 1.00461, 1.00317, 1.16397, 1.03863, 40.9672, 0.984382, 1.25334, 0.9672, 1.80542, 0.109009, 0.891059, 1.02263, 4.57383, 66.4878, 6.10423, 2.02823, 1.07302, 0.927425, 0.98307, 0.957423, 2.28754, 3.33717, 0, 0.982392, 0.963202, 1.01702, 2.53651, 0.965221, 229.922, 31.2761, 1.07305, 33.6682, 1.01546, 6.03575, 0.778707, 0.174634, 1.15754, 1.14498, 0.914498, 1.591, 0.774223, 1.11997, 40.6063, 1.2773, 0.986808, 1.07249, 1.01734, 1.04767, 0.999026, 0, 0.993291, 0.835431, 6.57341, 0.99707, 0.998081, 0.625955, 0.952031, 1.01539, 1.01197, 1.27326, 0.915351, 1.00415, 1.04521, 1.47066, 1.12365, 0.0718633, 91.6508, 67.3508, 1.3597, 1.01047, 0.967945, 1.0009, 0.932679, 14.5118, 0.984578, 0.934152, 23.6847, 0, 2.37182, 0.546739, 0.976791, 110.547, 1.03762, 0.689776, 0.939872, 3.94227, 0.944052, 31.8883, 0.937019, 1.06147, 1.07008, 0.921015, 0, 0.986067, 0.565284, 1.20907, 1.07773, 24.0581, 5.22771, 0, 0.887443, 29.8176, 0, 9.79431, 0.980678, 0.897925, 0.472449, 0.402516, 217.854, 2.53959, 1.08801, 1.04497, 0.718021, 1.02674, 1.23995, 0, 2.70904, 197.481, 0.257173, 0.842855, 5.53828, 36.296, 1.04236, 0.57795, 0.832728, 0, 1.11317, 0.454514, 5.50814, 1.88553, 1.21574, 0.584017, 0.911443, 1.01059, 0.588894, 7.36296, 0.433908, 1.03939, 1.00436, 0.854393, 0.980324, 0.953305, 0.805613, 0.501081, 13.4735, 0.996829, 1.1321, 1.62043, 2.82749, 0.944338, 0.972353, 0.927068, 1.2041, 0.987431, 0.622057, 15.408, 1.10547, 0.904168, 2.51033, 0, 
n_nonzero: 239

