n_tets: 56
relErr: 0.330491
Selected tets: 995, 6736, 3302, 3987, 3394, 5919, 5053, 3766, 4748, 2193, 2122, 6506, 5764, 1865, 4146, 1481, 7325, 7320, 3959, 6094, 983, 4455, 1823, 6731, 3811, 2352, 488, 6772, 7227, 66, 6257, 6007, 3897, 2837, 6381, 2097, 2003, 2113, 6822, 854, 5717, 2379, 5482, 929, 4260, 5442, 5647, 3953, 7480, 3285, 2645, 3423, 7447, 205, 7291, 3554, 
Weights: 935.774, 248.346, 226.006, 164.045, 181.961, 489.682, 111.245, 758.743, 391.536, 95.5023, 193.423, 854.933, 63.9881, 176.171, 54.2936, 223.734, 1.08212, 0.927047, 82.7334, 100.378, 157.808, 0.683815, 0, 623.831, 124.39, 1.03627, 1.02315, 260.049, 16.2024, 213.317, 33.6295, 109.393, 22.0159, 1.80005, 332.699, 1.05789, 1.00925, 110.796, 26.1202, 194.348, 1.06426, 1.3705, 1.1758, 0.981503, 274.292, 0.964929, 1.00001, 2.65174, 0.731614, 0.99574, 359.988, 318.656, 0.924291, 0.941167, 40.2805, 5.08968, 
n_nonzero: 55

