n_tets: 6
relErr: 0.435144
Selected tets: 99, 89, 141, 93, 171, 185, 
Weights: 72.6071, 1.03951, 80.9446, 0.995916, 227.805, 0.91676, 
n_nonzero: 6

