n_tets: 56
relErr: 0.0692418
Selected tets: 29127, 663, 19334, 2539, 17312, 25934, 6233, 15770, 23150, 23393, 21534, 19440, 9499, 12040, 9900, 8286, 14089, 5132, 29637, 16013, 9885, 6439, 27103, 1556, 11950, 19167, 26536, 17860, 2187, 12207, 13680, 29504, 14520, 12427, 5898, 3575, 24294, 4103, 1539, 9627, 13058, 17874, 21181, 14917, 6858, 15734, 15047, 8963, 4109, 22990, 12018, 8391, 13923, 11980, 10161, 1221, 
Weights: 2885.58, 4739.66, 324.147, 449.701, 0, 808.071, 945.338, 0, 222.27, 0, 0, 0, 0, 0, 183.285, 2202.81, 489.37, 678.08, 446.651, 1072.56, 2721.79, 442.907, 0, 633.695, 0, 0, 0, 0, 530.185, 416.534, 646.179, 926.106, 0, 0, 1118.75, 457.757, 962.243, 210.32, 165.744, 529.364, 0, 167.543, 85.6705, 774.731, 350.979, 2527.09, 2156.17, 0.707604, 0, 23879.3, 336.434, 353.441, 0, 0, 1812.47, 255.198, 
n_nonzero: 38

Running time so far: 33.9717s

