n_tets: 306
relErr: 0.130203
Selected tets: 11653, 17340, 29124, 23576, 14512, 19181, 26439, 14755, 7643, 20581, 27376, 9208, 22436, 17370, 29530, 12686, 9765, 5093, 27829, 5223, 10587, 2282, 28753, 4945, 11956, 10685, 27251, 12253, 14924, 23185, 4460, 21799, 19166, 25112, 6928, 19480, 3092, 14022, 13107, 26027, 22837, 24849, 10400, 3918, 14873, 8521, 25376, 16928, 21411, 12601, 15774, 17871, 16874, 12159, 211, 14017, 13163, 9065, 1531, 2956, 17173, 3391, 5773, 4144, 21586, 2015, 4242, 10516, 3130, 9781, 17745, 21040, 4087, 6192, 18687, 12445, 18806, 18181, 18118, 29685, 25223, 29272, 14235, 13331, 14252, 7433, 4876, 27465, 26924, 24111, 15127, 12545, 1301, 12638, 17226, 27963, 13006, 8509, 4076, 4090, 17307, 29291, 13065, 25831, 13257, 13249, 11066, 17692, 8294, 22721, 58, 16989, 21930, 4862, 19164, 12648, 19562, 21931, 13189, 17545, 21566, 26415, 4158, 3086, 11038, 3042, 25613, 20749, 6798, 3708, 13372, 7471, 1543, 28971, 27681, 20835, 17875, 24336, 41, 6697, 6692, 13255, 24075, 4099, 2562, 1210, 2438, 4138, 5887, 20612, 28775, 29564, 9209, 19028, 18599, 26770, 14870, 2871, 8964, 23758, 2988, 15131, 18547, 25219, 3468, 12293, 2092, 9272, 13333, 7319, 3212, 7494, 24074, 25468, 22122, 4379, 247, 6064, 4978, 10886, 1939, 13594, 21540, 14869, 3129, 14108, 8963, 12795, 29093, 5006, 19188, 10087, 8534, 2248, 27931, 2446, 25795, 18900, 8653, 14943, 2812, 2217, 29296, 28782, 9559, 21178, 14879, 23894, 5282, 2822, 25722, 12930, 20491, 21116, 12983, 19992, 13827, 21708, 28958, 22121, 6263, 19404, 22329, 6814, 8573, 20234, 23818, 19328, 18177, 5968, 6880, 12045, 8298, 26308, 5523, 3844, 14012, 17228, 22549, 5417, 1089, 13268, 20166, 9028, 14082, 17803, 23957, 9103, 12580, 11286, 4089, 17783, 10398, 9770, 8898, 26851, 12458, 3704, 12429, 23889, 21585, 15058, 22223, 4268, 25935, 21521, 29497, 17787, 19071, 29269, 14269, 12395, 21236, 19231, 10217, 7849, 12474, 23614, 1895, 28185, 8462, 7228, 24113, 15098, 12330, 1493, 10891, 6287, 18809, 29432, 1143, 28821, 28722, 5269, 4550, 18203, 4038, 7142, 19171, 21288, 29270, 12040, 2074, 29526, 5629, 14942, 
Weights: 0, 204.118, 106.267, 0, 0, 195.927, 0, 0, 0, 3.82739, 0, 1.05409, 0, 108.158, 0, 0, 0, 0, 1.94821, 0, 0, 0, 0, 1.55669, 0.594444, 0, 1.00104, 0, 0, 0, 0, 0.944436, 0.968447, 33.4693, 0, 0, 0, 0, 0, 0, 0, 0, 0.98, 701.162, 604.257, 0.541323, 0, 0, 62.2443, 8.05566, 0, 0, 0, 0, 1.06574, 1020.72, 0, 0, 116.093, 289.257, 0, 0, 0, 0, 0.867498, 2722.99, 0.742587, 35.8746, 217.528, 0, 0, 0.584989, 0.95394, 343.608, 747.614, 0, 0, 1.21192, 1.4856, 0, 19.4265, 2.32028, 0, 1.12547, 4.25715, 0, 0, 298.553, 0, 32.5626, 44.0721, 0, 329.049, 0, 0, 0, 1.59557, 137.428, 382.14, 0.965851, 0, 0.325797, 0.993047, 11147.1, 0, 127.664, 0, 0, 0.0790929, 0.00238371, 0, 224.405, 0, 2611, 1.23775, 0, 2.82535, 0, 0, 0, 48.6421, 0, 0, 0, 0, 0.771401, 0, 121.579, 0, 0, 1927.65, 5.4455, 0.864307, 0, 461.373, 0, 1.0074, 0, 0, 0, 2.90632, 0, 0, 0.876214, 0.662294, 0, 0, 0, 0, 0, 20.361, 1.05025, 1.025, 1.24443, 0, 0, 0.910096, 903.049, 8.99629, 0, 1.26969, 530.254, 3.13272, 0, 0, 0, 0, 0, 0.929483, 0, 0, 975.046, 2.55316, 621.925, 13.0051, 438.007, 0, 0.826307, 0, 0, 0.997186, 0, 0, 0.90089, 175.648, 0, 0.274343, 1.01514, 3952.78, 19.7571, 921.818, 0, 2.57395, 0.227804, 0, 0, 0, 1.50281, 39.2176, 0.986474, 11.5025, 0, 0, 1.39767, 1.00923, 1.0315, 0, 1.45801, 0, 0, 7.23573, 0, 0, 0, 4.9802, 0, 0, 363.711, 0, 59.5643, 1.1301, 0, 1402.94, 290.673, 0, 0, 0, 0, 3.46401, 53.7598, 0, 2.19839, 35.2143, 0, 1.14625, 409.898, 0, 0, 0, 0, 0.794755, 0, 0, 0, 0, 430.897, 0.48491, 13.7183, 0, 542.999, 0.974754, 0, 0.892103, 0, 0, 0, 0, 259.408, 0.940051, 56.1644, 1.00295, 136.856, 12.7485, 73.3343, 0.99266, 231.143, 0, 0, 0, 0, 2.79905, 243.79, 0, 0, 0, 1285.33, 0.830627, 0, 308.844, 0, 0, 255.209, 5.08278, 0, 0, 0, 637.641, 0, 0.963403, 0, 0, 246.466, 148.547, 335.661, 106.091, 0, 16.673, 0, 0, 1954.37, 0.886363, 0, 0, 0, 99.3547, 1.04268, 
n_nonzero: 149

Running time so far: 554.068s

