n_tets: 50
relErr: 0.64804
Selected tets: 1842, 1597, 1136, 1224, 452, 822, 1277, 1021, 1856, 1431, 1326, 1875, 1870, 1851, 345, 1428, 475, 146, 405, 1311, 292, 520, 1854, 1332, 427, 731, 489, 1198, 50, 262, 363, 252, 1206, 955, 462, 435, 59, 874, 21, 246, 1652, 1143, 1790, 593, 559, 1457, 1627, 880, 849, 30, 
Weights: 364.644, 232.846, 833.193, 0.438007, 1.13256, 0.219031, 115.363, 1.08424, 0.897529, 1.03032, 358.252, 0.999596, 2.29414, 12.3014, 1.66593, 1.36961, 1.09739, 0.708065, 0.942351, 0.923869, 16.5695, 0.933323, 1.20744, 0.753516, 0.906558, 1.84283, 0.862792, 1.00388, 1.18812, 0.932714, 1.45202, 1.48301, 1.00664, 0.935725, 0.994144, 0.959933, 1.0621, 0.985499, 0.697578, 1.06893, 367.536, 0.968572, 191.801, 4.31574, 0, 17.1535, 1.16166, 2.40084, 1.05655, 0.679923, 
n_nonzero: 49

