n_tets: 60
relErr: 0.378001
Selected tets: 995, 4859, 3302, 1369, 524, 2701, 7267, 6313, 6491, 2724, 3266, 3596, 1063, 1252, 827, 6733, 7325, 7320, 3294, 5053, 5016, 4455, 1823, 105, 955, 2352, 918, 4146, 2631, 2959, 237, 819, 7394, 522, 2634, 2097, 6339, 5879, 1781, 4578, 5895, 729, 3112, 6564, 2567, 5442, 7480, 5585, 3237, 5647, 3425, 4410, 2329, 5934, 451, 6547, 1818, 2668, 6815, 2607, 
Weights: 1042.67, 389.159, 401.643, 439.828, 527.348, 717.081, 1044.07, 161.149, 106.817, 196.32, 259.31, 277.002, 159.191, 95.727, 0, 662.103, 0.0996678, 0.915525, 314.72, 215.538, 0.469027, 0.535022, 205.254, 690.802, 148.97, 1.05108, 27.5791, 60.1639, 93.0936, 237.307, 23.3091, 75.4354, 109.547, 321.371, 84.3616, 1.15453, 0, 139.565, 24.3139, 697.582, 63.2801, 254.168, 122.419, 54.675, 19.4791, 0.927149, 0.598456, 68.713, 33.6042, 1.0201, 140.938, 19.7535, 0, 20.0842, 6.34266, 119.608, 0, 1.47057, 0, 33.3433, 
n_nonzero: 55

