n_tets: 247
relErr: 0.277327
Selected tets: 25446, 10248, 10457, 5073, 26400, 4188, 19208, 5490, 23752, 17764, 10396, 18093, 21116, 11022, 27637, 23835, 14036, 27024, 11116, 23742, 11381, 23364, 1381, 24972, 18601, 13926, 6043, 13318, 897, 22844, 15735, 3129, 16526, 3854, 4266, 10273, 4054, 17245, 7116, 23400, 25791, 2721, 15489, 6031, 5092, 7787, 27307, 28552, 4161, 10270, 5192, 8788, 17138, 13389, 21944, 22079, 16676, 23385, 11760, 13846, 17643, 17325, 11672, 22694, 9475, 15456, 4370, 768, 20704, 17529, 6474, 4846, 5565, 6278, 2593, 21998, 21795, 10679, 16158, 4676, 9945, 16454, 26415, 24946, 20654, 16473, 10380, 871, 13107, 19901, 6337, 9274, 22333, 26184, 20080, 18953, 17370, 6295, 19054, 11859, 18179, 12478, 18316, 27025, 24970, 9650, 1361, 1025, 22842, 24509, 10680, 20193, 19050, 5833, 26770, 5319, 15077, 27142, 17970, 17603, 5792, 12170, 7710, 27299, 27020, 15852, 13102, 12905, 4041, 12342, 5483, 7310, 9942, 8325, 11686, 7213, 8645, 5502, 16251, 5064, 18944, 26000, 17760, 23552, 12437, 22680, 27699, 22428, 11860, 8995, 26801, 4371, 11959, 23365, 24430, 10864, 15049, 8914, 17259, 21483, 9019, 24646, 8009, 14739, 14294, 4935, 9356, 26859, 14407, 27580, 13227, 25886, 22963, 14225, 17414, 4871, 9471, 25663, 25362, 25937, 1612, 28620, 9001, 16340, 16589, 22737, 10652, 10114, 3724, 14483, 5658, 3427, 15313, 12070, 16012, 21901, 14452, 22201, 4869, 13834, 13237, 27501, 4138, 4061, 17969, 4324, 3013, 5051, 576, 28445, 7448, 25267, 20686, 19058, 4254, 3856, 23442, 16255, 27116, 28444, 20042, 18948, 6368, 9502, 28308, 16281, 21676, 25180, 13345, 7235, 27961, 7174, 7940, 11641, 19856, 18916, 13240, 1465, 16173, 443, 23363, 24725, 25286, 12264, 8050, 23731, 5066, 
Weights: 0, 0, 12.0032, 567.369, 0, 311.938, 11.1342, 622.155, 1721.56, 0, 0, 424.355, 350.606, 18.2878, 0, 658.488, 0, 0, 0, 0, 7.97035, 0, 0, 39.7977, 0, 0, 3.93389, 0, 0, 7.50895, 0.419542, 0, 0.794207, 36.532, 706.224, 454.022, 1.88627, 0, 0, 85.263, 2.47262, 0, 0, 0, 1.05462, 26.281, 9.19118, 457.978, 1829.03, 0, 1.68012, 0, 6.88778, 18.1563, 0, 0, 0, 0, 128.348, 0, 29.9559, 4989.19, 71.5944, 5311.96, 2391.98, 1.33702, 0, 351.636, 0, 12.3127, 0, 65.1292, 9.15995, 44.6987, 0, 0, 26.9131, 5.96872, 45.6729, 0.464169, 4.97749, 696.52, 0, 29.7342, 15.2729, 393.844, 0, 0, 5.45488, 373.294, 17.6223, 1.16186, 0, 0.053254, 705.942, 1.95493, 0, 1.65222, 0, 1.53153, 0.979771, 109.824, 47.3694, 0.903618, 6.99969, 871.99, 72.2076, 0, 1.08538, 1573.57, 16.1582, 0, 0, 140.992, 0.983978, 199.737, 561.224, 100.43, 0, 289.783, 0.619363, 0.728933, 0, 8.08706, 1.99374, 0, 0, 0, 0, 2542.61, 1.18357, 3405.76, 366.679, 0, 2.30848, 1527.48, 2011.44, 749.589, 77.4676, 1405.94, 0, 0, 7.97613, 188.363, 0, 16.1203, 0, 1.01128, 62.4821, 0.0387805, 0, 0, 1.4382, 0, 0, 0, 0.9964, 0.483149, 0.297431, 7.12058, 0, 0, 0, 7.21675, 0, 24.8745, 0, 5.82337, 0, 179.95, 0, 500.951, 0, 3.89593, 10.3257, 63.2805, 56.6781, 10.5006, 0, 0, 636.185, 197.861, 0.990593, 6649.71, 39.7686, 0.611506, 0, 0, 77.2282, 0, 0, 213.287, 179.355, 0, 0, 7.97588, 0, 0, 16.7733, 1.00581, 0, 363.627, 0, 0, 0, 0, 0, 0, 2.75629, 0, 0, 0.0694573, 18.4647, 0, 366.011, 0, 40.5883, 58.0542, 0, 2.34171, 5912.18, 55.5415, 0, 0, 0.467615, 17.2503, 0, 0, 3.82962, 0, 0, 4439.8, 501.844, 108.669, 140.459, 543.903, 0, 0, 0, 7.31808, 0, 0, 3072.87, 0, 0, 0, 7.43862, 
n_nonzero: 144

Running time so far: 85.6066s

