n_tets: 120
relErr: 0.00263684
Selected tets: 235796, 269544, 362937, 298539, 381300, 26069, 233619, 388822, 143254, 29257, 129749, 245011, 429667, 245127, 3631, 8706, 280852, 350808, 187116, 150871, 102239, 205157, 23989, 213606, 376047, 363265, 311537, 163244, 206903, 416957, 13780, 160206, 136949, 301704, 377338, 139005, 405237, 161679, 288456, 291655, 315929, 21584, 106379, 134563, 69093, 412289, 126150, 397111, 346140, 248178, 8314, 30348, 401752, 184484, 251881, 160381, 155049, 420840, 229484, 204986, 419364, 397751, 312336, 307422, 371087, 385296, 298875, 300477, 418362, 156640, 115018, 234799, 33298, 113831, 267589, 85015, 57153, 345250, 81311, 263552, 265880, 313697, 278252, 131980, 235486, 143266, 314130, 414915, 91544, 312802, 56878, 285369, 373908, 62244, 420700, 229489, 331355, 114000, 281090, 211588, 282487, 159429, 418158, 29767, 381558, 81782, 373237, 347967, 284712, 346055, 409759, 305174, 290461, 189807, 275538, 83557, 145765, 111736, 198232, 212437, 
Weights: 8769.58, 2383.93, 0, 0, 382.11, 2425.84, 352.358, 494.14, 0, 0, 142.906, 428.753, 0, 248.302, 0, 342.805, 0, 624.575, 1631.31, 2299.73, 1635.29, 0, 794.831, 287.958, 155.475, 1434.89, 0, 2221.08, 1424.98, 280.942, 0, 0, 894.505, 3830.08, 1579.78, 1852.53, 9038.51, 0, 531.358, 0, 4888.17, 701.726, 0, 623.912, 45.9861, 2854.58, 717.037, 411.475, 9585.23, 0, 986.942, 0, 537.953, 0, 41571.2, 1128.51, 0, 0, 0, 0, 6513.59, 0, 169.63, 931.353, 0, 0, 935.117, 2088.19, 0, 768716, 0, 892.802, 792.259, 3286.56, 6019.16, 607.728, 565.675, 316.364, 0, 2476.49, 259.716, 0, 9456.16, 1273.96, 426.762, 172.518, 5591.87, 2823.49, 0, 3006.44, 36816.8, 0, 23954.3, 263948, 4787.58, 428.466, 8842.86, 533.737, 105.629, 0, 0, 0, 991.734, 730.81, 0, 0, 0, 50521.5, 777.06, 609.432, 20950, 0, 395.993, 5360.2, 30934.5, 1.14012e+06, 649.477, 47.1683, 24118.5, 124.128, 
n_nonzero: 83

Running time so far: 194.181s

