n_tets: 165
relErr: 0.0598582
Selected tets: 13986, 9874, 28312, 13284, 1214, 27342, 6233, 24777, 25350, 11692, 1312, 15251, 11970, 6638, 15836, 26177, 12232, 22738, 4998, 19909, 19835, 19799, 18800, 1088, 9388, 8792, 10521, 18579, 21869, 15721, 6623, 9788, 186, 26553, 20056, 12458, 20950, 21067, 20597, 24495, 27104, 6222, 215, 3129, 4136, 8521, 23166, 15194, 25355, 2064, 2824, 7633, 5419, 1906, 17492, 17558, 1541, 191, 20393, 11877, 24089, 7382, 27757, 10960, 21177, 9228, 11678, 14312, 13939, 5052, 4979, 13407, 22993, 20059, 21061, 17591, 18961, 24762, 19733, 8776, 21175, 19188, 4395, 18922, 17562, 8507, 21683, 13200, 21730, 7716, 4176, 16017, 12656, 29389, 2291, 10248, 22502, 16225, 24080, 4511, 10807, 9106, 23911, 9840, 25841, 5362, 28931, 256, 3857, 23843, 15303, 24964, 723, 22646, 3114, 1210, 24852, 29425, 6932, 14520, 11434, 21181, 12534, 293, 21755, 22435, 17221, 17785, 14797, 29482, 22609, 8294, 19923, 11702, 19083, 26436, 2840, 8550, 18423, 21044, 4142, 2781, 19575, 15904, 1539, 2282, 5816, 8298, 21427, 24205, 14012, 14015, 4153, 22113, 17390, 24144, 23891, 4489, 21777, 23887, 19517, 7318, 6878, 15772, 9748, 
Weights: 369.864, 0, 790.658, 39.248, 0, 527.847, 520.289, 2083.01, 553.913, 0, 1515.15, 0, 0, 0, 189.064, 398.846, 59.9099, 0, 196.545, 44.6538, 28.5383, 47.0506, 0, 0, 0, 324.258, 52.4873, 66.4722, 0, 961.464, 0, 271.802, 0, 176.378, 6.30909, 0, 1074.15, 0, 24.7199, 557.586, 0, 616.443, 0, 0, 8.06788, 146.611, 116.314, 791.947, 506.553, 41.8681, 60.5984, 437.241, 240.095, 150.262, 0, 262.964, 0, 0, 0, 275.17, 0, 239.477, 254.777, 0.17682, 1.66543, 0, 173.821, 52.0104, 0, 0, 0, 220.213, 72.9814, 263.529, 2454.75, 28.9736, 455.442, 617.373, 5.28435, 0, 0, 365.5, 24.8045, 383.67, 1088.08, 95.7221, 133.686, 16.6053, 221.88, 0, 0, 487.896, 436.05, 1.66953, 0, 786.056, 0, 294.734, 29.3319, 1178.38, 3.4282, 1379.37, 342.573, 222.379, 0, 1070.65, 274.243, 32.4911, 212.487, 387.225, 207.767, 0, 0, 149.317, 0, 0, 0, 1208.95, 0, 348.999, 137.091, 20.8971, 122.043, 147.695, 19.4283, 1203.52, 97.1125, 0, 441.351, 0, 59.6481, 0, 132.698, 81.5221, 119.008, 0, 127.484, 1.85577, 476.851, 0, 6.47287, 174.969, 51.8968, 546.795, 174.693, 0, 529.487, 264.929, 579.091, 102.128, 0, 11.6684, 56.418, 12.6794, 0.62973, 74.3528, 13.1459, 348.853, 61.6145, 48.3221, 21.117, 38.3804, 0, 13.082, 96.2998, 
n_nonzero: 117

Running time so far: 36.921s

