n_tets: 90
relErr: 0.156567
Selected tets: 11653, 17340, 29124, 23576, 14512, 19181, 26439, 14755, 7643, 20581, 27376, 9208, 22436, 17370, 29530, 12686, 9765, 5093, 27829, 5223, 10587, 2282, 28753, 4945, 11956, 10685, 27251, 12253, 14924, 23185, 4460, 21799, 19166, 25112, 6928, 19480, 3092, 14022, 13107, 26027, 22837, 24849, 10400, 3918, 14873, 8521, 25376, 16928, 21411, 12601, 15774, 17871, 16874, 12159, 211, 14017, 13163, 9065, 1531, 2956, 17173, 3391, 5773, 4144, 21586, 2015, 4242, 10516, 3130, 9781, 17745, 21040, 4087, 6192, 18687, 12445, 18806, 18181, 18118, 29685, 25223, 29272, 14235, 13331, 14252, 7433, 4876, 27465, 26924, 24111, 
Weights: 2284.37, 2041.68, 0, 0, 0, 0, 0, 0, 0, 4.09407, 356.622, 1.11746, 1824.8, 1548.11, 0.563875, 1726.65, 611.904, 250.857, 1.9214, 191.281, 2493.42, 0, 0, 1.46754, 1.5481, 361.217, 0.998892, 1895.73, 306.117, 0, 0, 1.1931, 0.962603, 29.0698, 0, 25.5488, 93.1194, 272.739, 0, 0, 0, 40.6637, 0.973552, 607.628, 130.02, 0.454358, 0, 1508.8, 16.0492, 2.06483, 0, 0, 1284.89, 562.858, 1.03632, 1231.78, 438.377, 236.634, 1401.29, 967.883, 0, 0, 0, 2057.9, 0.702311, 1101.71, 0.713503, 382.874, 1806.59, 0, 573.313, 0.494119, 0.963195, 2110.43, 478.591, 0, 0, 1.22082, 1.49919, 0, 74.8784, 2.13826, 135.675, 1.13419, 4.07379, 279.046, 16.22, 197.492, 0, 33.2357, 
n_nonzero: 64

Running time so far: 136.902s

