n_tets: 12
relErr: 0.204929
Selected tets: 11653, 17340, 29124, 23576, 14512, 19181, 26439, 14755, 7643, 20581, 27376, 9208, 
Weights: 5488.52, 6012.5, 2770.29, 89.9783, 6304.11, 5717.46, 50617.5, 0, 2.27344, 6.81432, 1295.97, 1.09655, 
n_nonzero: 11

Running time so far: 29.1597s

