n_tets: 225
relErr: 0.31502
Selected tets: 995, 4859, 3302, 1369, 524, 2701, 7267, 6313, 6491, 2724, 3266, 3596, 1063, 1252, 827, 6733, 7325, 7320, 3294, 5053, 5016, 4455, 1823, 105, 955, 2352, 918, 4146, 2631, 2959, 237, 819, 7394, 522, 2634, 2097, 6339, 5879, 1781, 4578, 5895, 729, 3112, 6564, 2567, 5442, 7480, 5585, 3237, 5647, 3425, 4410, 2329, 5934, 451, 6547, 1818, 2668, 6815, 2607, 205, 1814, 6623, 4749, 6079, 5356, 7446, 2662, 983, 359, 1485, 1657, 3561, 1032, 5715, 4651, 2778, 7445, 3836, 1782, 2313, 126, 7016, 198, 3829, 3662, 6852, 3770, 2600, 6257, 3879, 534, 1269, 4511, 4943, 7054, 6537, 5492, 6283, 3686, 2180, 4001, 4771, 804, 2003, 3876, 7443, 2679, 1906, 1704, 3253, 4483, 4939, 212, 6643, 4534, 4070, 4223, 536, 1069, 56, 5580, 4663, 6782, 3175, 6979, 7226, 1745, 2393, 3959, 4352, 3408, 489, 2496, 6171, 5093, 7251, 2901, 3911, 5326, 5876, 897, 7342, 6144, 2591, 7238, 6487, 264, 3711, 6711, 36, 838, 668, 4514, 3823, 5790, 5775, 4150, 3955, 6201, 4122, 6436, 1189, 3239, 2407, 7227, 5042, 7485, 4210, 2853, 1878, 7433, 776, 1595, 2210, 1623, 1421, 2363, 5283, 2357, 1942, 4397, 875, 2871, 3493, 7180, 3326, 925, 2091, 6004, 1246, 2088, 5166, 4081, 948, 1643, 947, 5450, 890, 197, 7236, 1110, 7428, 3454, 5149, 7484, 855, 1556, 1305, 5362, 5385, 532, 3094, 574, 5721, 3996, 3608, 4980, 6188, 757, 1989, 1550, 347, 539, 3317, 
Weights: 845.611, 262.664, 141.471, 179.395, 291.855, 632.828, 981.018, 89.378, 91.6632, 283.345, 181.451, 139.786, 162.822, 106.467, 17.6483, 184.43, 0.0548443, 0.940177, 307.799, 96.6259, 0.425673, 0.761052, 80.0219, 357.847, 34.9742, 1.01458, 0, 16.4759, 68.6268, 189.312, 11.7115, 58.7154, 131.182, 0, 17.1977, 1.1043, 0, 209.264, 21.5777, 0, 22.0078, 51.658, 88.295, 71.4488, 112.077, 0.950441, 0, 146.305, 37.7984, 0.95689, 0, 2.96929, 69.9699, 0, 0, 62.8027, 0, 0.301832, 0, 37.978, 0.934435, 0, 5.05048, 69.6802, 12.7996, 6.57539, 2.04472, 0.998716, 0, 20.3995, 59.3613, 27.9783, 22.6756, 0, 0, 0.440349, 94.5105, 0.358342, 1.841, 1.05508, 0, 0, 107.496, 0.403989, 112.283, 0, 122.269, 51.2693, 9.78287, 23.5103, 0, 52.1889, 164.651, 64.8403, 0, 0, 13.0817, 0.983799, 16.9573, 398.314, 73.2721, 1.92642, 22.2593, 162.688, 1.01651, 0.954854, 0, 53.4328, 0.698372, 0, 3.60355, 0.732025, 20.5467, 0, 1.0402, 55.4926, 49.5914, 295.405, 366.776, 6.80698, 1.80575, 24.0897, 0.934884, 33.5581, 0, 28.1402, 0, 3.36089, 48.1917, 20.5529, 0, 0.650759, 44.1378, 17625.7, 58.7648, 9.96377, 305.537, 0, 93.4032, 47.6516, 0, 32.6581, 0, 28.8582, 327.941, 0, 6.21084, 15.7805, 6.50927, 7.85703, 4.51993, 0, 383.444, 318.335, 38.2714, 0, 92.6266, 141.767, 9.64861, 0, 66.2308, 0, 23.5911, 49.536, 0, 10.9088, 126.07, 1.62143, 17.3112, 3.10227, 93.4282, 143.651, 0, 1.06935, 11.9351, 0, 17.5086, 0, 1.02222, 108.921, 3.13287, 161.454, 21.1048, 44.9531, 4.8181, 0.165364, 31.9162, 164.696, 88.3369, 0, 0.308263, 50.7545, 22.0116, 55.8967, 8.37285, 150.898, 0, 0.966279, 372.167, 0, 351.569, 73.9782, 94.3269, 9.78742, 13.6043, 1.34697, 11.9063, 29.5523, 0, 0, 0.352483, 0, 42.7752, 23.6565, 141.989, 15.1825, 59.0143, 24.8394, 41.4362, 11.7478, 539.804, 126.201, 17.5822, 22.284, 0, 
n_nonzero: 180

