n_tets: 160
relErr: 0.187519
Selected tets: 13417, 13808, 28312, 14069, 12972, 8258, 18944, 8070, 481, 15775, 21730, 13395, 25325, 4033, 14210, 4406, 28758, 3292, 10851, 23758, 19900, 6591, 14973, 28694, 28842, 9171, 13131, 19233, 2668, 27964, 22780, 12583, 186, 25112, 5552, 2931, 25758, 2253, 27971, 14506, 13058, 21692, 6449, 11962, 5801, 25739, 11593, 17718, 14157, 5185, 24834, 6697, 808, 12454, 12031, 26393, 5141, 24502, 13201, 4846, 19037, 8572, 1861, 12, 22228, 2107, 7838, 15856, 22491, 12004, 21868, 27114, 6553, 20202, 1249, 28810, 6927, 18163, 24785, 20221, 6437, 16292, 20597, 22441, 14252, 20058, 29515, 13200, 15779, 4090, 8983, 4014, 24556, 4929, 3052, 3549, 21881, 9319, 1421, 11924, 11981, 20165, 14333, 18228, 21751, 9234, 7077, 28500, 3086, 28915, 11026, 4190, 22322, 29634, 4318, 7437, 19562, 11571, 6587, 18077, 19801, 18222, 9883, 29631, 2938, 3081, 6338, 28774, 29334, 23005, 15591, 15473, 15776, 12565, 21200, 18130, 13195, 20497, 14340, 28024, 16070, 8906, 27263, 3008, 2838, 13262, 6435, 9099, 19524, 9228, 17578, 14895, 11892, 12443, 14130, 20842, 15778, 6091, 18930, 11945, 
Weights: 244.472, 724.548, 379.02, 708.714, 759.395, 2985.22, 296.742, 256.603, 857.365, 1.0278, 159.175, 74.6931, 215.045, 0, 1721.8, 386.286, 78.3829, 294.817, 598.441, 671.469, 241.802, 207.647, 38.4406, 419.568, 442.339, 394.483, 137.919, 0, 72.0986, 1026.67, 383.189, 52.2628, 786.313, 159.213, 520.77, 44.4519, 0.423952, 181.57, 0.964155, 82.7321, 1.00969, 1.01881, 260.969, 54.376, 1189.02, 0, 85.0811, 173.136, 11.3349, 0, 0, 0, 0, 612.785, 49.1463, 0, 592.095, 490.55, 249.509, 31.5877, 0.877468, 0, 1.1883, 0.779695, 538.651, 509.779, 302.114, 849.323, 209.604, 4.18109, 87.6319, 192.127, 178.972, 613.86, 712.738, 516.941, 86.5384, 12.1729, 0, 108.155, 94.1583, 394.087, 63.3751, 0, 110.923, 1.08694, 176.715, 2.32113, 1.10396, 27.3123, 0, 0, 92.0488, 0, 10.1603, 153.986, 1.38602, 120.078, 0.941364, 127.517, 1.34713, 1.50453, 169.285, 495.464, 204.175, 635.848, 0, 528.192, 116.995, 70.6047, 81.1977, 137.578, 120.883, 0, 0, 228.046, 0, 0, 0, 1015.16, 0.984569, 83.7695, 21.7303, 274.34, 160.675, 0, 316.543, 244.273, 0, 277.012, 250.927, 1.12387, 0.705241, 0.428928, 145.734, 1070.2, 43.3322, 31.2665, 0, 81.0043, 0.552786, 303.692, 90.6217, 2.30263, 17.3533, 0, 1.00615, 174.671, 0, 35.8996, 10.2753, 0.964082, 31.889, 541.967, 1.16658, 257.076, 2.89277, 92.5654, 0, 0, 
n_nonzero: 133

Running time so far: 57.0756s

