n_tets: 105
relErr: 0.0655513
Selected tets: 29127, 663, 19334, 2539, 17312, 25934, 6233, 15770, 23150, 23393, 21534, 19440, 9499, 12040, 9900, 8286, 14089, 5132, 29637, 16013, 9885, 6439, 27103, 1556, 11950, 19167, 26536, 17860, 2187, 12207, 13680, 29504, 14520, 12427, 5898, 3575, 24294, 4103, 1539, 9627, 13058, 17874, 21181, 14917, 6858, 15734, 15047, 8963, 4109, 22990, 12018, 8391, 13923, 11980, 10161, 1221, 6571, 21511, 6642, 14605, 2433, 18051, 2317, 4136, 21177, 25650, 4112, 25027, 11085, 22722, 20054, 13407, 2550, 16056, 10844, 28817, 29263, 7874, 1018, 2180, 12314, 14017, 18907, 21392, 17871, 17261, 25538, 21565, 5190, 4090, 4481, 29527, 22754, 17269, 1706, 19507, 22767, 21277, 15624, 25566, 7008, 29291, 17148, 17430, 18483, 
Weights: 2667.44, 2010.01, 358.236, 0, 0, 444.606, 883.604, 0, 0, 0, 0, 0, 2.95024, 0, 0, 1506.03, 536.371, 0, 249.926, 610.389, 0, 0, 0, 203.683, 0, 0, 0, 0, 0, 0, 264.222, 1031.4, 0, 0, 99.6787, 833.464, 0, 0, 118.926, 373.584, 0, 0, 0, 0, 120.637, 2585.43, 2657.85, 0.541098, 0, 21637.5, 193.722, 0, 0, 416.618, 1424.07, 27.0587, 0, 776.847, 471.42, 885.762, 0, 0, 1940.83, 858.479, 163.086, 133.785, 0, 232.135, 30.2879, 0, 149.915, 249.397, 0, 0, 509.771, 0, 0, 0, 9.42588, 0, 488.465, 96.2668, 1753.25, 1220.43, 0.987387, 331.066, 2443.42, 0, 562.922, 0, 0, 175.023, 0, 77.3454, 47.5795, 502.524, 385.395, 0, 371.933, 0, 0, 0, 0, 0, 993.158, 
n_nonzero: 54

Running time so far: 58.2332s

