n_tets: 27
relErr: 0.300966
Selected tets: 99, 89, 141, 93, 171, 185, 186, 65, 77, 57, 53, 2, 172, 119, 137, 18, 135, 168, 84, 194, 202, 101, 200, 14, 138, 107, 166, 
Weights: 41.2879, 1.03973, 53.7555, 1.00503, 0, 0.945704, 0.971419, 5.20531, 1.05227, 1.42049, 108.603, 9.60332, 12.6386, 0.413121, 0.968699, 1.5181, 37.8924, 37.7568, 0.987049, 1.01502, 1.46634, 1.988, 0.783989, 0.394504, 0.243401, 0.845531, 59.2164, 
n_nonzero: 26

