n_tets: 98
relErr: 0.0655624
Selected tets: 29127, 663, 19334, 2539, 17312, 25934, 6233, 15770, 23150, 23393, 21534, 19440, 9499, 12040, 9900, 8286, 14089, 5132, 29637, 16013, 9885, 6439, 27103, 1556, 11950, 19167, 26536, 17860, 2187, 12207, 13680, 29504, 14520, 12427, 5898, 3575, 24294, 4103, 1539, 9627, 13058, 17874, 21181, 14917, 6858, 15734, 15047, 8963, 4109, 22990, 12018, 8391, 13923, 11980, 10161, 1221, 6571, 21511, 6642, 14605, 2433, 18051, 2317, 4136, 21177, 25650, 4112, 25027, 11085, 22722, 20054, 13407, 2550, 16056, 10844, 28817, 29263, 7874, 1018, 2180, 12314, 14017, 18907, 21392, 17871, 17261, 25538, 21565, 5190, 4090, 4481, 29527, 22754, 17269, 1706, 19507, 22767, 21277, 
Weights: 2748.39, 2385.14, 243.845, 0, 0, 237.216, 861.976, 0, 89.8331, 0, 0, 0, 23.1662, 0, 0, 1452.63, 508.084, 0, 288.452, 717.639, 1997.53, 0, 0, 84.2223, 0, 0, 0, 0, 0, 0, 266.73, 1043.77, 0, 0, 270.321, 918.23, 0, 0, 115.361, 410.422, 0, 0, 0, 0, 183.524, 2530.34, 2324.38, 0.543586, 0, 10743.5, 166.726, 0, 0, 274.506, 1255.41, 9.39748, 0, 768.378, 298.636, 874.806, 0, 0, 2692.8, 1042.14, 328.095, 184.163, 43.3575, 136.028, 23.7891, 0, 186.831, 273.409, 0, 0, 534.424, 0, 0, 127.016, 0, 0, 446.078, 597.465, 1965.83, 1370.27, 0.987459, 283.8, 0, 101.515, 409.378, 0, 41.3669, 174.564, 0, 279.447, 79.376, 291.971, 456.703, 0, 
n_nonzero: 56

Running time so far: 54.7509s

