n_tets: 252
relErr: 0.154584
Selected tets: 249002, 300504, 115294, 173416, 216464, 67661, 381863, 388822, 307228, 161633, 259931, 386542, 166703, 73861, 16052, 159116, 209093, 50939, 51631, 34542, 253661, 2257, 155159, 213606, 343630, 417567, 185388, 220283, 135203, 246536, 211127, 388422, 38346, 15029, 127251, 390, 271020, 248004, 126519, 314260, 199316, 125865, 249141, 152948, 80674, 232911, 194442, 7265, 258789, 387932, 93220, 308533, 301075, 213596, 104085, 13444, 368449, 27328, 275890, 204986, 48458, 302146, 312336, 20156, 422593, 313811, 367720, 228208, 21213, 328721, 319118, 93254, 339994, 221968, 373921, 144535, 312385, 251749, 1379, 372877, 73401, 328756, 244, 428170, 250468, 143266, 420411, 395462, 139570, 130436, 353062, 371551, 224135, 401702, 225648, 398601, 4787, 416749, 155955, 14323, 83190, 19673, 17540, 87189, 40205, 615, 99341, 347967, 371558, 327987, 340722, 196739, 361950, 192590, 318882, 349706, 404042, 17341, 419208, 212437, 91467, 353886, 280245, 60530, 376002, 51697, 264224, 34956, 428503, 318883, 401943, 273584, 416856, 199382, 7691, 343990, 392938, 32132, 280917, 34787, 146, 213609, 89897, 59151, 350468, 43408, 352518, 324376, 99772, 80066, 46129, 32827, 417326, 106313, 35455, 280552, 86934, 96682, 21990, 153010, 418086, 56035, 79712, 192644, 301912, 345519, 226462, 83110, 407349, 355269, 313686, 421836, 239276, 212531, 34902, 34173, 18141, 320780, 62976, 421009, 145219, 114610, 8903, 272766, 190927, 35394, 5156, 295169, 411661, 283115, 345586, 190288, 303139, 74539, 155655, 397330, 101850, 328278, 286888, 205914, 375644, 106616, 399820, 391692, 133465, 383243, 397538, 12521, 168530, 261164, 350012, 9507, 425064, 338449, 140798, 326027, 79468, 46775, 187473, 191656, 358124, 180529, 403964, 16652, 282961, 120003, 398906, 146050, 55509, 421854, 54080, 63094, 221259, 425513, 66300, 205454, 52848, 283772, 62068, 13786, 135326, 353385, 18691, 363916, 320533, 13153, 293279, 131231, 220961, 172685, 420345, 402010, 
Weights: 0, 5337.2, 0, 0, 0, 760.824, 35.7522, 0, 3301.48, 0, 571.434, 0, 3303.94, 0, 691.717, 0, 3578.71, 0, 3567.22, 0, 0, 0, 0, 0, 0, 1574.24, 0, 0, 0, 2509.5, 0, 0, 0, 0, 0, 0, 1281.63, 447.882, 0, 0, 3760.18, 0, 0, 7066.71, 0, 0, 0, 126.346, 2723.17, 166.433, 0, 246.613, 493.455, 0, 0, 0, 0, 518.651, 531.817, 21119, 0, 0, 0, 0, 489.133, 146995, 133.751, 0, 0, 0, 1645.75, 0, 4.01541, 199.271, 0, 1252.3, 0, 0, 5235.22, 0, 936.532, 0, 35.731, 0, 219.541, 431.751, 0, 0, 0, 0, 0, 12394, 0, 0, 0, 0, 0, 132574, 2464.05, 0, 0, 1415.34, 1600.84, 1320.44, 0, 621.375, 0, 0, 591.336, 7576.29, 2251.6, 0, 31.4382, 0, 0, 0, 2459.62, 0, 2212.44, 0, 0, 186044, 0, 0, 0, 66128.4, 0, 0, 313.604, 0, 2437.53, 0, 0, 0, 0, 0, 86.5751, 0, 0, 0, 607.333, 166.086, 263.282, 0, 366.829, 0, 0, 0, 0, 0, 0, 0, 0, 0, 298.901, 362.924, 0, 0, 187.614, 275.135, 0, 5.36487, 0, 0, 0, 73.8754, 0, 443.523, 537.536, 0, 0, 0, 0, 0, 414.017, 0, 145.146, 0, 0, 0, 0, 0, 445.972, 0, 1701.29, 316.157, 0, 7805.67, 1.34919, 0, 560.212, 0, 1123.99, 14.261, 0, 225.28, 714.319, 622281, 1196.58, 0, 0, 2668.63, 0, 0, 0, 87.6643, 0, 0, 0, 0, 30.8902, 0, 8.49661, 0, 0, 86516, 0, 0, 59327.7, 4576.74, 44.2412, 320.088, 0, 0, 3390.36, 0, 0, 39653, 327.613, 442.81, 0, 0, 0, 0, 0, 258.284, 593.815, 0, 894.568, 0, 2630.16, 0, 0, 87.5697, 0, 0, 0, 0, 0, 1018.88, 0, 0, 
n_nonzero: 98

Running time so far: 316.56s

