n_tets: 66
relErr: 0.45878
Selected tets: 21500, 27848, 13245, 1062, 23629, 22890, 26439, 10395, 1762, 13239, 2064, 7179, 9472, 27723, 24981, 25538, 15997, 17901, 5546, 26161, 18850, 4761, 5565, 27606, 22601, 20170, 12812, 17721, 2763, 14933, 20973, 11971, 24234, 3854, 16524, 4933, 15470, 7354, 20470, 23593, 2716, 26312, 15489, 22202, 6495, 19403, 4175, 26183, 25581, 28594, 14670, 7776, 16251, 26302, 4498, 13334, 10833, 23642, 26751, 15401, 6651, 28287, 27213, 10437, 19522, 5873, 
Weights: 865.229, 13075.7, 9490.32, 0, 317.646, 2887.53, 428.268, 0.868061, 467.302, 0, 12.8628, 674.426, 1325.53, 3.89962, 87.2657, 0, 290.808, 658.671, 0, 275.548, 23.7954, 469.511, 177.049, 0, 0, 85.9362, 0, 202.811, 1689.9, 398.472, 0.164515, 13.0912, 2.41056, 28.8871, 29.6624, 30.8637, 0, 2442.38, 524.04, 0, 149.726, 4.78991, 0.780426, 172.316, 2.02056, 594.509, 107.751, 1.00684, 0, 0, 51.6818, 0, 1.02202, 0, 229.133, 27.1559, 135.084, 33.104, 372.434, 2.51054, 0.968316, 1.63771, 465.471, 846.042, 3.34676, 128.042, 
n_nonzero: 53

Running time so far: 18.9246s

