n_tets: 42
relErr: 0.018003
Selected tets: 43001, 18343, 2368, 13500, 46318, 17715, 27139, 46163, 19846, 32921, 44641, 5084, 29426, 39748, 1177, 29328, 51871, 49666, 23284, 25000, 44517, 15812, 52395, 1207, 1519, 38458, 1757, 19555, 16199, 47399, 44571, 14683, 14995, 37099, 6771, 42571, 25174, 12748, 61386, 40708, 1436, 3917, 
Weights: 166.562, 5346.02, 171.932, 283.168, 0, 3709.32, 0, 1409.93, 0, 145.511, 85.8122, 26.9306, 92.1827, 2917.96, 10284.1, 3579.86, 0, 13.2712, 4711.37, 0, 0, 6.15852, 0, 17.617, 378.09, 11249.3, 107.109, 0, 735.388, 666.954, 508.747, 104.945, 0, 3449.93, 107.867, 6517.42, 170.508, 4678.7, 12203.2, 144.864, 41.4183, 724.755, 
n_nonzero: 33

Running time so far: 19.0411s

