n_tets: 30
relErr: 0.130069
Selected tets: 51214, 33828, 1062, 17144, 34560, 57384, 71719, 24860, 79148, 18752, 26715, 54341, 55661, 18058, 79674, 58394, 47832, 65101, 75225, 78581, 38437, 11094, 31923, 65333, 25095, 40130, 52248, 14997, 55192, 55830, 
Weights: 4471.47, 0, 0, 3907.67, 2196.46, 0, 1425.26, 0, 8162.51, 0, 4599.53, 2204.29, 9887.3, 346.314, 1879.48, 3192.7, 0, 9681.56, 4979.27, 0, 0, 5369.27, 0.993176, 6421.52, 8592.38, 0, 0, 154.423, 337.206, 0, 
n_nonzero: 19

Running time so far: 25.7516s

