n_tets: 24
relErr: 0.0309973
Selected tets: 235796, 269544, 362937, 298539, 381300, 26069, 233619, 388822, 143254, 29257, 129749, 245011, 429667, 245127, 3631, 8706, 280852, 350808, 187116, 150871, 102239, 205157, 23989, 213606, 
Weights: 37803, 5222.96, 0, 78157.3, 686.151, 3231.62, 3311.77, 2563.28, 0, 32903.2, 734.539, 9144.51, 28347.5, 0, 1.45484e+07, 364.56, 37280.3, 2259.39, 31132.9, 6186.41, 4573.1, 8579.78, 1963.45, 1696.99, 
n_nonzero: 21

Running time so far: 57.0905s

