n_tets: 156
relErr: 0.1484
Selected tets: 11653, 17340, 29124, 23576, 14512, 19181, 26439, 14755, 7643, 20581, 27376, 9208, 22436, 17370, 29530, 12686, 9765, 5093, 27829, 5223, 10587, 2282, 28753, 4945, 11956, 10685, 27251, 12253, 14924, 23185, 4460, 21799, 19166, 25112, 6928, 19480, 3092, 14022, 13107, 26027, 22837, 24849, 10400, 3918, 14873, 8521, 25376, 16928, 21411, 12601, 15774, 17871, 16874, 12159, 211, 14017, 13163, 9065, 1531, 2956, 17173, 3391, 5773, 4144, 21586, 2015, 4242, 10516, 3130, 9781, 17745, 21040, 4087, 6192, 18687, 12445, 18806, 18181, 18118, 29685, 25223, 29272, 14235, 13331, 14252, 7433, 4876, 27465, 26924, 24111, 15127, 12545, 1301, 12638, 17226, 27963, 13006, 8509, 4076, 4090, 17307, 29291, 13065, 25831, 13257, 13249, 11066, 17692, 8294, 22721, 58, 16989, 21930, 4862, 19164, 12648, 19562, 21931, 13189, 17545, 21566, 26415, 4158, 3086, 11038, 3042, 25613, 20749, 6798, 3708, 13372, 7471, 1543, 28971, 27681, 20835, 17875, 24336, 41, 6697, 6692, 13255, 24075, 4099, 2562, 1210, 2438, 4138, 5887, 20612, 28775, 29564, 9209, 19028, 18599, 26770, 
Weights: 1329.58, 667.691, 0, 0, 0, 0, 0, 0, 0, 3.96697, 64.8488, 1.11806, 0, 1181.84, 0.524118, 1183.87, 300.23, 129.463, 1.92012, 46.5089, 682.768, 0, 0, 1.57649, 1.61639, 696.276, 0.997805, 796.766, 292.929, 134.999, 0, 1.08724, 0.961501, 39.2791, 37.081, 37.8866, 0, 120.749, 0, 0, 84.179, 8.02049, 0.975369, 456.585, 597.821, 0.466515, 0, 0, 59.4105, 2.83862, 0, 0, 76.6545, 0, 1.05082, 845.251, 304.265, 0, 1825.01, 1118.02, 0, 0, 0, 0, 0.701427, 1732.51, 0.669019, 310.116, 512.805, 0, 0, 0.509586, 0.954592, 1205.44, 188.314, 0, 0, 1.22158, 1.59439, 0, 97.763, 2.14256, 0, 1.12711, 3.98573, 113.763, 11.0006, 547.044, 0, 22.4528, 26.1232, 0, 231.48, 0, 336.301, 0, 9.40115, 124.793, 343.033, 0.875789, 420.639, 0.32539, 0.981897, 0, 336.639, 1071.39, 0, 0, 1.44309, 56.9965, 0, 1100.44, 0, 0, 2.82027, 0, 9.461, 0, 0, 0, 43.5297, 0, 675.982, 0, 0, 0.761282, 2.45334, 140.806, 185.325, 0, 1305.03, 7.57407, 0.864496, 265.45, 1098.5, 0, 1.00142, 0, 213.362, 768.671, 5.37009, 15663.2, 0, 0.784026, 0.757602, 0, 0, 0, 0, 630.318, 9.80893, 1.04216, 1.02273, 1.36787, 0, 0, 
n_nonzero: 99

Running time so far: 227.008s

