n_tets: 121
relErr: 0.0603441
Selected tets: 13986, 9874, 28312, 13284, 1214, 27342, 6233, 24777, 25350, 11692, 1312, 15251, 11970, 6638, 15836, 26177, 12232, 22738, 4998, 19909, 19835, 19799, 18800, 1088, 9388, 8792, 10521, 18579, 21869, 15721, 6623, 9788, 186, 26553, 20056, 12458, 20950, 21067, 20597, 24495, 27104, 6222, 215, 3129, 4136, 8521, 23166, 15194, 25355, 2064, 2824, 7633, 5419, 1906, 17492, 17558, 1541, 191, 20393, 11877, 24089, 7382, 27757, 10960, 21177, 9228, 11678, 14312, 13939, 5052, 4979, 13407, 22993, 20059, 21061, 17591, 18961, 24762, 19733, 8776, 21175, 19188, 4395, 18922, 17562, 8507, 21683, 13200, 21730, 7716, 4176, 16017, 12656, 29389, 2291, 10248, 22502, 16225, 24080, 4511, 10807, 9106, 23911, 9840, 25841, 5362, 28931, 256, 3857, 23843, 15303, 24964, 723, 22646, 3114, 1210, 24852, 29425, 6932, 14520, 11434, 
Weights: 397.285, 0, 1047.97, 25.1882, 0, 0, 572.129, 2210.88, 637.153, 0, 2500.48, 93.0122, 153.482, 0, 250.174, 127.056, 33.5209, 42.9752, 211.381, 6.49387, 137.446, 95.5623, 0, 0, 0, 329.49, 81.3235, 103.806, 243.065, 1260.6, 0, 707.833, 61.8962, 0, 25.8405, 0, 1146.39, 107.31, 14.6987, 627.663, 0, 710.653, 0, 48.6835, 45.3862, 192.34, 162.273, 817.727, 443.647, 50.746, 0, 398.227, 111.033, 0, 0, 0, 100.709, 423.789, 1.61823, 476.314, 4.77703, 343.996, 298.785, 48.5017, 1.44018, 74.1462, 545.881, 174.926, 0, 268.788, 0, 311.067, 208.508, 448.074, 1902.7, 0, 485.142, 708.591, 52.894, 0, 0, 381.06, 26.947, 510.998, 2246.21, 0, 0, 31.664, 151.31, 16.3801, 2112.31, 736.008, 508.725, 0, 0, 625.515, 0, 0, 11.3261, 1369.63, 106.296, 724.386, 270.614, 194.532, 0, 1258.28, 415.38, 181.351, 234.42, 340.58, 79.3876, 0, 0, 101.94, 137.359, 101.747, 21.5412, 1517.5, 9.43411, 61.6245, 68.989, 
n_nonzero: 90

Running time so far: 27.1435s

