n_tets: 238
relErr: 0.154592
Selected tets: 249002, 300504, 115294, 173416, 216464, 67661, 381863, 388822, 307228, 161633, 259931, 386542, 166703, 73861, 16052, 159116, 209093, 50939, 51631, 34542, 253661, 2257, 155159, 213606, 343630, 417567, 185388, 220283, 135203, 246536, 211127, 388422, 38346, 15029, 127251, 390, 271020, 248004, 126519, 314260, 199316, 125865, 249141, 152948, 80674, 232911, 194442, 7265, 258789, 387932, 93220, 308533, 301075, 213596, 104085, 13444, 368449, 27328, 275890, 204986, 48458, 302146, 312336, 20156, 422593, 313811, 367720, 228208, 21213, 328721, 319118, 93254, 339994, 221968, 373921, 144535, 312385, 251749, 1379, 372877, 73401, 328756, 244, 428170, 250468, 143266, 420411, 395462, 139570, 130436, 353062, 371551, 224135, 401702, 225648, 398601, 4787, 416749, 155955, 14323, 83190, 19673, 17540, 87189, 40205, 615, 99341, 347967, 371558, 327987, 340722, 196739, 361950, 192590, 318882, 349706, 404042, 17341, 419208, 212437, 91467, 353886, 280245, 60530, 376002, 51697, 264224, 34956, 428503, 318883, 401943, 273584, 416856, 199382, 7691, 343990, 392938, 32132, 280917, 34787, 146, 213609, 89897, 59151, 350468, 43408, 352518, 324376, 99772, 80066, 46129, 32827, 417326, 106313, 35455, 280552, 86934, 96682, 21990, 153010, 418086, 56035, 79712, 192644, 301912, 345519, 226462, 83110, 407349, 355269, 313686, 421836, 239276, 212531, 34902, 34173, 18141, 320780, 62976, 421009, 145219, 114610, 8903, 272766, 190927, 35394, 5156, 295169, 411661, 283115, 345586, 190288, 303139, 74539, 155655, 397330, 101850, 328278, 286888, 205914, 375644, 106616, 399820, 391692, 133465, 383243, 397538, 12521, 168530, 261164, 350012, 9507, 425064, 338449, 140798, 326027, 79468, 46775, 187473, 191656, 358124, 180529, 403964, 16652, 282961, 120003, 398906, 146050, 55509, 421854, 54080, 63094, 221259, 425513, 66300, 205454, 52848, 283772, 
Weights: 0, 5765.18, 0, 0, 0, 737.308, 0.0364365, 0, 3201.39, 0, 547.413, 0, 3142.29, 0, 622.382, 0, 7539.45, 0, 4121.22, 0, 37.9294, 0, 0, 0, 0, 1730.32, 0, 0, 0, 2959.71, 0, 0, 0, 0, 0, 0, 1076.31, 424.383, 0, 0, 4107.36, 0, 0, 7639.48, 3148.64, 0, 0, 309.253, 2921.69, 0, 0, 332.573, 950.057, 0, 0, 0, 1377.98, 1235.96, 531.888, 0, 0, 0, 0, 0, 381.586, 264672, 38.8205, 0, 0, 0, 1656.75, 0, 3.8031, 218.64, 0, 965.156, 0, 0, 0, 0, 933.862, 0, 36.2764, 379.48, 219.53, 373.836, 0, 0, 0, 0, 0, 0, 0, 0, 0, 0, 0, 137442, 2441.95, 0, 0, 1503.71, 1571.89, 1186.94, 0, 504.087, 0, 0, 941.905, 6325.87, 540.86, 0, 34.5369, 0, 0, 0, 2862.06, 0, 2351.75, 0, 0, 222747, 0, 0, 0, 108419, 0, 0, 36.0808, 0, 2433.22, 0, 0, 0, 0, 0, 1215.34, 0, 0, 0, 608.467, 166.159, 278.581, 0, 366.881, 51.2287, 195.451, 0, 0, 0, 0, 0, 0, 0, 315.985, 451.06, 0, 0, 252.806, 431.948, 0, 5.36844, 0, 0, 462.189, 77.8224, 0, 274.229, 615.792, 0, 0, 0, 0, 0, 402.72, 0, 137.976, 0, 0, 0, 0, 0, 810.729, 0, 1641.26, 244.898, 0, 6442.85, 1.3312, 0, 587.407, 0, 1150.58, 0, 0, 567.824, 715.987, 4303.34, 0, 0, 0, 2675.22, 0, 0, 0, 0, 0, 0, 0, 0, 30.9179, 0, 107.486, 0, 0, 79453.3, 0, 0, 62071.5, 3689.64, 0, 0, 0, 0, 3593.62, 295.523, 0, 40237, 1282.41, 454.047, 0, 0, 0, 0, 0, 258.255, 636.748, 0, 
n_nonzero: 93

Running time so far: 298.346s

