n_tets: 11
relErr: 0.520429
Selected tets: 21500, 27848, 13245, 1062, 23629, 22890, 26439, 10395, 1762, 13239, 2064, 
Weights: 1154.79, 22587.5, 12246.2, 0, 342.478, 2727.86, 477.845, 0.786172, 413.061, 0, 21.5688, 
n_nonzero: 9

Running time so far: 5.39514s

