n_tets: 12
relErr: 0.365551
Selected tets: 99, 89, 141, 93, 171, 185, 186, 65, 77, 57, 53, 2, 
Weights: 59.8385, 1.03056, 62.4658, 1.00521, 132.343, 0.981139, 1.06907, 28.5872, 1.07575, 1.443, 138.457, 6.46494, 
n_nonzero: 12

