n_tets: 238
relErr: 0.749234
Selected tets: 78587, 86988, 33623, 161188, 61692, 46546, 4150, 3641, 1909, 129669, 136564, 73277, 54333, 80171, 88747, 162377, 114235, 18061, 3247, 155797, 52848, 155062, 18091, 53028, 45610, 69024, 115874, 50678, 3857, 40776, 126955, 107290, 146744, 2383, 127460, 39128, 63921, 2001, 114120, 77067, 159371, 6198, 1214, 75546, 310, 98650, 86030, 46542, 7828, 43459, 128179, 3520, 131468, 114102, 73094, 146275, 114738, 77696, 101306, 2937, 75410, 5353, 88234, 148327, 31474, 103372, 67703, 4678, 73014, 137859, 156221, 82021, 81976, 104377, 122340, 50690, 75443, 87714, 38667, 100633, 74245, 96708, 150755, 55885, 34911, 126234, 162736, 3010, 98127, 68419, 61246, 161439, 37457, 148938, 157382, 63749, 43836, 7842, 125779, 108991, 48618, 122350, 5394, 83602, 48032, 59774, 84339, 71346, 155041, 131532, 77932, 20943, 91428, 45644, 142525, 122560, 80678, 73818, 84460, 44003, 41760, 161455, 146240, 1898, 75623, 3472, 19907, 138783, 153706, 54823, 11167, 3459, 158265, 112180, 106095, 89874, 37649, 77160, 155610, 8853, 69500, 162300, 2426, 100732, 70653, 101261, 129376, 4963, 41668, 38290, 123453, 96885, 144583, 152255, 162180, 79449, 119747, 131170, 138881, 86029, 17797, 159253, 162776, 80685, 145928, 142434, 161319, 18559, 147922, 160332, 124796, 43265, 163281, 127811, 126805, 4864, 140784, 47068, 37316, 1662, 135160, 430, 108475, 150284, 137540, 10623, 162833, 99914, 67439, 114361, 3300, 113121, 34518, 103416, 19949, 29007, 107664, 72884, 161823, 133645, 71165, 163548, 17360, 55827, 151183, 101818, 1740, 124401, 59803, 147677, 20065, 58847, 13323, 79002, 33539, 3127, 55540, 89544, 47323, 143681, 2026, 114118, 77929, 162950, 120248, 13282, 103375, 4430, 163474, 118305, 2016, 7884, 152181, 136668, 68898, 3354, 19484, 77223, 
Weights: 2920.49, 5.07091, 8510.95, 403.42, 321.688, 187.602, 10.2933, 56.7316, 0.874208, 1687.42, 0.968455, 3.12843, 136.819, 44.3906, 1.07673, 5269.23, 12.7831, 693.18, 1.00081, 0.704397, 4.3507, 2.22554, 15322.6, 0.788034, 24570.4, 1.78454, 5.41283, 2.18037, 1.75467, 12.3012, 0.495837, 1.281, 761.865, 2.22903, 1.11672, 1.02683, 841.09, 0.805683, 1.57985, 1.85217, 9.52457, 1250.79, 199.961, 580.472, 1.62065, 22814.6, 1.11827, 17527.3, 0.802791, 58.0245, 39.6619, 4.57794, 0.42818, 186.548, 0.801582, 477.159, 2.54632, 15.8728, 37.56, 400.742, 3.24639, 1.1747, 4.05511, 13.566, 420.095, 5.31803, 0.768855, 10.3538, 10.3666, 462.511, 0.937066, 1.03002, 1085.97, 14.817, 8.15251, 36.1913, 453.821, 0.746902, 1.85506, 3100.36, 1.04717, 3.3696, 2.69154, 219.27, 1.35539, 1.03129, 1.00939, 34.0558, 1.55956, 1.5938, 0.509833, 10.0628, 1.39741, 131.871, 0.496488, 188.41, 1.03634, 1.82097, 0.573295, 7.86214, 131.538, 1.04459, 5.20039, 2.8132, 0.143827, 100.92, 1.00334, 55.0374, 7.38488, 1.09066, 15874.8, 11666.8, 8.25447, 0.741679, 10.4589, 529.185, 1.71164, 3.43156, 0.108531, 0.926692, 106.458, 1.4639, 0.755239, 1.10927, 12757.8, 14.8619, 290.206, 0.700639, 0.963056, 439.826, 3.97857, 168.508, 878.769, 2238.49, 3532.51, 1.00659, 89.731, 1454.69, 1.08638, 0.902607, 11.2871, 5491.64, 0.243675, 24671.6, 128.379, 46.8014, 1.72618, 16.1429, 1.0226, 0.791322, 1.38366, 0.986228, 1.69062, 1.14567, 145.142, 36.7208, 71.9837, 131.303, 0.992451, 178.442, 6.6881, 149.052, 0.991683, 1.31253, 0.897989, 3.12518, 21.7154, 0.539964, 1.3727, 1.88648, 1.0645, 3.95672, 166.386, 2.26552, 3.07272, 26.1416, 4.10608, 67.1829, 0.678499, 13.0597, 1024.11, 1.0051, 136.615, 850.617, 162.178, 61.0116, 5.21112, 81.2842, 1.08021, 0.914652, 1.40823, 1.24847, 5.23916, 416.098, 0.987443, 7.11443, 0.703815, 1.01525, 2.59927, 1329.18, 1.0839, 0.893314, 0.72162, 3.63476, 1.06403, 18.6512, 45.1245, 18.2016, 2.06882, 193.055, 13.2418, 146.928, 17.6103, 216.004, 1.20322, 2.55335, 114.351, 1.51187, 1.48988, 12.6387, 1.18871, 16.4368, 1.151, 1.37947, 1.13848, 3.2866, 3.23448, 74.8606, 10.4165, 323.254, 17.1284, 1.00291, 131771, 203.137, 1.17433, 25.2387, 3.81467, 0.904942, 
n_nonzero: 238

Running time so far: 1448.93s

