n_tets: 71
relErr: 0.273976
Selected tets: 99, 89, 141, 93, 171, 185, 186, 65, 77, 57, 53, 2, 172, 119, 137, 18, 135, 168, 84, 194, 202, 101, 200, 14, 138, 107, 166, 155, 111, 198, 63, 189, 3, 72, 58, 203, 95, 49, 183, 30, 130, 146, 81, 67, 142, 123, 43, 201, 71, 157, 118, 122, 193, 0, 149, 86, 69, 92, 25, 96, 175, 151, 197, 64, 167, 27, 104, 7, 29, 37, 4, 
Weights: 0, 1.02287, 23.574, 1.00317, 0, 0.951507, 0.951549, 5.5216, 1.01578, 1.43226, 0, 0, 10.9999, 0.512096, 0.981914, 1.33809, 28.5978, 9.29218, 1.00644, 1.00249, 1.2661, 1.95706, 0.586787, 0.392846, 0.234632, 0.944419, 17.7992, 0.385531, 1.0217, 0.840964, 1.1279, 1.93027, 12.6578, 3.83615, 3.25503, 0.859976, 14.4206, 1.53917, 0.973035, 15.2776, 9.01441, 7.0265, 8.0931, 1.131, 7.23412, 3.57739, 0, 0.146932, 17.7659, 23.3055, 3.57768, 5.44892, 1.89793, 0.420438, 10.6612, 8.0356, 9.78547, 1.90948, 2.3399, 13.972, 24.045, 2.85572, 0.483142, 222.731, 10.6984, 7.95438, 4.7937, 19.1223, 1.27712, 10.498, 2.35938, 
n_nonzero: 66

