n_tets: 195
relErr: 0.230103
Selected tets: 29910, 24242, 1998, 8120, 24067, 7987, 29124, 28074, 7494, 13216, 24285, 23161, 25745, 14594, 16984, 5959, 17589, 22996, 5475, 21520, 30586, 23265, 7561, 20500, 15069, 24892, 30523, 15635, 14287, 4431, 1300, 26977, 5435, 3292, 22614, 21991, 17030, 9235, 22788, 26928, 4135, 3864, 1089, 11240, 30519, 28267, 31279, 21300, 19337, 12866, 16237, 22475, 18591, 21729, 24532, 23073, 15523, 24126, 7846, 15438, 30981, 21225, 31870, 23644, 8397, 29063, 16285, 19610, 20240, 21158, 26375, 15198, 13998, 20190, 5368, 9673, 7701, 31718, 15946, 13158, 30005, 28621, 7707, 8947, 17857, 18610, 12979, 17442, 17524, 28350, 18640, 29566, 6637, 14260, 15360, 15323, 16684, 25538, 26835, 6022, 28739, 4573, 11347, 5490, 13490, 14336, 2164, 223, 13753, 1081, 16335, 27984, 26498, 21304, 19641, 22175, 2739, 7875, 18939, 19938, 3793, 5141, 22912, 15629, 15690, 12823, 25596, 17100, 12881, 22505, 17770, 12809, 25958, 6668, 2110, 15222, 13886, 8855, 13147, 29381, 7928, 26016, 17051, 31568, 14379, 27079, 15903, 8118, 22476, 28584, 8215, 19541, 29430, 18582, 28991, 13292, 21326, 8419, 27900, 14633, 6283, 15066, 21416, 14346, 31189, 15200, 5913, 2196, 15701, 2808, 13731, 839, 11901, 14485, 18781, 815, 7470, 21565, 13771, 15909, 24671, 11419, 9692, 10528, 12443, 22106, 18982, 26030, 24519, 18653, 9657, 30154, 16159, 13871, 9023, 
Weights: 25947.1, 1137.76, 31503, 6106.29, 1677.83, 2388.74, 81.3833, 0, 2009.97, 9407.98, 831.008, 2833.59, 1881.67, 0, 257.006, 0, 780.951, 598.309, 62.0489, 3441.08, 67.6286, 872.404, 101259, 455.885, 0.482525, 0, 73.7466, 7.37793, 0, 590.359, 216748, 6.65798, 278.363, 0, 20.0309, 0, 10.3002, 17.5345, 297.664, 4061.9, 65.4729, 348.85, 1064.84, 0, 537.318, 354.446, 27.5144, 0, 0, 735.734, 2477.83, 309.535, 0, 1936.65, 855.596, 2987.12, 100.261, 0, 0, 0, 23600.8, 1870.18, 844.898, 2385.73, 3328.94, 0, 442673, 959.574, 328.338, 1.00591, 11231.1, 3.90897, 194.178, 757.189, 0, 23.4743, 365.485, 125.053, 0, 188.927, 6192.44, 2184.72, 2423.21, 3336.84, 0, 550.214, 196.782, 7317.7, 1218.93, 2.07177, 531.995, 4.92074, 1063.18, 0.107895, 242.701, 0, 0, 1442.31, 4137.64, 40.3348, 0, 294.21, 85.369, 66709.6, 39.2121, 1624.86, 101.101, 35.0065, 185.093, 125.309, 14021.7, 619.615, 9.25128, 47.9567, 247.483, 79.177, 84.5826, 2589.42, 2339.75, 59.0041, 2.0327, 2966.74, 1450.12, 72.1018, 10406.6, 22287.9, 12.1754, 67.6616, 1.35722, 146.709, 0, 0, 2.9487, 1878.35, 3266.64, 110.808, 476.992, 22.6114, 459.092, 13351.2, 30944.9, 13527.3, 26.9199, 5861.3, 19.674, 133.438, 193.03, 5.18182, 3360.63, 1737.13, 219.029, 0, 0, 856.391, 1712.09, 3036.06, 3791.7, 1231.68, 1295.26, 163.933, 669.792, 0.190996, 1898.99, 292.397, 0, 0.136879, 2.35004, 30.0789, 257.715, 104.432, 414.787, 267.191, 0, 108.381, 3427.75, 0.89477, 31.9504, 0, 2.4303, 1152.06, 43.6308, 27.0088, 10.3436, 13.4179, 355.963, 2272.16, 477.439, 80.5695, 0, 20172.5, 0, 685.002, 270.032, 32.0369, 35.7586, 
n_nonzero: 165

