n_tets: 112
relErr: 0.0655296
Selected tets: 29127, 663, 19334, 2539, 17312, 25934, 6233, 15770, 23150, 23393, 21534, 19440, 9499, 12040, 9900, 8286, 14089, 5132, 29637, 16013, 9885, 6439, 27103, 1556, 11950, 19167, 26536, 17860, 2187, 12207, 13680, 29504, 14520, 12427, 5898, 3575, 24294, 4103, 1539, 9627, 13058, 17874, 21181, 14917, 6858, 15734, 15047, 8963, 4109, 22990, 12018, 8391, 13923, 11980, 10161, 1221, 6571, 21511, 6642, 14605, 2433, 18051, 2317, 4136, 21177, 25650, 4112, 25027, 11085, 22722, 20054, 13407, 2550, 16056, 10844, 28817, 29263, 7874, 1018, 2180, 12314, 14017, 18907, 21392, 17871, 17261, 25538, 21565, 5190, 4090, 4481, 29527, 22754, 17269, 1706, 19507, 22767, 21277, 15624, 25566, 7008, 29291, 17148, 17430, 18483, 27326, 14990, 4016, 15940, 3545, 2076, 4190, 
Weights: 2335.29, 1966.52, 189.766, 35.6331, 0, 573.763, 822.587, 0, 0, 0, 0, 0, 46.8753, 0, 0, 1860.3, 386.561, 0, 301.474, 36.8431, 0, 32.3641, 0, 285.859, 0, 0, 0, 221.568, 0, 0, 0, 944.629, 0, 0, 323.826, 724.196, 0, 0, 0, 556.705, 0, 0, 0, 0, 187.584, 2126.56, 3049.93, 0.53735, 497.702, 20385.6, 276.617, 0, 0, 477.729, 0, 34.9197, 0, 628.841, 5.73027, 773.702, 0, 0, 1397.37, 548.245, 279.723, 0, 0, 138.908, 41.228, 0, 213.659, 88.3485, 0, 0, 375.739, 0, 0, 0, 28.3872, 0, 460.672, 106.122, 1820.5, 1237.35, 0.986122, 329.545, 1310.06, 3.59784, 412.237, 0, 0, 177.486, 0, 0, 75.8419, 328.417, 1148.74, 0, 412.917, 0, 0, 0, 0, 0, 839.938, 1783.78, 156.001, 1213.74, 0, 1147.74, 577.528, 64.2884, 
n_nonzero: 60

Running time so far: 61.8919s

