n_tets: 80
relErr: 0.009184
Selected tets: 99, 3, 89, 93, 119, 140, 22, 185, 199, 138, 196, 111, 77, 137, 153, 186, 107, 39, 124, 57, 198, 13, 65, 147, 201, 18, 25, 184, 84, 14, 200, 162, 42, 187, 120, 2, 49, 197, 8, 5, 194, 0, 73, 128, 63, 15, 131, 101, 175, 81, 203, 76, 59, 145, 156, 97, 123, 69, 202, 116, 183, 45, 125, 80, 193, 40, 16, 108, 179, 167, 189, 132, 82, 72, 126, 38, 135, 151, 190, 166, 
Weights: 17.3207, 0, 0.999916, 1.00091, 0.998982, 0.99974, 1.00142, 1.00011, 0.999627, 1.00114, 0.230534, 0.997982, 1.00207, 1.00011, 1.00291, 0.999509, 0.994388, 1.00164, 6.48277, 1.00078, 1.02355, 1.00073, 0, 17.3011, 1.00027, 1.00168, 2.27919, 1.00053, 1.00092, 1.00104, 1.0048, 8.23755, 1.98755, 1.01454, 0.804755, 2.00227, 1.00186, 1.0025, 0, 9.85332, 0.999035, 1.05351, 1.91699, 6.16781, 0.997704, 5.26064, 9.06698, 1.00188, 0.412047, 4.58114, 0.994182, 3.33091, 2.56942, 39.5017, 1.43523, 3.2991, 3.23658, 0, 0.985477, 0, 0.999325, 1.75188, 3.98298, 7.22971, 4.36499, 1.99071, 4.19776, 0.431774, 0, 5.12986, 1.0002, 6.04334, 1.64733, 0.927268, 12.3675, 3.22353, 7.16804, 2.18416, 7.54159, 3.49047, 
n_nonzero: 74

