n_tets: 89
relErr: 0.131639
Selected tets: 995, 6736, 3302, 3987, 3394, 5919, 5053, 3766, 4748, 2193, 2122, 6506, 5764, 1865, 4146, 1481, 7325, 7320, 3959, 6094, 983, 4455, 1823, 6731, 3811, 2352, 488, 6772, 7227, 66, 6257, 6007, 3897, 2837, 6381, 2097, 2003, 2113, 6822, 854, 5717, 2379, 5482, 929, 4260, 5442, 5647, 3953, 7480, 3285, 2645, 3423, 7447, 205, 7291, 3554, 1134, 5283, 2773, 7449, 4780, 2781, 2964, 1828, 1942, 5356, 7446, 2662, 7378, 1587, 757, 3561, 5450, 489, 7483, 2988, 2756, 1944, 1782, 3087, 838, 1882, 3553, 198, 2212, 1505, 7445, 5823, 2668, 
Weights: 742.033, 361.725, 35.6859, 164.946, 94.1479, 344.564, 31.8116, 0, 334.329, 83.5839, 51.0121, 766.786, 73.7983, 128.747, 64.4523, 45.5535, 1.0438, 0.94308, 78.3211, 108.346, 76.8345, 0.678523, 15.5982, 472.816, 92.689, 1.00426, 1.06383, 282.38, 14.5137, 206.172, 37.6032, 137.551, 14.8133, 1.72575, 356.435, 1.00034, 1.04264, 24.5767, 12.1078, 179.799, 1.01056, 1.35847, 0.344094, 1.00938, 275.512, 0.990597, 0.954025, 1.46978, 0.721175, 0.993034, 221.649, 232.965, 0.965959, 0.980533, 52.17, 5.85288, 531.974, 1.01876, 8.40447, 0.372323, 327.986, 0.99703, 88.7748, 74.8833, 2.6858, 0.0276821, 0.13427, 1.00415, 142.624, 96.9337, 0, 4.9954, 1.18657, 235.796, 8.66323, 0.820096, 103.014, 2.37682, 0.95683, 2324.2, 1.4043, 0.953872, 43.2384, 0.371285, 107.411, 252.566, 1.14668, 2.28028, 1.22094, 
n_nonzero: 87

