n_tets: 90
relErr: 0.00753169
Selected tets: 99, 14, 57, 89, 11, 140, 103, 93, 119, 146, 185, 107, 138, 137, 153, 77, 199, 101, 135, 22, 48, 13, 186, 124, 201, 18, 202, 184, 198, 3, 84, 203, 152, 166, 53, 39, 128, 30, 88, 200, 194, 111, 73, 147, 63, 82, 20, 0, 197, 108, 183, 51, 8, 141, 132, 42, 28, 34, 150, 195, 49, 164, 142, 156, 120, 143, 187, 2, 72, 114, 189, 41, 87, 12, 110, 71, 130, 45, 70, 67, 116, 113, 190, 96, 94, 105, 157, 38, 193, 81, 
Weights: 14.9864, 1.00013, 0.999493, 0.999956, 5.06408, 1.00035, 2.07937, 1.00014, 0.999782, 1.5758, 0.999447, 0.999845, 0.998354, 0.999157, 0.994773, 0.999313, 0.99942, 0.994482, 10.9023, 0.99833, 4.34605, 0.999031, 0.995875, 4.70355, 0.998629, 0.99985, 1.00104, 0.999502, 1.00217, 0, 0.999498, 0.99503, 2.0167, 1.17088, 5.7823, 0.999877, 7.87392, 2.33145, 9.32435, 0.999077, 0.999087, 0.999237, 5.01542, 0, 0.995372, 1.92961, 9.09779, 1.01534, 0.994903, 0.418975, 1.00076, 4.9494, 1.21208, 0.426879, 2.93314, 11.0177, 1.66077, 0, 11.4455, 1.64192, 0.985842, 5.64259, 6.57714, 3.41314, 1.72474, 14.2554, 1.00101, 2.40093, 0.973667, 1.19102, 0.988033, 2.66526, 3.57626, 5.28295, 3.94634, 1.23462, 3.77787, 1.41767, 0.703521, 0, 2.78954, 2.25756, 7.68732, 3.33723, 3.97681, 1.59115, 1.67441, 1.96107, 0, 0.917332, 
n_nonzero: 85

