n_tets: 121
relErr: 0.794892
Selected tets: 124375, 46542, 22431, 161983, 143674, 111426, 5209, 47645, 131827, 42982, 77928, 75164, 151043, 23772, 64033, 162187, 157029, 124555, 118915, 110716, 157615, 120497, 4787, 128925, 51116, 109839, 113271, 161340, 102614, 5446, 51827, 134308, 47830, 60563, 95446, 140702, 127430, 163843, 83605, 8806, 58308, 3399, 143398, 90894, 65265, 30496, 95395, 155062, 50615, 48731, 60140, 37708, 86234, 100461, 88219, 142582, 110239, 82570, 37713, 114235, 122538, 6577, 12199, 124805, 10234, 38380, 35976, 80729, 133541, 163281, 85176, 163062, 115468, 3474, 3682, 2883, 89292, 82719, 125373, 153458, 111925, 129183, 3193, 61215, 160479, 97143, 2548, 95264, 94961, 143358, 71164, 66939, 93393, 90654, 107801, 51516, 84277, 156872, 156009, 41142, 116585, 155539, 74659, 125370, 45636, 113272, 106998, 43261, 80197, 117469, 20165, 97272, 157768, 159459, 39825, 155610, 146022, 127434, 12451, 71168, 89075, 
Weights: 1607.11, 1409.8, 220.491, 2717.24, 2.53738, 12769.1, 1984.19, 8140.92, 17881.4, 11284.4, 1.02408, 422.485, 102.89, 2.39754, 157.312, 203.667, 150593, 16.5768, 321.46, 1.00453, 339.251, 1.20402, 22.9296, 2537.61, 1355.9, 1652.25, 5167.48, 27881.2, 1.06555, 90.9769, 771.836, 2.58264, 733.888, 735.644, 4.84058, 12.5404, 241.882, 51143.5, 8464.85, 2393.64, 3.33522, 10216.9, 170.685, 6.68193, 56528.5, 580479, 2.55929, 2.25912, 18.5025, 1.28398, 0.870927, 388951, 0.356963, 207.617, 1.18965, 320.11, 22.7038, 5886.92, 43205.3, 2.68644, 23.1303, 48830.2, 1.03244, 1564.48, 0.980048, 5.62626, 5063.8, 2015.31, 2597.72, 21.2835, 1385.84, 168346, 11000.3, 1119.86, 24.2539, 1.27912, 2011.97, 1.3178, 621.727, 960.762, 181.561, 3864.68, 279.534, 932.826, 1163.03, 271.663, 95.8984, 69.058, 0.867826, 1162.93, 74.4081, 0.747591, 229.246, 173.55, 14027.3, 0.989926, 182.238, 0.729165, 848.168, 10.5701, 2923.51, 1.12105, 3802.53, 0.684269, 136.505, 0.929744, 1.06164, 0.445659, 0.0985882, 1.27113, 1179.04, 2046.83, 2657.01, 27595.9, 143.166, 61.7497, 15.9604, 2474.6, 2342.74, 129.999, 1.04548, 
n_nonzero: 121

Running time so far: 279.337s

