n_tets: 48
relErr: 0.164068
Selected tets: 11653, 17340, 29124, 23576, 14512, 19181, 26439, 14755, 7643, 20581, 27376, 9208, 22436, 17370, 29530, 12686, 9765, 5093, 27829, 5223, 10587, 2282, 28753, 4945, 11956, 10685, 27251, 12253, 14924, 23185, 4460, 21799, 19166, 25112, 6928, 19480, 3092, 14022, 13107, 26027, 22837, 24849, 10400, 3918, 14873, 8521, 25376, 16928, 
Weights: 2657.22, 2269.6, 25.688, 0, 0, 0, 3157.26, 0, 0, 5.00781, 881.234, 1.11474, 0, 2136.49, 0.564232, 2920.69, 946.693, 291.503, 1.9214, 1248.44, 4980.77, 855.139, 0, 1.48516, 5.6915, 1099.42, 0.998475, 1853.51, 1599.76, 0, 1688.12, 1.13693, 0.962491, 26.6759, 75.4632, 51.4005, 395.833, 604.228, 0, 28.822, 256.041, 0, 0.973224, 221.697, 1050.44, 0.464362, 71.1104, 797.386, 
n_nonzero: 38

Running time so far: 79.1836s

