n_tets: 240
relErr: 0.284313
Selected tets: 1842, 1597, 1136, 1224, 452, 822, 1277, 1021, 1856, 1431, 1326, 1875, 1870, 1851, 345, 1428, 475, 146, 405, 1311, 292, 520, 1854, 1332, 427, 731, 489, 1198, 50, 262, 363, 252, 1206, 955, 462, 435, 59, 874, 21, 246, 1652, 1143, 1790, 593, 559, 1457, 1627, 880, 849, 30, 1051, 455, 619, 281, 1638, 1583, 1341, 1102, 1503, 1210, 108, 504, 1159, 238, 682, 1427, 848, 5, 1194, 536, 529, 697, 881, 840, 1454, 1977, 1319, 638, 609, 1490, 1446, 502, 1578, 1868, 1761, 1628, 1351, 305, 447, 1392, 534, 1535, 198, 1032, 853, 1775, 949, 432, 36, 1926, 1119, 324, 1932, 595, 122, 1515, 1779, 753, 767, 1544, 1370, 1197, 1157, 1566, 1005, 1417, 732, 573, 235, 975, 838, 1462, 1009, 105, 918, 13, 1442, 329, 623, 921, 780, 1233, 808, 1883, 1852, 1873, 1642, 540, 199, 380, 1534, 1613, 960, 899, 1393, 1742, 1359, 1044, 1396, 53, 631, 625, 932, 1018, 634, 1376, 75, 812, 89, 334, 260, 839, 1867, 1251, 60, 1855, 201, 1675, 1343, 1440, 615, 1862, 580, 1364, 789, 1911, 2, 1016, 482, 488, 337, 1629, 1452, 40, 38, 1, 589, 440, 503, 1436, 1853, 1928, 721, 944, 856, 1796, 385, 1866, 1784, 1238, 911, 29, 232, 950, 643, 630, 16, 1550, 1549, 1239, 1532, 1934, 726, 535, 1403, 1375, 449, 1296, 1267, 1366, 1571, 113, 1871, 381, 893, 1676, 456, 49, 234, 1274, 72, 88, 1003, 585, 605, 509, 720, 810, 95, 894, 
Weights: 21.2972, 167.352, 246.33, 0.938454, 0.664458, 1.00267, 47.0278, 1.00274, 0.980444, 0.954127, 187.936, 0.991968, 1.09184, 1.13395, 2.12506, 0.97837, 1.0801, 1.50601, 0.98881, 0.896641, 9.87164, 1.07216, 1.10266, 0.932068, 0.960877, 1.95087, 0.829064, 0.997961, 0.986705, 0.995639, 1.49786, 1.05215, 1.01046, 0.674314, 0.977598, 0.978963, 1.00198, 0.927956, 0.554315, 0.965777, 221.304, 0.990236, 0, 4.31541, 0, 3.67021, 1.00414, 2.42107, 0.341197, 0.904546, 1.01033, 0.999611, 1.02604, 1.00142, 0.978738, 1.06173, 0.953613, 0.951715, 1.09293, 1.27586, 0.933429, 1.25625, 0.934119, 0.962015, 0.978696, 0.809719, 4.79331, 0.92261, 1.01227, 1.04831, 0.998954, 1.19652, 1.06749, 1.15366, 1.07062, 1.08351, 1.28065, 0.992164, 1.01474, 1.03558, 45.6964, 0.999732, 0.468285, 1.00411, 1.04736, 0.917018, 11.3554, 1.0417, 0, 0.970217, 1.00588, 1.0038, 1.18743, 1.038, 37.2528, 0.984612, 1.24941, 0.944563, 1.71563, 0.157272, 0.881959, 1.01796, 4.5529, 58.0025, 6.16472, 2.22302, 1.05301, 0.923949, 1.01095, 0.955805, 2.2108, 3.36931, 0.0582033, 0.986088, 0.947824, 1.01702, 2.5454, 1.47313, 228.043, 29.354, 1.0496, 40.6106, 1.01641, 7.03777, 0.775701, 0.11684, 3.03958, 1.15315, 0.913372, 1.58213, 0.76911, 1.12233, 41.08, 1.34906, 0.983543, 1.0379, 1.01924, 1.04673, 1.00235, 0, 0.99101, 0.836697, 6.75066, 0.999767, 1.00076, 0.624872, 0.942767, 1.03439, 1.01204, 1.27281, 0.911758, 1.00687, 1.04487, 1.55978, 1.12272, 0, 88.3432, 67.9968, 1.43803, 1.01932, 0.955411, 1.00132, 0.93677, 19.0108, 0.978479, 0.914925, 21.0364, 0, 0.926484, 0.560366, 0.976713, 138.576, 1.03455, 0.681058, 0.932089, 3.6865, 0.927746, 35.3895, 0.936547, 1.04435, 1.20414, 0.922613, 0, 0.965871, 0.562804, 1.15005, 1.08265, 33.2849, 5.00228, 0, 0.881696, 30.4185, 0, 8.25017, 0.979182, 0.90033, 0.552775, 0.508313, 226.577, 2.35052, 1.14007, 1.04394, 0.727785, 0.877558, 1.24763, 0, 2.73065, 165.815, 0.496631, 0.839667, 5.51289, 44.3485, 1.03444, 0.613965, 0.803119, 0, 1.11669, 0.453385, 4.04097, 1.87961, 1.21331, 0.584071, 0.910658, 1.05606, 0.757263, 1.7448, 0.438172, 1.04806, 0.999143, 0.856205, 0.975614, 0.943517, 0.801502, 0.501484, 5.64386, 0.994107, 1.16027, 1.6152, 7.20786, 0.722419, 
n_nonzero: 229

