n_tets: 108
relErr: 0.00298561
Selected tets: 235796, 269544, 362937, 298539, 381300, 26069, 233619, 388822, 143254, 29257, 129749, 245011, 429667, 245127, 3631, 8706, 280852, 350808, 187116, 150871, 102239, 205157, 23989, 213606, 376047, 363265, 311537, 163244, 206903, 416957, 13780, 160206, 136949, 301704, 377338, 139005, 405237, 161679, 288456, 291655, 315929, 21584, 106379, 134563, 69093, 412289, 126150, 397111, 346140, 248178, 8314, 30348, 401752, 184484, 251881, 160381, 155049, 420840, 229484, 204986, 419364, 397751, 312336, 307422, 371087, 385296, 298875, 300477, 418362, 156640, 115018, 234799, 33298, 113831, 267589, 85015, 57153, 345250, 81311, 263552, 265880, 313697, 278252, 131980, 235486, 143266, 314130, 414915, 91544, 312802, 56878, 285369, 373908, 62244, 420700, 229489, 331355, 114000, 281090, 211588, 282487, 159429, 418158, 29767, 381558, 81782, 373237, 347967, 
Weights: 9333.52, 2487.72, 0, 0, 346.465, 2549.06, 398.753, 358.921, 0, 0, 71.8742, 0, 0, 418.935, 0, 341.678, 0, 563.888, 3271.35, 2572.2, 2870.45, 0, 846.684, 498.143, 296.729, 1510.15, 0, 2435.8, 1984.93, 308.639, 0, 0, 720.859, 3579.1, 1938.17, 2486.63, 9328.45, 0, 2392.55, 0, 4371, 962.229, 0, 546.134, 50.4185, 5061.55, 705.17, 354.215, 0, 0, 909.709, 0, 40.7003, 0, 50881.5, 1188.24, 0, 0, 0, 0, 4586.99, 0, 272.97, 896.179, 64.4567, 0, 882.474, 1863.66, 0, 1.03039e+06, 311.351, 772.509, 1084.99, 3297.07, 1270.49, 0, 0, 606.186, 0, 5922.64, 292.364, 16849.7, 15651.1, 1863.48, 368.163, 556.942, 5613.26, 2114.81, 0, 2473.94, 86745.7, 0, 37353.4, 0, 4745.15, 998.396, 5945.12, 600.235, 121.008, 0, 33403.6, 0, 1175.87, 494.291, 7348.63, 217.319, 27625.5, 28971.8, 
n_nonzero: 74

Running time so far: 177.573s

