n_tets: 38
relErr: 0.234743
Selected tets: 12990, 2693, 1081, 13296, 29045, 55, 26069, 24777, 10112, 15775, 24597, 2844, 19576, 19124, 7979, 25032, 18631, 18394, 29312, 16154, 3112, 4458, 28064, 13752, 6155, 1757, 24381, 26954, 17568, 9447, 16999, 15160, 22523, 12427, 23888, 808, 18293, 11085, 
Weights: 1136.76, 924.981, 1510, 346.266, 4337.67, 447.283, 2810.84, 456.018, 17916.5, 0.89549, 15077.6, 292.652, 236.918, 182.018, 613.737, 569.473, 333.45, 3601.01, 1.32624, 1509.59, 1.17924, 318.344, 142.061, 403.917, 154256, 952.455, 476.536, 2073.1, 890.637, 1623.19, 1454.68, 195.899, 202.776, 453.132, 109.654, 0.872299, 2475.86, 115.404, 
n_nonzero: 38

Running time so far: 17.4425s

