n_tets: 168
relErr: 0.00130589
Selected tets: 235796, 269544, 362937, 298539, 381300, 26069, 233619, 388822, 143254, 29257, 129749, 245011, 429667, 245127, 3631, 8706, 280852, 350808, 187116, 150871, 102239, 205157, 23989, 213606, 376047, 363265, 311537, 163244, 206903, 416957, 13780, 160206, 136949, 301704, 377338, 139005, 405237, 161679, 288456, 291655, 315929, 21584, 106379, 134563, 69093, 412289, 126150, 397111, 346140, 248178, 8314, 30348, 401752, 184484, 251881, 160381, 155049, 420840, 229484, 204986, 419364, 397751, 312336, 307422, 371087, 385296, 298875, 300477, 418362, 156640, 115018, 234799, 33298, 113831, 267589, 85015, 57153, 345250, 81311, 263552, 265880, 313697, 278252, 131980, 235486, 143266, 314130, 414915, 91544, 312802, 56878, 285369, 373908, 62244, 420700, 229489, 331355, 114000, 281090, 211588, 282487, 159429, 418158, 29767, 381558, 81782, 373237, 347967, 284712, 346055, 409759, 305174, 290461, 189807, 275538, 83557, 145765, 111736, 198232, 212437, 202476, 29114, 424541, 327840, 412129, 376211, 124147, 207932, 385107, 325987, 71035, 2998, 180537, 319143, 413997, 179503, 159435, 125934, 233886, 161334, 363109, 248706, 76749, 415107, 199841, 97972, 130768, 373705, 186516, 279888, 165392, 286736, 92506, 171396, 3756, 78807, 137958, 46557, 279086, 386678, 158736, 3062, 270318, 216850, 273407, 183334, 59977, 197867, 
Weights: 7659.22, 2189.75, 27169, 0, 134.945, 1516.49, 779.551, 703.238, 123361, 0, 407.761, 3069.56, 0, 77.0994, 0, 333.174, 2448.99, 174.16, 0, 863.495, 1637.84, 2621.48, 136.373, 29.1948, 263.374, 413.769, 0, 0, 301.564, 320.186, 34697.1, 0, 325.866, 2414.13, 1629.81, 1339.65, 6614.9, 0, 5199.54, 0, 2373.48, 0, 0, 0, 57.3795, 2417.31, 348.189, 191.462, 0, 0, 896.18, 0, 1339.07, 1425.09, 0, 939.474, 0, 0, 0, 0, 5214.8, 550.005, 123.651, 1342.94, 288.516, 0, 1158, 1736.39, 0, 538913, 0, 146.011, 0, 6504.08, 0, 22.0208, 612.678, 802.366, 0, 111.842, 0, 0, 0, 0, 939.214, 0, 0, 180.561, 0, 2808.56, 0, 1562.11, 0, 103125, 626.322, 283.536, 4413.52, 189.498, 52.4956, 7775.82, 0, 0, 2402, 1574.09, 3938.06, 0, 0, 0, 524.48, 702.676, 0, 43953.3, 234.463, 0, 0, 1.71403e+06, 916.029, 69.7206, 0, 291.914, 877.755, 16798, 1721.61, 0, 0, 4196.66, 110.654, 431.087, 0, 2341.54, 1796.95, 1604.05, 3115.53, 10222.3, 793.374, 0, 0, 825.563, 8441.68, 266538, 0, 321.52, 26634.6, 501.207, 233.348, 231.16, 1156.66, 372.474, 201580, 0, 553.082, 387.002, 0, 0, 147.463, 175.67, 3022.14, 66.5336, 54.4716, 2849.03, 0, 5450.17, 92.4723, 69.8294, 19941.9, 0, 109.087, 32497.2, 
n_nonzero: 112

Running time so far: 267.304s

