n_tets: 84
relErr: 0.796672
Selected tets: 78587, 86988, 33623, 161188, 61692, 46546, 4150, 3641, 1909, 129669, 136564, 73277, 54333, 80171, 88747, 109839, 95341, 151770, 163843, 159206, 113565, 85058, 162054, 60598, 162377, 114235, 18061, 30550, 3247, 86300, 155797, 157, 52848, 132004, 155062, 157078, 18091, 140885, 40727, 53028, 53386, 62263, 45610, 94685, 77350, 69024, 63840, 161161, 115874, 71157, 50678, 3857, 3058, 143191, 40776, 100309, 126955, 18636, 18501, 107290, 146744, 2383, 53707, 127460, 39128, 100809, 63921, 147878, 142523, 2001, 114120, 84011, 77067, 101263, 70859, 159371, 6198, 53607, 1662, 1214, 85313, 42193, 160878, 114371, 
Weights: 3438.85, 9.23762, 9976.02, 347.184, 396.253, 312.228, 10.1299, 62.3338, 0.90455, 2775.76, 0.96759, 3.73337, 118.102, 685.342, 1.11386, 5312.56, 12.3319, 725.739, 1.00699, 0.710895, 3.91108, 5.29038, 12615.4, 0.768863, 53813.7, 1.73939, 6.10853, 3.70542, 1.45724, 12.1862, 0.535356, 442.606, 1.2817, 1013.49, 1.44468, 1.11629, 1.02557, 485.705, 0.766071, 1.00935, 1.73917, 7.74893, 2237.8, 87.414, 795.319, 0.904745, 28684.7, 1.11871, 17642.7, 0.795715, 422.22, 78.696, 4.71391, 0.432583, 248.606, 0.930888, 1604.04, 4.7259, 14.129, 39.8451, 330.377, 3.27285, 4.97327, 13.7651, 902.465, 5.28521, 12.2815, 10.5286, 865.332, 0.933385, 1.22369, 1925.95, 14.5796, 6.2559, 46.3082, 4365.03, 17.6195, 779.023, 0.977124, 54.3375, 9.66966, 85.2297, 1.03522, 9.51829, 
n_nonzero: 84

Running time so far: 256.883s

