n_tets: 54
relErr: 0.332181
Selected tets: 995, 6736, 3302, 3987, 3394, 5919, 5053, 3766, 4748, 2193, 2122, 6506, 5764, 1865, 4146, 1481, 7325, 7320, 3959, 6094, 983, 4455, 1823, 6731, 3811, 2352, 488, 6772, 7227, 66, 6257, 6007, 3897, 2837, 6381, 2097, 2003, 2113, 6822, 854, 5717, 2379, 5482, 929, 4260, 5442, 5647, 3953, 7480, 3285, 2645, 3423, 7447, 205, 
Weights: 924.634, 267.162, 223.189, 162.299, 179.255, 487.31, 109.574, 779.613, 398.41, 96.4224, 192.736, 880.879, 65.2438, 170.595, 80.4925, 221.896, 1.08025, 0.927218, 84.624, 102.902, 158.474, 0.683183, 0, 635.068, 124.589, 1.03711, 1.01541, 260.019, 16.2117, 212.435, 32.7564, 103.795, 21.4904, 1.97695, 337.051, 1.05863, 1.01621, 124.944, 23.2839, 187.869, 1.06313, 1.36769, 1.17113, 0.980977, 261.558, 0.964941, 1.00063, 2.72955, 0.798585, 0.995328, 363.332, 322.014, 0.923269, 0.939994, 
n_nonzero: 53

