n_tets: 152
relErr: 0.188132
Selected tets: 12990, 2693, 1081, 13296, 29045, 55, 26069, 24777, 10112, 15775, 24597, 2844, 19576, 19124, 7979, 25032, 18631, 18394, 29312, 16154, 3112, 4458, 28064, 13752, 6155, 1757, 24381, 26954, 17568, 9447, 16999, 15160, 22523, 12427, 23888, 808, 18293, 11085, 21710, 5037, 28706, 24849, 3158, 1861, 26852, 6998, 22223, 17718, 23240, 13004, 29163, 18592, 21111, 17327, 2513, 26644, 26469, 9491, 19563, 18897, 21644, 14158, 19257, 32, 21177, 27885, 14912, 9834, 24152, 8911, 15257, 14184, 26771, 20202, 569, 1421, 81, 25792, 21740, 23859, 20246, 1885, 23608, 1141, 8463, 5287, 8599, 13200, 15779, 28779, 4481, 27112, 7344, 17765, 3052, 5285, 21881, 2808, 19236, 4425, 19523, 689, 28563, 17430, 1401, 13414, 10401, 12, 21536, 2164, 24585, 21119, 19905, 8878, 6015, 14305, 12269, 4838, 17328, 20236, 21868, 14509, 9883, 22851, 14811, 20334, 10372, 23174, 4089, 9537, 11876, 7944, 25381, 12565, 28071, 19262, 22036, 15773, 14687, 28832, 8746, 4118, 20165, 20615, 3666, 4852, 6435, 23188, 10851, 10690, 9179, 27752, 
Weights: 553.224, 695.852, 697.101, 127.22, 309.864, 0, 1009, 579.506, 2166.56, 0.909218, 786.957, 244.535, 88.7463, 100.877, 203.97, 147.813, 701.958, 144.418, 1.03884, 876.781, 1.09143, 570.082, 144.84, 318.245, 572.568, 403.535, 331.281, 398.788, 0, 132.984, 2275.72, 208.199, 135.094, 164.798, 16.7029, 1.40327, 785.482, 1.56679, 9.21382, 1178.54, 799.278, 53.7816, 279.319, 7.49558, 0, 190.652, 114.609, 25.3791, 232.035, 819.916, 226.036, 170.236, 0, 0.788658, 198.679, 0, 3174.65, 79.7151, 873.286, 235.133, 0, 0, 0, 1.01436, 0.961194, 945.118, 0, 266.453, 0, 0, 721.535, 173.135, 13.4922, 490.08, 0.942817, 0.142532, 0.975052, 226.053, 403.658, 401.844, 103.104, 729.465, 200.129, 582.582, 351.378, 58.4735, 0, 2.75098, 18.6059, 56.6524, 0, 34.3075, 161.794, 2.44279, 40.8441, 1.51578, 0, 34.6895, 0.475631, 0, 83.1128, 19.7752, 444.241, 0, 550.264, 235.308, 99.7843, 1.81657, 406.219, 231.819, 14.6265, 61.191, 84.3607, 666.243, 118.21, 135.182, 306.756, 128.7, 0, 36.1369, 0, 64.3999, 0.850559, 182.833, 138.415, 139.02, 0, 0, 6.15546, 76.8289, 158.668, 0, 112.813, 1.37114, 326.09, 0, 140.627, 0.790577, 682.009, 142.065, 260.44, 309.589, 10.1377, 0.979406, 146.168, 1.38009, 1.10997, 104.005, 177.032, 469.162, 231.103, 795.465, 
n_nonzero: 130

Running time so far: 62.6825s

