n_tets: 248
relErr: 0.497883
Selected tets: 55591, 10729, 52224, 23574, 122177, 137855, 89599, 161633, 6368, 119503, 65450, 5110, 138593, 122232, 44900, 71155, 71126, 74218, 11442, 103061, 192, 84811, 18074, 158395, 144670, 78533, 96622, 83286, 7601, 140896, 60, 8433, 8446, 148866, 157255, 67819, 37387, 156080, 77926, 133595, 131204, 130371, 37941, 1312, 72258, 2015, 157620, 11528, 40136, 11695, 116518, 55162, 28810, 25651, 163947, 557, 3093, 39426, 57153, 159262, 163607, 111780, 114463, 66330, 58046, 96129, 107412, 73809, 127580, 103038, 15582, 116751, 24996, 145058, 96623, 50859, 139201, 68285, 48720, 152093, 121880, 45038, 14999, 11023, 24182, 153256, 125015, 132166, 28688, 9888, 33367, 119362, 57728, 152263, 158918, 71632, 43638, 122342, 9551, 112312, 90439, 74658, 108686, 2590, 138995, 40149, 76821, 15689, 29048, 124403, 59151, 130388, 58676, 111045, 146086, 16, 88598, 64120, 32716, 38052, 29543, 119045, 79486, 3909, 19584, 14099, 60598, 4340, 1471, 63394, 1316, 6242, 111897, 3984, 158937, 15704, 61081, 157197, 102178, 53100, 99456, 107301, 1676, 140795, 43813, 63105, 58844, 134644, 157525, 58009, 53262, 138077, 146257, 148145, 136987, 144844, 40314, 42673, 90123, 55387, 114619, 126528, 68245, 3228, 88688, 17228, 78769, 155145, 106437, 160730, 154784, 80385, 107304, 29482, 65873, 106464, 37649, 15789, 32235, 162647, 150235, 144114, 98038, 100344, 59264, 136629, 139535, 57344, 159287, 118104, 108767, 7974, 3339, 38890, 30353, 13332, 13251, 118099, 159754, 85348, 36395, 106405, 135664, 47589, 142318, 5062, 34985, 63478, 146274, 73080, 103894, 2380, 1702, 14464, 135914, 89821, 159579, 155212, 124947, 162928, 16151, 13720, 162252, 64303, 60487, 48417, 35654, 148223, 38574, 129562, 100299, 24381, 37495, 158879, 51055, 161362, 154948, 120305, 110081, 87931, 26507, 157900, 59075, 70669, 12541, 8537, 112911, 47567, 
Weights: 6525.44, 0, 389.287, 4170.89, 2689.12, 0, 2806.52, 71.536, 7890.22, 0, 4432.29, 2581.32, 105.14, 0.996888, 20.6551, 0, 12500.5, 0, 886.246, 478.902, 4.36296, 1.55338, 9669.96, 12.812, 24.1254, 6478.18, 16.2626, 0, 1374.27, 523.681, 273.11, 452.538, 3293.81, 10.7443, 2944.36, 31.2502, 0, 1.66097, 0, 615.652, 522.441, 1048.33, 567.548, 0, 0, 0.627479, 0, 0, 24.6989, 36.4276, 15.4541, 0, 219.632, 0, 2446.41, 0, 0.262541, 750.837, 0, 0, 1.3826, 0, 1528.27, 0, 332.614, 12238.3, 4561.37, 3799.2, 32.7146, 0, 0, 0, 73.5491, 0, 0.880856, 1.05072, 0, 1104.42, 0, 186.524, 0.0545062, 586.407, 0, 5.38438, 1861.97, 0, 0, 1.85648, 0, 663.565, 2.66196, 10.7619, 69.3867, 2879.81, 0.878702, 71982, 0, 4914.46, 0, 129.327, 172.628, 0, 0, 0, 358.316, 396.949, 0, 8.80582, 2.86874, 3.60627, 156.895, 0, 0, 0, 0, 0, 1570.77, 2.37699, 0, 7818.58, 18326.3, 2284.97, 0, 0, 0.691755, 0, 5459.63, 0, 0, 0, 0, 0, 2094.38, 1767.53, 0.998266, 0, 1.24887, 237.693, 0, 96.912, 0, 0, 47.974, 2921.3, 668.92, 992.727, 0, 3709.17, 185502, 1213.72, 0, 168.223, 44374.4, 16101.8, 5360.53, 27.37, 583.669, 0, 89.2821, 2665.57, 1933.59, 0.439386, 1078.14, 0, 648.003, 19.1694, 25.3054, 0, 190.347, 14.5005, 760.941, 1.63661, 0, 0, 0, 0, 0, 1002.97, 346.513, 145.445, 0, 425.802, 21.7579, 5052.1, 0, 8596.9, 51.9487, 0, 1202.12, 3636.74, 36071.4, 62.6069, 1.02177, 510.244, 13.1904, 170.633, 7605.57, 719.069, 32053, 0, 0, 0, 1590.88, 116.998, 10276.4, 0.129545, 0, 0, 10.26, 0, 1757.58, 0, 39.8574, 0, 0, 143432, 0, 94.5491, 64.4897, 0, 0, 4502.67, 0, 0.770202, 0, 117.061, 2.03565, 606.036, 75.4967, 0.654371, 0, 0, 9.03938, 607.423, 0, 34594.9, 0, 773.845, 0, 1.02177, 213.661, 166660, 15562.1, 0, 0, 27180.7, 16675.7, 0, 
n_nonzero: 160

Running time so far: 303.207s

