n_tets: 57
relErr: 0.27729
Selected tets: 99, 89, 141, 93, 171, 185, 186, 65, 77, 57, 53, 2, 172, 119, 137, 18, 135, 168, 84, 194, 202, 101, 200, 14, 138, 107, 166, 155, 111, 198, 63, 189, 3, 72, 58, 203, 95, 49, 183, 30, 130, 146, 81, 67, 142, 123, 43, 201, 71, 157, 118, 122, 193, 0, 149, 86, 69, 
Weights: 15.7914, 1.02369, 26.8856, 1.00409, 0, 0.952875, 0.971916, 0.934334, 1.03404, 1.43335, 27.1502, 0, 11.2749, 0.500503, 0.989132, 1.36064, 23.4535, 29.0945, 0.998516, 0.997048, 1.23647, 2.00423, 0.56798, 0.397446, 0.23976, 0.949247, 44.3431, 0.658841, 1.04582, 0.857726, 1.13596, 2.03534, 13.723, 4.23517, 3.79102, 0.904618, 23.4218, 1.63109, 0.933349, 18.6324, 12.691, 6.62728, 5.95903, 3.45633, 4.18257, 3.39399, 4.98123, 0.130498, 21.8246, 23.0441, 3.7862, 9.94016, 2.34482, 0.417621, 6.80377, 2.02006, 3.39207, 
n_nonzero: 55

