n_tets: 170
relErr: 0.000560989
Selected tets: 99, 14, 57, 89, 11, 140, 103, 93, 119, 146, 185, 107, 138, 137, 153, 77, 199, 101, 135, 22, 48, 13, 186, 124, 201, 18, 202, 184, 198, 3, 84, 203, 152, 166, 53, 39, 128, 30, 88, 200, 194, 111, 73, 147, 63, 82, 20, 0, 197, 108, 183, 51, 8, 141, 132, 42, 28, 34, 150, 195, 49, 164, 142, 156, 120, 143, 187, 2, 72, 114, 189, 41, 87, 12, 110, 71, 130, 45, 70, 67, 116, 113, 190, 96, 94, 105, 157, 38, 193, 81, 125, 181, 117, 85, 5, 179, 46, 131, 123, 40, 80, 196, 106, 109, 163, 43, 29, 24, 19, 16, 176, 66, 168, 65, 59, 4, 191, 74, 104, 139, 52, 25, 182, 9, 144, 155, 133, 175, 154, 192, 31, 172, 26, 23, 167, 115, 92, 122, 76, 136, 97, 134, 148, 17, 91, 151, 126, 98, 78, 15, 69, 37, 54, 121, 36, 162, 75, 177, 171, 32, 112, 1, 62, 118, 56, 61, 188, 86, 129, 21, 
Weights: 3.62453, 1.00013, 1.00001, 0.999991, 1.16824, 0.999969, 1.34464, 1.00002, 0.999824, 1.6473, 0.999993, 1.00012, 0.99994, 1.00005, 0.999782, 1.00001, 1.00002, 1.00046, 0, 0.999916, 0.794823, 0.999909, 1.0003, 0.353534, 0.999789, 0.999794, 0.999832, 1.00001, 1.00019, 1.40817, 1.00015, 0.999982, 1.03226, 5.33208, 2.13518, 1.00002, 0.830183, 0.746663, 1.80744, 0.999766, 1.00005, 1.0001, 0.912909, 0, 1.00019, 1.07637, 1.56688, 0.996891, 1.00004, 0.974671, 1.00015, 0, 1.61885, 0.945912, 1.09388, 6.35701, 0.618916, 0.809977, 0.85007, 1.15987, 0.999868, 1.13501, 0.632161, 0.558227, 0.554909, 1.85692, 1.00015, 0.985509, 1.00111, 1.43146, 1.0006, 0, 0.812967, 1.48373, 1.29222, 0.986998, 0.829952, 0.88068, 1.11759, 1.11975, 0.709877, 1.44789, 0.626255, 1.23248, 1.35475, 1.87219, 0.302015, 0.771069, 1.44251, 1.20922, 1.53258, 0, 0.00198824, 1.70963, 0.949912, 0.69513, 0.850853, 0.991769, 1.0602, 2.49278, 1.92257, 0.807537, 0.691474, 1.69895, 1.12016, 0.468958, 1.25793, 0.771971, 2.56288, 0, 1.97285, 0.889429, 1.56636, 0, 2.83582, 2.11544, 0.828378, 1.42914, 0.591556, 1.84032, 1.22135, 1.12459, 1.24633, 1.08485, 2.3606, 1.07666, 0.629094, 1.12186, 1.54607, 0, 1.29974, 0.489788, 3.64743, 1.47636, 2.12403, 1.61453, 1.83353, 1.83726, 1.17383, 1.70746, 1.2275, 1.49995, 2.19172, 0.942171, 1.23991, 1.26902, 2.5825, 3.12356, 1.80834, 2.00734, 1.2147, 0.736208, 3.65474, 5.40469, 0.255442, 1.04712, 0.775009, 0, 0.337937, 0, 0.86636, 0.827624, 0.575331, 1.26318, 1.62845, 1.40607, 0.507337, 0.57797, 0.296961, 0.437683, 
n_nonzero: 160

