n_tets: 112
relErr: 0.793406
Selected tets: 124375, 121790, 82838, 91751, 46542, 22431, 89393, 161983, 61709, 143674, 164006, 84811, 144972, 111426, 30791, 5209, 47645, 101503, 131827, 24099, 42982, 127101, 77928, 77567, 75164, 48075, 151043, 137605, 139011, 104180, 23772, 116348, 79876, 7971, 64033, 103700, 162187, 162776, 139535, 157029, 90073, 124555, 154522, 118915, 127580, 110716, 157615, 120497, 80145, 4787, 79199, 112180, 128925, 36230, 67519, 51116, 154646, 156439, 89831, 109839, 69428, 113271, 161340, 136800, 102614, 5446, 155762, 18836, 51827, 70410, 134308, 60385, 47830, 101564, 156454, 132844, 85261, 3217, 113369, 60563, 158978, 162162, 95446, 140702, 127430, 163843, 83605, 140904, 10924, 8806, 108991, 4015, 58308, 72964, 3399, 59151, 143398, 32669, 74217, 90721, 80987, 159644, 3372, 62759, 90894, 65265, 35455, 24104, 30496, 79449, 84833, 58896, 
Weights: 3236.08, 1377.98, 344.73, 3071.67, 1.58334, 1071.95, 12139.8, 1717.87, 8931.43, 21448.8, 12803.9, 1.02426, 1833.58, 93.0708, 251.258, 2.39215, 149.939, 210.461, 76284.2, 49.004, 158.827, 1.0036, 398.339, 1.12733, 38.5674, 1658.78, 1161.6, 1599.79, 25051.5, 1.02093, 92.1929, 844.502, 2.56572, 4258.67, 1182.26, 4.80518, 13.5147, 234.27, 26325.6, 6519.14, 2560.19, 3.41024, 2835.13, 609.964, 28839.3, 485325, 2.55945, 2.20592, 19.3526, 1.28672, 0.867983, 539763, 0.444876, 260.52, 1.12462, 431.162, 14108.5, 4592.47, 55405.7, 2.66394, 1210.42, 22.9467, 47030.9, 1.03235, 8680.91, 6443.25, 0.978517, 3.97709, 10115.1, 1980.12, 2334.36, 28.3142, 5012.5, 191480, 9083.27, 2297.07, 22.1714, 1.3629, 2139.16, 759.699, 1.2499, 1010.45, 906.218, 1574.24, 29.7282, 0.659714, 79.6126, 105.952, 613.161, 13573.3, 151.062, 1621.65, 1.08731, 8750.82, 1.00208, 1.04566, 3.23114, 9.74349, 2329.94, 51.2786, 128.062, 1.07608, 0.964019, 123.19, 8487.76, 1.19294, 3083.92, 58.3266, 7.56446, 10.627, 2334.5, 44.6912, 
n_nonzero: 112

Running time so far: 175.125s

