n_tets: 12
relErr: 0.0120336
Selected tets: 18431, 3987, 14262, 539, 10040, 12819, 5779, 6122, 15152, 7059, 19558, 1286, 
Weights: 734.881, 975.667, 763.716, 3583.8, 8743.03, 0, 1297.05, 749.261, 840.764, 2965.98, 24681.1, 461.387, 
n_nonzero: 11

Running time so far: 3.99222s

