n_tets: 60
relErr: 0.390313
Selected tets: 646, 4859, 766, 5730, 6102, 5173, 2479, 5512, 6491, 2756, 5585, 4720, 5726, 4711, 2853, 536, 3953, 3924, 4232, 5053, 2737, 4569, 3380, 591, 3595, 1316, 4049, 943, 6702, 2401, 237, 5636, 4724, 769, 4082, 5093, 204, 4948, 1781, 441, 2597, 1573, 5823, 7446, 2416, 5442, 2694, 6551, 2668, 5345, 1776, 2660, 6342, 3414, 4546, 2849, 2928, 4458, 1736, 2463, 
Weights: 46.4955, 12456.1, 766.194, 19560.4, 2046.52, 1193.89, 172452, 12916, 0, 42.7226, 814.104, 75.8427, 0, 434.176, 7.32644, 8721.89, 2.23196, 381.14, 432.865, 27631.1, 998.454, 1108.67, 201.895, 27674.5, 100.056, 0, 0.139873, 2474.81, 4506.66, 87.5987, 38365.5, 10957.9, 206.194, 1102.59, 16.6779, 0, 31.0129, 1613.3, 3191.34, 132.994, 15403.1, 120.763, 0, 0, 52.8906, 14.6139, 2311.84, 11092.1, 0.68649, 91.2478, 0, 319.756, 50.0127, 0, 1604.32, 1816.77, 105.467, 117.438, 338.148, 621.534, 
n_nonzero: 52

