n_tets: 231
relErr: 0.355737
Selected tets: 21500, 27848, 13245, 1062, 23629, 22890, 26439, 10395, 1762, 13239, 2064, 7179, 9472, 27723, 24981, 25538, 15997, 17901, 5546, 26161, 18850, 4761, 5565, 27606, 22601, 20170, 12812, 17721, 2763, 14933, 20973, 11971, 24234, 3854, 16524, 4933, 15470, 7354, 20470, 23593, 2716, 26312, 15489, 22202, 6495, 19403, 4175, 26183, 25581, 28594, 14670, 7776, 16251, 26302, 4498, 13334, 10833, 23642, 26751, 15401, 6651, 28287, 27213, 10437, 19522, 5873, 5967, 9001, 797, 5789, 26177, 1249, 10457, 25105, 1041, 8851, 16236, 21990, 4960, 14700, 6339, 7218, 5056, 17417, 22733, 16473, 5270, 8120, 15142, 25168, 14245, 22838, 19706, 2303, 5541, 1787, 9988, 25121, 27307, 22758, 27118, 5367, 28123, 24230, 19701, 5322, 6105, 22447, 788, 24371, 514, 5611, 12546, 18677, 22399, 17584, 15196, 5272, 26570, 6448, 7782, 6001, 9622, 19954, 24762, 16167, 24682, 4553, 6030, 2808, 6023, 1436, 6382, 28429, 28325, 17138, 24418, 21635, 3390, 10128, 4570, 15492, 18878, 1948, 13220, 3996, 7089, 20070, 4447, 18428, 24740, 635, 10056, 6121, 27609, 11030, 4054, 21875, 13512, 21400, 17943, 14408, 10462, 21780, 12015, 24751, 19324, 26859, 5433, 2058, 6842, 27812, 13430, 18084, 17718, 24435, 25791, 13164, 12836, 552, 6238, 26529, 6044, 14932, 5807, 24877, 23379, 19225, 4161, 8462, 3903, 14349, 13085, 9124, 20388, 21901, 22900, 4026, 27388, 21325, 27618, 24564, 22851, 9644, 12504, 4963, 27417, 23809, 576, 13063, 8730, 20764, 10960, 9504, 5740, 13584, 12798, 7326, 22715, 14189, 15260, 20071, 10779, 26065, 13769, 7378, 24282, 18023, 25533, 17025, 23489, 
Weights: 27.5379, 0, 2999.67, 0, 0, 1864.74, 393.783, 1.07526, 368.369, 0, 7.14012, 466.343, 0, 0, 19.8907, 0, 234.77, 293.608, 0, 741.019, 25.2194, 300.278, 129.311, 0, 0, 0, 0, 51.3228, 0, 0, 0.107684, 5.1972, 4.55906, 6.49725, 36.6916, 19.8893, 0, 1941.12, 0, 1.01003, 0, 1.63379, 0.650947, 49.8521, 1.77846, 298.914, 45.5035, 1.00594, 0, 0, 0, 0, 1.38263, 0, 0, 26.9794, 214.228, 39.7484, 392.072, 0, 0.981685, 1.67899, 404.797, 0, 0, 184.562, 1144.46, 0, 0, 3528.03, 63.7096, 159.595, 0, 0, 582.79, 0, 0, 5.56263, 0, 0, 17.0318, 0, 1.44577, 0, 1421.52, 40.5865, 65.4707, 14.0929, 147.93, 0, 0, 3.89746, 0, 0, 0, 44.0352, 809.619, 98.9857, 0, 3.40431, 0, 875.503, 0.294146, 219.771, 0, 38.8221, 1.24995, 26.7897, 492.285, 29.564, 105.574, 492.968, 892.129, 0, 0, 0.968734, 0, 0, 91.7858, 0, 0, 18.6658, 0, 411.408, 16.6574, 0, 3123.37, 595.622, 0.834778, 0, 0, 386.791, 39.8573, 112.589, 75.6088, 0, 0, 183.082, 2.91484, 0, 0, 1.08146, 154.733, 0, 7.80433, 10.0662, 0.737574, 0, 19136.9, 0, 1719.62, 651.545, 463.114, 0.962044, 13.4548, 0, 7.73183, 0, 1929.44, 0, 3.36999, 797.844, 2.64462, 0, 0, 510.76, 0.833626, 0, 815.176, 2.14785, 82.7915, 597.57, 0, 11.3364, 0, 2.53459, 1.03467, 0, 0, 0, 1.73046, 4639.51, 0, 416.48, 8.10971, 0, 0, 1.006, 0.243633, 0, 0, 14.3074, 377.858, 363.939, 6478.56, 0, 119.488, 0, 0.961771, 0, 0, 0, 20417.8, 13.3751, 0, 192.928, 0, 0, 17.1046, 0.992792, 0, 454.882, 0, 0, 0, 45.0836, 0, 136.422, 0, 0, 1.01372, 146.304, 34.619, 634.88, 31.7212, 0, 0, 0, 4500.9, 0, 0, 
n_nonzero: 134

Running time so far: 78.1511s

