n_tets: 112
relErr: 0.102757
Selected tets: 995, 6736, 3302, 3987, 3394, 5919, 5053, 3766, 4748, 2193, 2122, 6506, 5764, 1865, 4146, 1481, 7325, 7320, 3959, 6094, 983, 4455, 1823, 6731, 3811, 2352, 488, 6772, 7227, 66, 6257, 6007, 3897, 2837, 6381, 2097, 2003, 2113, 6822, 854, 5717, 2379, 5482, 929, 4260, 5442, 5647, 3953, 7480, 3285, 2645, 3423, 7447, 205, 7291, 3554, 1134, 5283, 2773, 7449, 4780, 2781, 2964, 1828, 1942, 5356, 7446, 2662, 7378, 1587, 757, 3561, 5450, 489, 7483, 2988, 2756, 1944, 1782, 3087, 838, 1882, 3553, 198, 2212, 1505, 7445, 5823, 2668, 3188, 3426, 3122, 7048, 3326, 1443, 4753, 5652, 5492, 6283, 834, 3932, 1017, 847, 175, 7226, 3876, 6269, 2178, 1906, 2868, 5016, 4483, 
Weights: 721.503, 345.084, 47.1878, 149.065, 82.8994, 263.488, 21.86, 0, 328.703, 83.9043, 7.61594, 649.92, 63.1527, 101.886, 65.0122, 28.8109, 1.04457, 0.947731, 66.6955, 95.4735, 74.7739, 0.681326, 0, 345.826, 97.4878, 1.00438, 1.05928, 177.817, 12.7967, 196.562, 47.0905, 116.036, 7.54591, 2.05874, 215.55, 0.997598, 1.05467, 58.2064, 10.0619, 182.262, 1.01422, 1.36175, 0.436236, 1.0064, 219.017, 0.990913, 0.954971, 1.53418, 0.46158, 0.993888, 195.249, 199.152, 0.974585, 0.985571, 14.0696, 4.95655, 456.017, 1.02134, 50.3181, 0.930035, 352.754, 0.998568, 91.7391, 29.0492, 2.25956, 0.332434, 1.13049, 1.00422, 130.728, 123.881, 0, 4.27627, 1.17729, 130.363, 11.9127, 0.837534, 120.448, 0.682942, 0.965536, 0, 1.03708, 0.969105, 0, 0.386629, 84.9864, 302.09, 1.13304, 2.55553, 1.49377, 93.1484, 19.3994, 81.3239, 11.1062, 142.326, 32.4039, 0, 0.402166, 0.985117, 24.8257, 2.30879, 165.325, 5.30738, 200.173, 189.788, 3.94793, 0.96811, 56.2787, 1.00892, 0.714492, 0.753285, 0.821408, 0.613374, 
n_nonzero: 106

