n_tets: 24
relErr: 0.581177
Selected tets: 20227, 7158, 12249, 20491, 1852, 17144, 17447, 27511, 21389, 4497, 5016, 8905, 19850, 28665, 25016, 26706, 23953, 5251, 18745, 11531, 24173, 26417, 6142, 15927, 
Weights: 2336.23, 0.520315, 2136.43, 1132.71, 6641.06, 1228.79, 10933.5, 0.546519, 1632.01, 1810.3, 0.592828, 33.8066, 0.801568, 0.507631, 1.52363, 982.942, 909.597, 76.5493, 290.633, 449.904, 1.37107, 21.1061, 278.273, 1184.17, 
n_nonzero: 24

Running time so far: 30.2982s

