n_tets: 110
relErr: 0.105654
Selected tets: 995, 6736, 3302, 3987, 3394, 5919, 5053, 3766, 4748, 2193, 2122, 6506, 5764, 1865, 4146, 1481, 7325, 7320, 3959, 6094, 983, 4455, 1823, 6731, 3811, 2352, 488, 6772, 7227, 66, 6257, 6007, 3897, 2837, 6381, 2097, 2003, 2113, 6822, 854, 5717, 2379, 5482, 929, 4260, 5442, 5647, 3953, 7480, 3285, 2645, 3423, 7447, 205, 7291, 3554, 1134, 5283, 2773, 7449, 4780, 2781, 2964, 1828, 1942, 5356, 7446, 2662, 7378, 1587, 757, 3561, 5450, 489, 7483, 2988, 2756, 1944, 1782, 3087, 838, 1882, 3553, 198, 2212, 1505, 7445, 5823, 2668, 3188, 3426, 3122, 7048, 3326, 1443, 4753, 5652, 5492, 6283, 834, 3932, 1017, 847, 175, 7226, 3876, 6269, 2178, 1906, 2868, 
Weights: 722.045, 348.202, 49.227, 149.524, 83.1933, 263.555, 23.0048, 0, 328.007, 82.9264, 6.43448, 651.529, 62.7907, 101.035, 64.3796, 34.7859, 1.04474, 0.947673, 66.5204, 94.9796, 75.6343, 0.681414, 0, 344.946, 97.6243, 1.00318, 1.06028, 182.102, 12.7088, 196.656, 47.2471, 116.081, 15.7592, 2.06432, 215.5, 0.998201, 1.04391, 56.0779, 10.1793, 182.196, 1.01453, 1.36312, 0.339852, 1.01701, 214.345, 0.990846, 0.952483, 1.53434, 0.674308, 0.993976, 201.015, 200.816, 0.976437, 0.985868, 15.7693, 4.64956, 461.969, 1.02254, 48.0525, 0.382557, 335.65, 0.998639, 95.0809, 25.8805, 2.58899, 3.58286, 1.00489, 1.00421, 129.947, 123.306, 0, 4.8067, 1.17699, 130.03, 11.1214, 0.807131, 121.069, 0.840827, 0.965658, 0, 1.07027, 0.938083, 0, 0.390455, 85.9043, 281.173, 1.05125, 2.38952, 1.50775, 94.2824, 18.9091, 81.9586, 11.1966, 141.983, 32.3656, 0, 0.343572, 0.985635, 24.6628, 2.32317, 148.839, 3.70562, 198.04, 193.21, 8.49241, 0.962773, 53.8862, 1.00961, 0.712268, 0.616797, 
n_nonzero: 104

