n_tets: 75
relErr: 0.595768
Selected tets: 7270, 3342, 2729, 7516, 4735, 4115, 5092, 675, 2386, 4185, 249, 6788, 1975, 2958, 2912, 4212, 3462, 7402, 938, 5468, 3845, 1716, 3609, 394, 7294, 6477, 6834, 4114, 5275, 7421, 7271, 1048, 6793, 365, 6023, 2179, 2097, 2361, 1991, 264, 1377, 2044, 5482, 386, 7069, 2211, 6337, 182, 5904, 4266, 6650, 796, 3699, 5734, 4858, 516, 7519, 1337, 802, 3630, 6801, 3645, 4988, 6614, 1230, 2153, 7243, 1288, 7043, 4440, 1268, 1481, 6782, 4556, 5002, 
Weights: 0, 0, 1020.59, 0, 0, 0, 43.2518, 0, 0, 0, 0, 0, 0, 0, 13.8806, 0, 0, 0, 0, 363.721, 0, 0, 0, 0, 0, 0, 0, 0, 0, 0, 0, 5752.75, 0, 0, 0, 0, 0, 55.1836, 0, 508.717, 0, 0, 0, 652.558, 0, 398.168, 0, 0, 498.293, 0, 0, 0, 0, 0, 0, 0, 0, 0, 0, 45.7161, 0, 0, 0, 1.00874, 0, 0, 0, 0, 3.78558e-06, 0, 0, 12.0285, 0, 43.0095, 0, 
n_nonzero: 14

