n_tets: 76
relErr: 0.213958
Selected tets: 12990, 2693, 1081, 13296, 29045, 55, 26069, 24777, 10112, 15775, 24597, 2844, 19576, 19124, 7979, 25032, 18631, 18394, 29312, 16154, 3112, 4458, 28064, 13752, 6155, 1757, 24381, 26954, 17568, 9447, 16999, 15160, 22523, 12427, 23888, 808, 18293, 11085, 21710, 5037, 28706, 24849, 3158, 1861, 26852, 6998, 22223, 17718, 23240, 13004, 29163, 18592, 21111, 17327, 2513, 26644, 26469, 9491, 19563, 18897, 21644, 14158, 19257, 32, 21177, 27885, 14912, 9834, 24152, 8911, 15257, 14184, 26771, 20202, 569, 1421, 
Weights: 720.137, 874.249, 542.114, 213.935, 1702.23, 357.801, 2217.5, 590.192, 12093.7, 0.877761, 8734.84, 224.702, 214.883, 100.453, 254.175, 393.158, 833.659, 2394.62, 1.31038, 6.08107, 1.13756, 0, 105.827, 348.332, 61983.6, 680.807, 216.569, 1209.89, 0, 103.908, 2364.74, 86.1513, 167.853, 183.951, 53.9315, 0.912802, 3984.18, 157.051, 7.04442, 1824.39, 776.009, 76.9597, 416.702, 6.49237, 1342.31, 229.646, 192.068, 242.779, 515.643, 2517.38, 355.562, 343.376, 287.12, 1.88968, 256.415, 0, 455.994, 283.979, 530.733, 131.344, 393.919, 2.28514, 892.623, 1.01684, 0.966935, 1183.73, 115.881, 453.552, 278.612, 9.14251, 405.937, 0, 0, 1405.95, 0.946786, 0.145092, 
n_nonzero: 71

Running time so far: 30.6014s

