n_tets: 70
relErr: 0.351743
Selected tets: 32562, 2811, 43286, 18384, 24071, 43879, 16774, 30220, 11939, 42759, 7052, 32003, 35144, 42003, 33866, 29492, 8491, 24035, 42965, 39954, 22963, 4138, 31870, 3748, 12100, 37253, 43894, 39169, 3981, 8750, 28805, 7987, 34335, 1820, 3010, 14249, 41973, 33171, 1548, 5577, 44247, 15450, 16138, 30782, 15187, 2979, 15401, 42531, 22322, 39851, 12243, 20125, 42722, 36310, 10559, 17140, 2881, 18193, 35613, 6158, 14859, 20282, 1614, 20754, 22402, 21249, 44411, 37958, 12145, 31817, 
Weights: 4034.81, 6506.94, 66.8068, 552.837, 681.897, 1.2146, 4.25574, 3925.55, 0, 0, 684.169, 643.645, 216.612, 1.03904, 1.38025, 0, 0, 1615.14, 0, 1.35722, 117.569, 0, 1006.83, 1817.76, 0.470236, 0, 1.35873, 0.592882, 4861.34, 189.791, 0.804079, 0, 19.0808, 0.957345, 104.79, 0, 1.93056, 0, 239.048, 971.819, 29.5618, 167.995, 2.10928, 168.391, 608.431, 0.710051, 1420.04, 36.9667, 6.4174, 82.4454, 81.9908, 0, 0, 998.745, 2723.62, 1.50522, 26.2827, 1065.34, 0.996614, 0, 0.822011, 135.723, 110.153, 0, 9.1386, 252.26, 2.60998, 765.911, 58.7946, 38.2998, 
n_nonzero: 56

Running time so far: 42.9668s

