n_tets: 210
relErr: 0.0572155
Selected tets: 29127, 663, 19334, 2539, 17312, 25934, 6233, 15770, 23150, 23393, 21534, 19440, 9499, 12040, 9900, 8286, 14089, 5132, 29637, 16013, 9885, 6439, 27103, 1556, 11950, 19167, 26536, 17860, 2187, 12207, 13680, 29504, 14520, 12427, 5898, 3575, 24294, 4103, 1539, 9627, 13058, 17874, 21181, 14917, 6858, 15734, 15047, 8963, 4109, 22990, 12018, 8391, 13923, 11980, 10161, 1221, 6571, 21511, 6642, 14605, 2433, 18051, 2317, 4136, 21177, 25650, 4112, 25027, 11085, 22722, 20054, 13407, 2550, 16056, 10844, 28817, 29263, 7874, 1018, 2180, 12314, 14017, 18907, 21392, 17871, 17261, 25538, 21565, 5190, 4090, 4481, 29527, 22754, 17269, 1706, 19507, 22767, 21277, 15624, 25566, 7008, 29291, 17148, 17430, 18483, 27326, 14990, 4016, 15940, 3545, 2076, 4190, 18033, 25532, 6015, 11870, 24073, 24085, 1254, 22699, 1526, 7056, 7645, 6097, 16119, 23911, 26767, 17557, 16192, 9977, 12420, 18260, 7946, 8506, 24926, 3821, 5279, 8747, 41, 15698, 4142, 8457, 27723, 15301, 9608, 26671, 3017, 27817, 8222, 23082, 14012, 3996, 5385, 19028, 696, 23333, 25540, 24171, 8964, 27296, 25332, 1649, 10866, 22717, 5468, 20371, 18345, 1666, 2991, 14127, 16088, 19715, 7124, 803, 4560, 4274, 13761, 32, 27801, 15930, 21093, 5877, 17772, 19162, 8010, 1016, 14641, 9168, 24107, 18267, 13638, 13409, 19000, 20869, 19225, 6436, 25795, 355, 8591, 2545, 5527, 6823, 819, 22736, 3421, 3312, 13144, 29350, 3362, 23876, 
Weights: 622.469, 0, 289.113, 239.114, 0, 16.2951, 532.382, 0, 0, 0, 0, 0, 0, 0, 0, 1841.44, 122.64, 0, 0, 0, 1635.51, 212.011, 0, 892.513, 0, 0, 0, 390.633, 0, 86.3841, 0, 498.4, 0, 0, 522.949, 255.138, 0, 0, 0, 297.808, 0, 0, 0, 419.267, 87.4166, 0, 0, 1.21166, 0, 0, 378.782, 0, 0, 46.9779, 3460.06, 0, 0, 391.934, 331.182, 232.327, 0, 0, 735.576, 63.2589, 0, 0, 0, 0, 72.1308, 0, 0, 0, 0, 0, 184.062, 0, 0, 0, 0, 817.743, 0, 86.4323, 1139.27, 971.029, 0.987858, 632.1, 0, 112.267, 0, 0, 205.456, 45.5663, 0, 1841.6, 0, 121.255, 0, 0, 294.022, 0, 109.008, 0, 0, 0, 0, 1420.97, 39.6151, 0, 0, 850.31, 0, 0, 0, 208.244, 0, 0, 0, 0, 0, 740.093, 0, 922.087, 0, 0, 195.263, 0, 1157.07, 0, 0, 0, 0, 111.582, 43.7335, 659.31, 0, 15.2847, 0, 0, 8.66663, 0, 9.25645, 0, 0, 0, 100.259, 87.2192, 559.769, 703.513, 2.10193, 50.0935, 0, 0, 0, 134.009, 0.997942, 0, 37.5793, 0, 1.00034, 360.245, 0, 662.74, 339.369, 0, 50.5563, 0, 234.243, 0, 0, 0, 0, 0, 732.639, 0, 996.302, 0, 0, 0, 0, 492.562, 0, 235.912, 1649.07, 0.948301, 0, 0, 0, 0, 121.206, 0, 0, 0, 0, 0, 170.384, 0, 148.428, 0, 0, 19.6314, 0, 0, 0, 207.079, 0, 658.667, 0, 0, 0, 1533.47, 
n_nonzero: 84

Running time so far: 123.328s

