n_tets: 204
relErr: 0.758917
Selected tets: 78587, 86988, 33623, 161188, 61692, 46546, 4150, 3641, 1909, 129669, 136564, 73277, 54333, 80171, 88747, 85058, 162054, 60598, 162377, 114235, 18061, 3247, 155797, 52848, 155062, 18091, 53028, 62263, 45610, 77350, 69024, 161161, 115874, 71157, 50678, 3857, 143191, 40776, 126955, 18636, 107290, 146744, 2383, 127460, 39128, 63921, 2001, 114120, 77067, 159371, 6198, 1214, 85313, 75546, 310, 98650, 146673, 86030, 46542, 7828, 134066, 43459, 128179, 3520, 131468, 114102, 73094, 147347, 146275, 114738, 77696, 84102, 101306, 13770, 2937, 75410, 5353, 114140, 88234, 117788, 148327, 75370, 115468, 65019, 31474, 103372, 67703, 4678, 73014, 137859, 37747, 73999, 47323, 121160, 103706, 156221, 82021, 81976, 104377, 162099, 122340, 50690, 76918, 542, 164194, 5379, 94329, 75443, 670, 37310, 87714, 38667, 100633, 74158, 74245, 96708, 71307, 159860, 133263, 134218, 150755, 138167, 55885, 61709, 34911, 98604, 126234, 64575, 150252, 162736, 3010, 98127, 19730, 68419, 61246, 86485, 161439, 31380, 172, 37457, 63378, 148938, 157382, 63749, 43836, 155738, 3397, 7842, 69987, 125779, 4035, 108991, 48618, 102092, 122350, 5394, 23840, 33105, 83602, 140995, 159848, 48032, 110357, 37545, 59774, 84339, 71346, 155041, 131532, 77932, 110081, 20943, 91428, 24164, 45644, 118122, 142525, 122560, 90675, 80678, 147923, 73818, 11238, 84460, 44003, 41760, 161455, 46317, 113408, 143300, 146240, 1898, 75623, 3472, 19907, 138783, 153706, 125000, 54072, 54823, 60593, 136129, 11167, 563, 
Weights: 2874.17, 8.86826, 8489.16, 390.888, 333.897, 225.497, 10.3046, 64.7465, 0.902527, 1821.09, 0.968614, 4.18779, 122.112, 210.926, 1.1057, 5373.1, 12.6475, 717.516, 1.0106, 0.933009, 3.70282, 2.00293, 16911.9, 0.757284, 25205.8, 1.76171, 6.01745, 2.19351, 1.56247, 12.2967, 0.504654, 1.27226, 742.05, 2.21621, 1.11482, 0.942075, 830.567, 0.76479, 1.57768, 2.12674, 8.1587, 1084.27, 54.3054, 600.122, 0.815395, 23627.4, 1.11835, 15943.3, 0.801534, 62.3746, 88.7773, 4.50374, 0.431371, 190.622, 0.826665, 775.361, 4.69134, 15.0574, 36.287, 381.08, 3.22795, 1.32753, 4.20836, 13.429, 376.999, 4.99811, 10.1928, 7.90961, 507.628, 0.926347, 1.16034, 1318.98, 16.4845, 6.94661, 44.2795, 477.164, 1.36498, 2.34529, 3097.65, 1.04581, 3.39302, 2.82414, 182.697, 1.35716, 1.06184, 1.00955, 22.375, 1.47312, 1.60741, 0.598837, 6.22244, 1.3585, 188.433, 0.486957, 209.702, 1.04939, 1.82898, 0.601738, 7.70466, 69.692, 1.04919, 5.17954, 2.35676, 0.178383, 79.2426, 1.00781, 54.3963, 6.50866, 1.09, 16020.2, 11302.8, 8.32249, 0.670663, 10.0967, 939.006, 1.61001, 47.6052, 3.41992, 0.0790284, 0.92557, 111.316, 1.46258, 0.755218, 1.11492, 12749, 14.3569, 413.756, 0.288553, 0.951123, 289.089, 8.3211, 174.061, 1111.89, 2263.18, 3981.74, 1.00901, 86.3027, 1624.28, 1.11516, 0.892819, 12.7221, 6159.63, 0.231164, 24011, 193.91, 52.2668, 1.70072, 16.6521, 1.02491, 0.761644, 1.31551, 0.995414, 1.7335, 1.14326, 160.385, 36.5429, 74.0145, 237.28, 134.03, 0.989048, 181.583, 7.04785, 133.153, 0.994876, 1.31212, 0.957331, 3.01458, 14.6263, 0.541266, 1.4077, 3.54271, 1.09193, 321.411, 5.21342, 169.535, 2.46495, 3.18561, 29.2815, 2.16787, 0.99287, 6.99468, 1.25649, 708.347, 0.719644, 1.78654, 1.16425, 1.07027, 209.209, 1.15812, 4.87971, 0.467055, 237.242, 97.463, 1.16825, 73.7623, 295.124, 2.76428, 19.1381, 158262, 1.49665, 441.147, 36.7114, 277.104, 150.263, 
n_nonzero: 204

Running time so far: 1023.76s

