n_tets: 165
relErr: 0.380994
Selected tets: 21500, 27848, 13245, 1062, 23629, 22890, 26439, 10395, 1762, 13239, 2064, 7179, 9472, 27723, 24981, 25538, 15997, 17901, 5546, 26161, 18850, 4761, 5565, 27606, 22601, 20170, 12812, 17721, 2763, 14933, 20973, 11971, 24234, 3854, 16524, 4933, 15470, 7354, 20470, 23593, 2716, 26312, 15489, 22202, 6495, 19403, 4175, 26183, 25581, 28594, 14670, 7776, 16251, 26302, 4498, 13334, 10833, 23642, 26751, 15401, 6651, 28287, 27213, 10437, 19522, 5873, 5967, 9001, 797, 5789, 26177, 1249, 10457, 25105, 1041, 8851, 16236, 21990, 4960, 14700, 6339, 7218, 5056, 17417, 22733, 16473, 5270, 8120, 15142, 25168, 14245, 22838, 19706, 2303, 5541, 1787, 9988, 25121, 27307, 22758, 27118, 5367, 28123, 24230, 19701, 5322, 6105, 22447, 788, 24371, 514, 5611, 12546, 18677, 22399, 17584, 15196, 5272, 26570, 6448, 7782, 6001, 9622, 19954, 24762, 16167, 24682, 4553, 6030, 2808, 6023, 1436, 6382, 28429, 28325, 17138, 24418, 21635, 3390, 10128, 4570, 15492, 18878, 1948, 13220, 3996, 7089, 20070, 4447, 18428, 24740, 635, 10056, 6121, 27609, 11030, 4054, 21875, 13512, 21400, 17943, 14408, 10462, 21780, 12015, 
Weights: 28.603, 0, 1086.93, 0, 0, 2398.96, 379.998, 1.07182, 378.071, 0, 7.14982, 750.488, 750.551, 0, 18.8469, 0, 272.877, 783.701, 0, 318.933, 24.1713, 299.149, 134.611, 0, 0, 0, 0, 50.3767, 326.501, 0, 0.13864, 9.82406, 5.3904, 11.9995, 36.4801, 20.5561, 0, 1925.78, 0, 0.947211, 0, 3.12931, 0.711485, 48.5611, 1.76814, 694.589, 104.346, 1.00633, 0, 0, 0, 0, 1.13921, 0, 0, 26.7416, 447.053, 33.5726, 390.547, 0, 0.974628, 1.67909, 435.742, 0, 1.85287, 103.518, 1224.18, 0, 0, 3506.18, 274.938, 194.37, 0, 83.0612, 1225.68, 0, 0, 5.35996, 0, 0, 16.588, 0, 2.79695, 0, 1431.35, 40.5037, 67.3674, 13.9794, 150.312, 0, 1064.78, 1.71876, 12872.6, 0, 0, 43.5341, 2578.83, 53.5874, 0, 3.50229, 36.1369, 403.54, 0.298795, 237.806, 0, 42.1789, 1.24877, 23.2152, 1079.76, 37.8516, 102.944, 489.3, 882.891, 0, 0, 0.968926, 0, 0, 33.4687, 0, 0, 8.94717, 0, 299.005, 15.7506, 0, 3746.23, 391.889, 0.83114, 151.181, 0, 439.564, 39.5778, 96.8456, 73.7869, 0, 0, 532.569, 2.87378, 0, 0, 1.05929, 155.024, 0, 7.80685, 9.77097, 0.74492, 0, 17005.6, 0, 1253.27, 648.377, 927.366, 0.937643, 13.517, 286.458, 8.88244, 0, 1958.52, 0, 3.36488, 628.539, 2.63519, 0, 0, 
n_nonzero: 108

Running time so far: 51.271s

