n_tets: 216
relErr: 0.148037
Selected tets: 10555, 21616, 12946, 21677, 4748, 6996, 23325, 27965, 4263, 12045, 17320, 25683, 19465, 9519, 19914, 12330, 23888, 5093, 21360, 28276, 21477, 726, 19503, 27247, 19660, 8811, 19456, 1518, 11035, 8328, 15796, 13232, 19166, 13409, 6928, 11618, 25707, 19162, 2547, 15300, 2987, 17874, 23620, 1861, 15479, 1269, 22785, 25329, 27418, 10401, 17509, 29299, 4195, 25933, 24111, 12388, 15089, 13391, 10002, 20247, 6697, 16256, 19800, 1543, 21586, 15012, 15261, 18244, 12419, 5851, 4114, 13262, 4087, 12118, 14799, 19346, 18806, 6050, 5897, 19548, 27873, 14866, 12204, 6574, 615, 23457, 14449, 24519, 11464, 5283, 27830, 26024, 26451, 4776, 3022, 22444, 1404, 20672, 4294, 25936, 21442, 23021, 19072, 15701, 2551, 3044, 25426, 22905, 8294, 5524, 10404, 21587, 2827, 14554, 27248, 9885, 14214, 11571, 26472, 15465, 14082, 21181, 14519, 12796, 17326, 12794, 9864, 13331, 4089, 4435, 22616, 14548, 27641, 5693, 1542, 1535, 17875, 11961, 22296, 17872, 25247, 21218, 19661, 3008, 4099, 19164, 2655, 24925, 11924, 26592, 11946, 14, 4806, 20118, 696, 28794, 37, 15723, 27439, 5905, 18733, 25223, 5289, 2367, 19468, 16, 23539, 22121, 13333, 12601, 6716, 14702, 777, 21756, 21881, 8553, 29295, 10155, 24700, 6444, 8653, 18908, 24011, 14869, 10233, 789, 8742, 15862, 8779, 4848, 5006, 28077, 14853, 20638, 18181, 1415, 25225, 19519, 22555, 14943, 24497, 18975, 16334, 25177, 21516, 25078, 8387, 14942, 1459, 2822, 19361, 10959, 2534, 28075, 12206, 16862, 
Weights: 2812.85, 1277.89, 509.044, 795.744, 0, 299.2, 424.573, 42.0595, 1.68603, 13.766, 0.597623, 145.837, 1.02239, 1004.41, 0, 83.5122, 27.2508, 128.125, 0.96731, 3995.79, 2.02334, 0, 166.721, 1.41841, 58.8376, 0, 416.835, 0.909981, 32.2423, 432.234, 0, 6.26503, 0.510216, 0, 11.0626, 0, 345.466, 0, 228.204, 47.4722, 0, 0, 80.7218, 0.989937, 52.7229, 0.432712, 1896.18, 141.977, 1913.31, 36.8837, 460.931, 317.602, 959.091, 0, 1.86501, 0, 934.745, 131.846, 0.0491063, 0, 0, 0, 1.00641, 0.812269, 0.958557, 0, 0, 1264.85, 0, 0, 324.128, 0, 1.00904, 0, 34.9122, 68.0619, 360.9, 40.2831, 339.598, 0, 967.457, 2.26582, 264.805, 479.966, 0, 0, 0, 0, 477.675, 0, 16.5667, 287.253, 679.634, 0, 0, 0, 433.401, 252.064, 0, 61.1488, 1.13968, 2.32982, 6.18852, 178.483, 0, 368.868, 0, 0, 1.03451, 3.56863, 51.2462, 3.69458, 0, 0, 5.22308, 0, 33.7159, 1.13965, 0, 0, 0, 78.195, 0, 0.804358, 0, 1.05871, 124.07, 20.2334, 0.992685, 0, 0, 932.061, 794.182, 262.995, 1.38859, 0, 0, 1.12872, 97.957, 1.011, 152.522, 158.775, 0.723538, 73.7082, 2.12229, 0.997798, 39.2378, 0, 0, 0, 163.001, 680.233, 0, 0.976736, 1.02808, 338.692, 0.987262, 979.789, 0, 0, 0, 0, 1.58108, 0, 0.966953, 0, 0, 0, 1.76906, 0, 0, 3.96827, 200.12, 0, 0.654623, 0, 0, 0, 21.3835, 0, 1.03944, 0, 0, 0, 0, 375.614, 0, 0, 0, 1.06325, 0, 327.901, 818.423, 0, 0.984255, 259.201, 0, 217.406, 1.00293, 1.50171, 826.328, 0, 1309.36, 3.42669, 0, 0, 0, 0.998858, 0, 0, 0, 26.1791, 474.587, 0, 1.16528, 0, 
n_nonzero: 132

Running time so far: 264.479s

