n_tets: 45
relErr: 0.367129
Selected tets: 995, 6736, 3302, 3987, 3394, 5919, 5053, 3766, 4748, 2193, 2122, 6506, 5764, 1865, 4146, 1481, 7325, 7320, 3959, 6094, 983, 4455, 1823, 6731, 3811, 2352, 488, 6772, 7227, 66, 6257, 6007, 3897, 2837, 6381, 2097, 2003, 2113, 6822, 854, 5717, 2379, 5482, 929, 4260, 
Weights: 959.735, 159.182, 325.981, 139.289, 131.601, 523.314, 109.727, 713.333, 413.53, 252.521, 167.019, 883.985, 79.0619, 207.566, 78.718, 233.475, 1.00017, 0.91998, 128.262, 114.279, 181.029, 0.647854, 0, 586.773, 135.118, 1.02339, 1.01488, 265.357, 16.1759, 485.479, 41.0976, 105.717, 22.9876, 2.70215, 234.491, 1.13717, 0.995772, 155.673, 26.6872, 145.159, 0.944678, 1.36516, 1.20779, 0.97454, 333.714, 
n_nonzero: 44

