n_tets: 192
relErr: 0.14396
Selected tets: 11653, 17340, 29124, 23576, 14512, 19181, 26439, 14755, 7643, 20581, 27376, 9208, 22436, 17370, 29530, 12686, 9765, 5093, 27829, 5223, 10587, 2282, 28753, 4945, 11956, 10685, 27251, 12253, 14924, 23185, 4460, 21799, 19166, 25112, 6928, 19480, 3092, 14022, 13107, 26027, 22837, 24849, 10400, 3918, 14873, 8521, 25376, 16928, 21411, 12601, 15774, 17871, 16874, 12159, 211, 14017, 13163, 9065, 1531, 2956, 17173, 3391, 5773, 4144, 21586, 2015, 4242, 10516, 3130, 9781, 17745, 21040, 4087, 6192, 18687, 12445, 18806, 18181, 18118, 29685, 25223, 29272, 14235, 13331, 14252, 7433, 4876, 27465, 26924, 24111, 15127, 12545, 1301, 12638, 17226, 27963, 13006, 8509, 4076, 4090, 17307, 29291, 13065, 25831, 13257, 13249, 11066, 17692, 8294, 22721, 58, 16989, 21930, 4862, 19164, 12648, 19562, 21931, 13189, 17545, 21566, 26415, 4158, 3086, 11038, 3042, 25613, 20749, 6798, 3708, 13372, 7471, 1543, 28971, 27681, 20835, 17875, 24336, 41, 6697, 6692, 13255, 24075, 4099, 2562, 1210, 2438, 4138, 5887, 20612, 28775, 29564, 9209, 19028, 18599, 26770, 14870, 2871, 8964, 23758, 2988, 15131, 18547, 25219, 3468, 12293, 2092, 9272, 13333, 7319, 3212, 7494, 24074, 25468, 22122, 4379, 247, 6064, 4978, 10886, 1939, 13594, 21540, 14869, 3129, 14108, 8963, 12795, 29093, 5006, 19188, 10087, 
Weights: 0, 292.52, 284.622, 0, 0, 1001.24, 0, 0, 0, 3.68674, 0, 1.11831, 0, 251.031, 0.25331, 72.0068, 133.435, 0, 1.94729, 0, 0, 0, 0, 1.56237, 0.525203, 0, 0.996464, 142.412, 55.8212, 0, 0, 1.06595, 0.970271, 27.8628, 0, 16.6584, 60.141, 44.5748, 0, 0, 203.216, 0, 0.977173, 186.318, 664.55, 0.472638, 0, 0, 61.0192, 3.06246, 0, 0, 621.631, 0, 1.05134, 761.464, 0, 0, 1395.15, 1208.59, 1169.49, 0, 0, 0, 0.702219, 2905.63, 0.658852, 143.171, 0, 0, 51.4545, 0.554689, 0.954327, 695.284, 303.362, 0, 0, 1.21955, 1.6686, 0, 44.8943, 2.14341, 0, 1.1269, 3.90023, 76.6295, 0, 805.416, 0, 29.145, 42.2447, 0, 0, 0, 298.474, 0, 9.62142, 46.6348, 236.143, 0.873564, 0, 0.326365, 0.980378, 0, 559.973, 254.869, 0, 0, 1.44244, 85.7289, 0, 0, 0, 661.158, 2.75316, 0, 8.6656, 0, 0, 821.493, 43.4682, 0, 0, 0, 0, 0.763418, 3.30625, 684.714, 0, 0, 2254.87, 6.80636, 0.864923, 606.566, 1395.27, 0, 0.998974, 0, 160.292, 99.0657, 2.58888, 1774.22, 0, 0.789699, 0.692354, 0, 501.264, 0, 0, 308.178, 10.0329, 1.04928, 1.02154, 1.32646, 0, 0, 0.925577, 389.813, 11.1584, 0, 1.20574, 1275.47, 0, 68.5853, 0, 0, 0, 195.687, 0.948163, 0, 0, 466.575, 320.785, 485.015, 196.828, 275.869, 0, 1.26309, 0, 0, 0.959633, 0, 0, 0.908761, 0, 0, 0.323252, 1.04778, 5349.17, 19.5401, 1147.85, 0, 
n_nonzero: 111

Running time so far: 290.352s

