n_tets: 104
relErr: 0.123221
Selected tets: 995, 6736, 3302, 3987, 3394, 5919, 5053, 3766, 4748, 2193, 2122, 6506, 5764, 1865, 4146, 1481, 7325, 7320, 3959, 6094, 983, 4455, 1823, 6731, 3811, 2352, 488, 6772, 7227, 66, 6257, 6007, 3897, 2837, 6381, 2097, 2003, 2113, 6822, 854, 5717, 2379, 5482, 929, 4260, 5442, 5647, 3953, 7480, 3285, 2645, 3423, 7447, 205, 7291, 3554, 1134, 5283, 2773, 7449, 4780, 2781, 2964, 1828, 1942, 5356, 7446, 2662, 7378, 1587, 757, 3561, 5450, 489, 7483, 2988, 2756, 1944, 1782, 3087, 838, 1882, 3553, 198, 2212, 1505, 7445, 5823, 2668, 3188, 3426, 3122, 7048, 3326, 1443, 4753, 5652, 5492, 6283, 834, 3932, 1017, 847, 175, 
Weights: 717.432, 346.13, 49.0527, 148.909, 88.5705, 233.189, 22.1703, 96.2222, 337.622, 82.1858, 10.3926, 639.441, 64.6478, 93.4901, 66.0332, 35.8228, 1.04465, 0.943452, 67.2041, 95.7983, 71.3661, 0.681347, 0, 346.576, 93.9936, 1.00368, 1.06305, 178.363, 14.2818, 200.775, 47.6301, 117.44, 14.6566, 2.20106, 216.43, 0.998212, 1.05004, 65.7455, 9.81618, 181.65, 1.01479, 1.35849, 0.386359, 1.0085, 209.215, 0.990196, 0.956366, 1.49084, 0.746319, 0.994306, 176.371, 199.021, 0.963708, 0.986359, 12.2463, 6.28481, 488.465, 1.02336, 38.3468, 0.370435, 341.141, 0.998598, 95.8504, 37.2547, 2.45513, 0.541422, 0, 1.0042, 126.823, 118.219, 0, 4.08372, 1.19017, 149.792, 13.1578, 0.78894, 129.409, 2.46746, 0.962637, 340.597, 1.47452, 0.948886, 0, 0.376705, 91.4585, 305.912, 1.0979, 2.28348, 1.47168, 92.7124, 19.1686, 87.4857, 10.6067, 139.639, 31.5174, 5.13108, 0.478753, 0.985128, 24.6831, 2.17126, 136.966, 17.9192, 173.303, 171.776, 
n_nonzero: 100

