n_tets: 126
relErr: 0.0655093
Selected tets: 29127, 663, 19334, 2539, 17312, 25934, 6233, 15770, 23150, 23393, 21534, 19440, 9499, 12040, 9900, 8286, 14089, 5132, 29637, 16013, 9885, 6439, 27103, 1556, 11950, 19167, 26536, 17860, 2187, 12207, 13680, 29504, 14520, 12427, 5898, 3575, 24294, 4103, 1539, 9627, 13058, 17874, 21181, 14917, 6858, 15734, 15047, 8963, 4109, 22990, 12018, 8391, 13923, 11980, 10161, 1221, 6571, 21511, 6642, 14605, 2433, 18051, 2317, 4136, 21177, 25650, 4112, 25027, 11085, 22722, 20054, 13407, 2550, 16056, 10844, 28817, 29263, 7874, 1018, 2180, 12314, 14017, 18907, 21392, 17871, 17261, 25538, 21565, 5190, 4090, 4481, 29527, 22754, 17269, 1706, 19507, 22767, 21277, 15624, 25566, 7008, 29291, 17148, 17430, 18483, 27326, 14990, 4016, 15940, 3545, 2076, 4190, 18033, 25532, 6015, 11870, 24073, 24085, 1254, 22699, 1526, 7056, 7645, 6097, 16119, 23911, 
Weights: 2071.7, 2347.5, 338.511, 100.876, 0, 0, 800.227, 0, 0, 0, 0, 0, 0, 0, 0, 1836.51, 526.889, 0, 226.95, 259.35, 1164.34, 0, 0, 401.929, 0, 0, 0, 425.913, 0, 0, 0, 755.151, 0, 0, 456.388, 555.189, 0, 0, 27.1193, 508.045, 0, 0, 0, 0, 179.131, 1599.82, 185.973, 0.527693, 0, 8031.39, 264.155, 0, 0, 300.044, 0, 190.949, 0, 531.834, 0, 650.864, 0, 0, 0, 1001.11, 225.395, 0, 0, 142.996, 87.1818, 0, 126.886, 0, 0, 0, 187.538, 0, 72.9067, 46.5564, 0, 430.519, 6.69388, 526.251, 1621.63, 1347.48, 0.985775, 266.097, 0, 70.2327, 334.044, 0, 0, 181.443, 0, 0, 13.1532, 334.976, 1888.11, 0, 291.946, 0, 0, 0, 0, 0, 0, 1315.27, 226.827, 944.397, 0, 1692.51, 443.3, 0, 3984.95, 325.377, 0, 0, 0, 114.608, 0, 997.148, 0, 463.586, 0, 0, 0, 0, 
n_nonzero: 59

Running time so far: 69.4007s

