n_tets: 20
relErr: 0.926748
Selected tets: 102, 136, 98, 97, 43, 181, 200, 77, 68, 10, 28, 79, 2, 67, 1, 39, 47, 149, 65, 129, 
Weights: 0, 0, 0, 0, 0, 0, 0, 0, 0, 0, 0, 0, 2.55175e-15, 0, 0, 0, 0, 0, 0, 0, 
n_nonzero: 0

