n_tets: 60
relErr: 0.617322
Selected tets: 1842, 1597, 1136, 1224, 452, 822, 1277, 1021, 1856, 1431, 1326, 1875, 1870, 1851, 345, 1428, 475, 146, 405, 1311, 292, 520, 1854, 1332, 427, 731, 489, 1198, 50, 262, 363, 252, 1206, 955, 462, 435, 59, 874, 21, 246, 1652, 1143, 1790, 593, 559, 1457, 1627, 880, 849, 30, 1051, 455, 619, 281, 1638, 1583, 1341, 1102, 1503, 1210, 
Weights: 364.162, 233.259, 808.535, 0.434946, 1.10052, 0.218503, 115.416, 1.08977, 0.915197, 1.02944, 358.462, 0.998924, 2.27874, 12.517, 1.7515, 1.36798, 1.12253, 0.686394, 0.889291, 0.92804, 15.6202, 0.933842, 1.20613, 0.752289, 0.906034, 1.84423, 0.854947, 1.00156, 1.25161, 0.932292, 1.4832, 1.48098, 1.00648, 0.931662, 1.08575, 0.960678, 1.06328, 0.985779, 0.787479, 1.06695, 366.906, 0.968396, 190.885, 4.32232, 0, 17.2219, 1.17068, 3.27909, 1.27985, 0.660697, 1.06017, 0.95362, 1.02748, 0.420276, 0.960223, 1.06168, 0.875626, 1.08791, 1.22795, 1.14425, 
n_nonzero: 59

