n_tets: 253
relErr: 0.346075
Selected tets: 21500, 27848, 13245, 1062, 23629, 22890, 26439, 10395, 1762, 13239, 2064, 7179, 9472, 27723, 24981, 25538, 15997, 17901, 5546, 26161, 18850, 4761, 5565, 27606, 22601, 20170, 12812, 17721, 2763, 14933, 20973, 11971, 24234, 3854, 16524, 4933, 15470, 7354, 20470, 23593, 2716, 26312, 15489, 22202, 6495, 19403, 4175, 26183, 25581, 28594, 14670, 7776, 16251, 26302, 4498, 13334, 10833, 23642, 26751, 15401, 6651, 28287, 27213, 10437, 19522, 5873, 5967, 9001, 797, 5789, 26177, 1249, 10457, 25105, 1041, 8851, 16236, 21990, 4960, 14700, 6339, 7218, 5056, 17417, 22733, 16473, 5270, 8120, 15142, 25168, 14245, 22838, 19706, 2303, 5541, 1787, 9988, 25121, 27307, 22758, 27118, 5367, 28123, 24230, 19701, 5322, 6105, 22447, 788, 24371, 514, 5611, 12546, 18677, 22399, 17584, 15196, 5272, 26570, 6448, 7782, 6001, 9622, 19954, 24762, 16167, 24682, 4553, 6030, 2808, 6023, 1436, 6382, 28429, 28325, 17138, 24418, 21635, 3390, 10128, 4570, 15492, 18878, 1948, 13220, 3996, 7089, 20070, 4447, 18428, 24740, 635, 10056, 6121, 27609, 11030, 4054, 21875, 13512, 21400, 17943, 14408, 10462, 21780, 12015, 24751, 19324, 26859, 5433, 2058, 6842, 27812, 13430, 18084, 17718, 24435, 25791, 13164, 12836, 552, 6238, 26529, 6044, 14932, 5807, 24877, 23379, 19225, 4161, 8462, 3903, 14349, 13085, 9124, 20388, 21901, 22900, 4026, 27388, 21325, 27618, 24564, 22851, 9644, 12504, 4963, 27417, 23809, 576, 13063, 8730, 20764, 10960, 9504, 5740, 13584, 12798, 7326, 22715, 14189, 15260, 20071, 10779, 26065, 13769, 7378, 24282, 18023, 25533, 17025, 23489, 5202, 5800, 8833, 22714, 9797, 16316, 19240, 12693, 12580, 23363, 19999, 21467, 22872, 16032, 13322, 1737, 24489, 4949, 23685, 3359, 16353, 25547, 
Weights: 38.0027, 0, 2765.72, 0, 0, 1097.72, 307.619, 1.10265, 737.861, 0, 7.31482, 482.668, 0, 0, 19.0542, 202.665, 0, 0, 0, 780.573, 24.8539, 300.593, 120.107, 0, 0, 0, 0, 49.7521, 0, 0, 0, 72.719, 4.208, 14.2724, 37.7428, 17.6212, 0, 1811.64, 48.9613, 0.961253, 0, 2.07896, 0.719052, 32.34, 1.76283, 320.981, 51.0135, 1.00539, 0, 0, 0, 0, 1.31231, 0, 0, 26.7174, 0, 39.6495, 394.167, 0, 0.974966, 1.67864, 0, 0, 0, 178.387, 585.908, 0, 0, 3794.5, 0, 254.771, 0, 0, 750.111, 0, 0, 5.50107, 0, 0, 16.5643, 0, 1.44825, 0, 1215.16, 40.3817, 64.728, 14.2214, 202.265, 0, 0, 10.0787, 0, 0, 0, 48.8569, 1055.58, 174.266, 0, 3.43539, 0, 587.963, 0.297964, 113.503, 0, 38.6422, 1.25025, 16.544, 0, 3.16639, 104.461, 497.752, 861.948, 0, 0, 0.968863, 0, 0, 94.591, 0, 0, 8.74298, 0, 0, 16.6408, 0, 3497.65, 205.938, 0.686325, 465.207, 0, 0, 39.9791, 143.831, 75.3519, 0, 0, 275.637, 2.89988, 0, 255.901, 1.07407, 159.843, 0, 7.81815, 9.79329, 0.737468, 80.4578, 21518.8, 0, 2540.01, 664.84, 549.499, 0.550049, 13.4694, 0, 15.3192, 0, 2193.48, 0, 3.10616, 767.378, 2.58369, 0, 0, 517.782, 0.895959, 0, 564.3, 2.03929, 79.5256, 526.182, 0, 0, 0, 2.53005, 1.03261, 0, 0, 0, 2.15752, 5231.75, 0, 0, 8.51421, 0, 0, 1.00866, 1.74238, 0, 0, 17.0343, 355.001, 448.414, 0, 0, 87.6485, 0, 0.953483, 0, 97.5859, 0, 26903.2, 14.2085, 58.9889, 14.0654, 0, 0, 13.231, 0.770833, 0, 2462.61, 0, 0, 0, 44.7479, 0, 121.573, 0, 0, 1.02527, 157.8, 34.6088, 0, 39.3757, 0, 0, 0, 4332.09, 0, 0, 31.1821, 106.018, 1.51734, 176.138, 194.846, 20.5684, 216.662, 0, 53.2377, 0, 11193.3, 42.2869, 0, 0, 0, 236.454, 513.541, 617.27, 0, 0, 1676.85, 9.22709, 
n_nonzero: 143

Running time so far: 88.0535s

