n_tets: 103
relErr: 0.123324
Selected tets: 995, 6736, 3302, 3987, 3394, 5919, 5053, 3766, 4748, 2193, 2122, 6506, 5764, 1865, 4146, 1481, 7325, 7320, 3959, 6094, 983, 4455, 1823, 6731, 3811, 2352, 488, 6772, 7227, 66, 6257, 6007, 3897, 2837, 6381, 2097, 2003, 2113, 6822, 854, 5717, 2379, 5482, 929, 4260, 5442, 5647, 3953, 7480, 3285, 2645, 3423, 7447, 205, 7291, 3554, 1134, 5283, 2773, 7449, 4780, 2781, 2964, 1828, 1942, 5356, 7446, 2662, 7378, 1587, 757, 3561, 5450, 489, 7483, 2988, 2756, 1944, 1782, 3087, 838, 1882, 3553, 198, 2212, 1505, 7445, 5823, 2668, 3188, 3426, 3122, 7048, 3326, 1443, 4753, 5652, 5492, 6283, 834, 3932, 1017, 847, 
Weights: 725.193, 345.991, 42.7697, 145.192, 91.5586, 234.932, 17.5849, 107.217, 333.788, 81.9791, 13.9613, 675.872, 66.36, 90.1787, 67.1669, 42.6982, 1.04511, 0.943532, 66.3176, 94.5418, 79.8481, 0.681439, 0, 334.207, 89.6043, 1.00331, 1.063, 198.461, 14.2923, 201.921, 44.0893, 113.852, 14.591, 2.14699, 275.132, 0.999761, 1.04897, 81.9003, 10.0673, 177.853, 1.01526, 1.35854, 0.386807, 1.00836, 273.729, 0.989941, 0.956556, 1.48095, 0.747785, 0.994339, 175.419, 194.77, 0.963612, 0.985538, 9.52602, 6.2768, 480.174, 1.02363, 29.7258, 0.369745, 319.365, 0.998419, 74.3666, 34.5065, 2.45298, 0.503498, 0, 1.00419, 130.626, 107.818, 0, 4.07901, 1.19203, 151.111, 13.1773, 0.789356, 134.861, 2.46178, 0.963263, 1023.59, 1.47409, 0.949079, 0, 0.376479, 87.876, 282.165, 1.09401, 2.27935, 1.4626, 95.1311, 20.0217, 85.429, 12.0076, 145.433, 32.8914, 5.07247, 0.479166, 0.984961, 26.4943, 2.05024, 190.12, 19.7214, 108.683, 
n_nonzero: 99

