n_tets: 126
relErr: 0.0642227
Selected tets: 19769, 26370, 25715, 13923, 23203, 22574, 27025, 9146, 28769, 8502, 10745, 18639, 29465, 21592, 5495, 3716, 21991, 3083, 27733, 23928, 27103, 20392, 19595, 9764, 18971, 27882, 12327, 19555, 5285, 18949, 4172, 29299, 13223, 12721, 6078, 28816, 1404, 7754, 12744, 9846, 27990, 17874, 19028, 20877, 10754, 1537, 27514, 15823, 14157, 4354, 2824, 27159, 29186, 9490, 11045, 23341, 5609, 15235, 8071, 20229, 22980, 8572, 21788, 12363, 2402, 10973, 27416, 2289, 22727, 22722, 24552, 18922, 4087, 17761, 18891, 14988, 18731, 20598, 17718, 1415, 6437, 815, 7470, 5543, 12533, 20058, 17875, 13200, 8254, 4561, 12186, 7344, 22465, 27460, 23148, 6472, 22767, 18168, 26850, 4090, 23238, 23021, 17148, 3607, 26409, 12910, 11066, 15696, 3086, 5783, 37, 15624, 11602, 6015, 18991, 13408, 7454, 29075, 19394, 3034, 12117, 21181, 17621, 5200, 21755, 1244, 
Weights: 1576.97, 1046.78, 1415.23, 0, 44.8222, 273.524, 536.647, 492.281, 795.685, 381.385, 110.037, 120.2, 0, 0, 297.43, 134.302, 11.688, 40.2419, 10.4454, 157.221, 0, 0, 0, 182.509, 454.382, 0, 311.52, 116.273, 345.242, 205.94, 302.832, 69.4759, 328.963, 0, 474.056, 0, 511.404, 686.685, 0, 100.635, 1507.92, 0, 0, 412.208, 2679.61, 84.8911, 819.882, 0, 65.6936, 8.5473, 120.901, 650.841, 310.448, 382.91, 763.93, 0, 0, 62.7546, 0, 92.8264, 160.238, 0, 120.977, 39.7975, 0, 100.47, 0, 80.3702, 461.838, 0, 53.1578, 1556.8, 0.970092, 0, 0, 0, 197.155, 63.487, 0, 2.4044, 0, 290.881, 449.839, 0, 0, 68.0137, 0.843231, 0, 0, 428.345, 505.169, 24.6707, 1213.68, 460.465, 53.763, 428.866, 1144.53, 0, 0, 0.955483, 210.384, 0, 203.157, 429.714, 0, 516.583, 218.132, 1764.68, 46.0606, 0, 235.577, 0.0516949, 0, 148.242, 182.36, 0, 57.2981, 175.769, 355.12, 66.8636, 0, 9.26572, 880.202, 115.011, 140.251, 0, 
n_nonzero: 88

Running time so far: 55.8388s

