n_tets: 160
relErr: 0.000738606
Selected tets: 99, 14, 57, 89, 11, 140, 103, 93, 119, 146, 185, 107, 138, 137, 153, 77, 199, 101, 135, 22, 48, 13, 186, 124, 201, 18, 202, 184, 198, 3, 84, 203, 152, 166, 53, 39, 128, 30, 88, 200, 194, 111, 73, 147, 63, 82, 20, 0, 197, 108, 183, 51, 8, 141, 132, 42, 28, 34, 150, 195, 49, 164, 142, 156, 120, 143, 187, 2, 72, 114, 189, 41, 87, 12, 110, 71, 130, 45, 70, 67, 116, 113, 190, 96, 94, 105, 157, 38, 193, 81, 125, 181, 117, 85, 5, 179, 46, 131, 123, 40, 80, 196, 106, 109, 163, 43, 29, 24, 19, 16, 176, 66, 168, 65, 59, 4, 191, 74, 104, 139, 52, 25, 182, 9, 144, 155, 133, 175, 154, 192, 31, 172, 26, 23, 167, 115, 92, 122, 76, 136, 97, 134, 148, 17, 91, 151, 126, 98, 78, 15, 69, 37, 54, 121, 36, 162, 75, 177, 171, 32, 
Weights: 4.66203, 1.00008, 0.999988, 1, 2.74467, 0.999969, 1.48933, 1.00004, 0.999899, 1.58255, 0.999958, 1.00009, 0.999894, 1.00004, 0.999607, 1.00002, 1.00004, 1.00046, 0.274265, 0.999969, 1.35458, 0.999918, 0.999838, 0, 0.999751, 0.999737, 1.00043, 0.999967, 1.00008, 1.04454, 1.00004, 1.00001, 0.969599, 4.79913, 2.39935, 0.999927, 1.40626, 1.66797, 2.18596, 0.999728, 1.00002, 0.999853, 1.33263, 0, 1.00018, 1.05666, 1.94525, 0.996711, 0.999806, 0.964948, 1.00013, 0.262282, 1.38883, 0.860575, 1.46203, 4.95918, 0.963094, 0.770577, 1.18986, 1.02064, 0.998792, 1.15876, 0.495922, 0.853155, 0.38662, 0, 0.999623, 1.08838, 1.00201, 1.92656, 1.00027, 0, 1.14171, 1.57921, 0.430798, 0.927704, 0.689428, 0.919688, 1.20037, 1.4045, 0.458879, 1.30744, 0.894894, 1.57659, 1.61196, 1.58473, 0.22121, 0.641861, 1.26629, 1.04072, 1.85955, 1.87701, 0.469166, 1.94273, 2.34403, 2.09176, 0.880129, 0.928065, 1.06105, 2.47431, 2.92593, 1.00058, 1.13047, 1.91154, 2.49146, 0.291938, 1.36082, 1.15632, 3.11089, 0.45482, 2.05782, 1.46704, 0.903134, 0, 2.00398, 1.94963, 0.893771, 0.947815, 0.65384, 2.73522, 1.35235, 1.15908, 1.35832, 0.772527, 2.91107, 0.450017, 0.516256, 1.18624, 1.45911, 0.327787, 1.3108, 0.661615, 5.67636, 0, 0.652937, 1.94918, 1.83528, 1.67229, 0.542987, 1.67186, 1.46198, 1.13984, 1.67521, 0.303344, 1.13049, 1.37566, 3.4532, 3.0845, 1.33566, 1.85827, 1.37326, 0.98748, 3.37458, 3.54199, 0, 1.09941, 0.733824, 0.414907, 1.68627, 0, 
n_nonzero: 152

