n_tets: 190
relErr: 0.183937
Selected tets: 12990, 2693, 1081, 13296, 29045, 55, 26069, 24777, 10112, 15775, 24597, 2844, 19576, 19124, 7979, 25032, 18631, 18394, 29312, 16154, 3112, 4458, 28064, 13752, 6155, 1757, 24381, 26954, 17568, 9447, 16999, 15160, 22523, 12427, 23888, 808, 18293, 11085, 21710, 5037, 28706, 24849, 3158, 1861, 26852, 6998, 22223, 17718, 23240, 13004, 29163, 18592, 21111, 17327, 2513, 26644, 26469, 9491, 19563, 18897, 21644, 14158, 19257, 32, 21177, 27885, 14912, 9834, 24152, 8911, 15257, 14184, 26771, 20202, 569, 1421, 81, 25792, 21740, 23859, 20246, 1885, 23608, 1141, 8463, 5287, 8599, 13200, 15779, 28779, 4481, 27112, 7344, 17765, 3052, 5285, 21881, 2808, 19236, 4425, 19523, 689, 28563, 17430, 1401, 13414, 10401, 12, 21536, 2164, 24585, 21119, 19905, 8878, 6015, 14305, 12269, 4838, 17328, 20236, 21868, 14509, 9883, 22851, 14811, 20334, 10372, 23174, 4089, 9537, 11876, 7944, 25381, 12565, 28071, 19262, 22036, 15773, 14687, 28832, 8746, 4118, 20165, 20615, 3666, 4852, 6435, 23188, 10851, 10690, 9179, 27752, 13879, 19233, 21931, 4698, 15778, 26197, 22990, 5353, 18733, 10258, 12134, 18497, 717, 13567, 10626, 14112, 4076, 9212, 21936, 14114, 15770, 29516, 19024, 23855, 4706, 28324, 28709, 22765, 3045, 20068, 23321, 2986, 11579, 10472, 20166, 9991, 6642, 11891, 
Weights: 258.471, 560.063, 738.597, 133.895, 200.18, 0, 983.02, 495.56, 1342.34, 0.91602, 1532.22, 226.335, 74.6401, 67.5101, 199.809, 161.913, 594.925, 0, 0.991125, 455.87, 1.10862, 695.835, 137.026, 226.345, 9517.99, 40.6866, 155.917, 911.779, 147.63, 293.85, 1896.54, 325.667, 14.1994, 114.251, 36.5932, 1.39359, 626.929, 0, 9.10325, 824.597, 829.661, 24.5132, 150.784, 7.54056, 158.904, 114.994, 277.304, 30.1649, 196.568, 0, 263.746, 168.399, 0, 0.749962, 197.862, 0, 4359.25, 32.3012, 133.42, 304.074, 110.494, 0, 789.717, 1.03048, 0.959054, 698.261, 0, 269.703, 0, 0, 409.872, 202.486, 0, 527.128, 0.942044, 0.14311, 0.97452, 0, 227.072, 55.6502, 76.2045, 775.934, 164.207, 349.703, 194.83, 0, 0, 4.71414, 17.9467, 210.449, 4.674, 0, 153.759, 2.01086, 24.3309, 1.52079, 0, 107.615, 0.850228, 0, 79.1865, 29.4455, 280.657, 0, 587.273, 243.207, 88.8881, 1.89795, 649.198, 83.1453, 76.1534, 117.18, 105.901, 648.105, 90.8698, 191.018, 347.706, 150.946, 0, 16.241, 0, 33.0946, 0.85312, 286.96, 114.036, 134.006, 0, 81.1263, 0.931756, 81.437, 156.182, 31.2087, 38.1147, 1.35146, 517.387, 0, 98.0432, 0.80004, 336.888, 179.332, 234.864, 194.891, 10.0371, 0.978155, 292.175, 1.34036, 1.11011, 78.5171, 0, 272.922, 0, 0, 747.95, 0, 45.388, 3.21656, 0.0994192, 933.793, 0, 88.0611, 25.6223, 0, 102.805, 0, 0, 0, 0, 165.827, 235.938, 426.864, 29.5684, 208.622, 1.16105, 31.8578, 0, 17.9054, 23.0444, 224.3, 0, 786.645, 30.789, 184.239, 0, 0, 256.798, 664.273, 1.03052, 0, 0, 39.9722, 
n_nonzero: 152

Running time so far: 83.5278s

