n_tets: 243
relErr: 0.0538645
Selected tets: 19769, 26370, 25715, 13923, 23203, 22574, 27025, 9146, 28769, 8502, 10745, 18639, 29465, 21592, 5495, 3716, 21991, 3083, 27733, 23928, 27103, 20392, 19595, 9764, 18971, 27882, 12327, 19555, 5285, 18949, 4172, 29299, 13223, 12721, 6078, 28816, 1404, 7754, 12744, 9846, 27990, 17874, 19028, 20877, 10754, 1537, 27514, 15823, 14157, 4354, 2824, 27159, 29186, 9490, 11045, 23341, 5609, 15235, 8071, 20229, 22980, 8572, 21788, 12363, 2402, 10973, 27416, 2289, 22727, 22722, 24552, 18922, 4087, 17761, 18891, 14988, 18731, 20598, 17718, 1415, 6437, 815, 7470, 5543, 12533, 20058, 17875, 13200, 8254, 4561, 12186, 7344, 22465, 27460, 23148, 6472, 22767, 18168, 26850, 4090, 23238, 23021, 17148, 3607, 26409, 12910, 11066, 15696, 3086, 5783, 37, 15624, 11602, 6015, 18991, 13408, 7454, 29075, 19394, 3034, 12117, 21181, 17621, 5200, 21755, 1244, 5797, 32, 6497, 14451, 8691, 11659, 6548, 18733, 24134, 3867, 21930, 24583, 41, 25843, 19617, 2188, 21088, 20615, 2562, 19164, 23762, 19722, 11924, 23082, 7590, 9315, 24075, 11285, 29137, 7377, 11051, 6227, 27439, 6210, 21627, 7228, 25473, 20883, 19471, 1381, 4979, 24007, 19501, 22405, 12583, 4723, 29044, 6587, 19448, 15401, 15001, 16411, 27841, 4037, 4236, 12413, 21586, 6619, 3129, 1016, 8963, 6932, 16832, 18791, 21799, 14841, 24877, 10957, 12112, 29336, 9344, 20941, 8873, 6878, 3092, 4467, 11990, 18492, 14119, 10011, 23502, 17228, 3362, 5963, 25497, 5516, 17390, 21250, 18036, 25944, 17794, 4516, 411, 6148, 24014, 27879, 5291, 8105, 29607, 22522, 44, 28450, 3380, 14538, 23886, 5413, 12384, 22107, 2615, 8475, 21557, 11593, 1547, 24330, 20236, 24106, 11963, 
Weights: 874.921, 294.351, 479.501, 0, 95.2348, 190.209, 0, 63.4057, 725.482, 365.862, 0, 74.6962, 0, 71.834, 88.0992, 172.78, 0, 0, 0, 5.88461, 0, 0, 0, 169.037, 308.281, 0, 287.586, 0, 0, 0, 283.907, 65.523, 0, 386.216, 74.7615, 0, 458.025, 693.766, 0, 88.9711, 696.062, 0, 0, 291.17, 0, 39.582, 180.178, 0, 32.6076, 138.203, 77.3896, 241.38, 471.564, 267.679, 0, 0, 106.982, 0, 0, 90.8301, 101.344, 0, 0, 44.6679, 73.5011, 116.125, 0, 0, 0, 0, 0, 1193.95, 0.999551, 0, 0, 0, 40.1252, 0, 0, 169.954, 0, 134.108, 0, 0, 0, 17.3921, 0.845855, 64.3618, 0, 28.6626, 334.863, 0, 1374.3, 34.3576, 53.3408, 0, 14.8863, 0, 0, 0.960631, 0, 0, 0, 371.461, 0, 406.478, 22.0115, 251.001, 0, 0, 247.709, 0, 119.577, 50.2654, 0, 0, 0, 72.1085, 0, 141.317, 0, 0, 548.567, 24.7918, 0, 0, 251.416, 54.7313, 0, 0, 550.544, 0, 0, 0, 2.34559, 1389.22, 0.571175, 46.4838, 0, 11.6953, 0, 0, 0, 12.831, 83.8213, 104.111, 0, 0, 77.3577, 924.672, 0, 0, 0, 841.439, 0, 245.985, 0, 0, 0, 979.035, 76.7311, 149.387, 105.358, 263.719, 195.21, 293.524, 0, 44.4546, 0, 0, 54.0896, 336.199, 1163.88, 20.393, 873.179, 15.6717, 0, 665.133, 0, 0, 209.677, 0, 0, 0, 0, 0, 0, 0, 354.554, 75.9138, 0.999564, 0, 341.597, 0, 0, 142.789, 20.3826, 836.274, 0, 0, 47.5783, 4.16297, 0, 0, 0, 286.894, 126.911, 72.2201, 0, 0, 282.005, 0, 0, 98.7885, 0, 109.372, 269.559, 442.65, 1189.46, 655.174, 279.244, 0, 0, 0, 117.626, 116.811, 0, 72.4795, 168.591, 61.3289, 67.0618, 32.3593, 0, 0, 737.63, 67.9294, 135.045, 0, 75.6865, 0, 20.1164, 9.34691, 73.4814, 
n_nonzero: 130

Running time so far: 137.074s

