n_tets: 83
relErr: 0.135287
Selected tets: 995, 6736, 3302, 3987, 3394, 5919, 5053, 3766, 4748, 2193, 2122, 6506, 5764, 1865, 4146, 1481, 7325, 7320, 3959, 6094, 983, 4455, 1823, 6731, 3811, 2352, 488, 6772, 7227, 66, 6257, 6007, 3897, 2837, 6381, 2097, 2003, 2113, 6822, 854, 5717, 2379, 5482, 929, 4260, 5442, 5647, 3953, 7480, 3285, 2645, 3423, 7447, 205, 7291, 3554, 1134, 5283, 2773, 7449, 4780, 2781, 2964, 1828, 1942, 5356, 7446, 2662, 7378, 1587, 757, 3561, 5450, 489, 7483, 2988, 2756, 1944, 1782, 3087, 838, 1882, 3553, 
Weights: 824.542, 331.406, 68.8822, 163.88, 106.074, 358.147, 37.5782, 0, 371.243, 83.0911, 76.9543, 746.984, 76.6858, 133.103, 48.3403, 49.2601, 1.04085, 0.943149, 82.7507, 109.567, 75.1547, 0.675638, 28.3195, 496.737, 110.758, 1.00878, 1.05217, 265.921, 16.2468, 161.367, 36.563, 134.896, 10.7202, 1.9011, 321.975, 1.00261, 1.05491, 0, 24.8815, 174.458, 1.00587, 1.37752, 0.364031, 1.00754, 250.546, 0.98639, 0.954768, 0.968419, 0.919705, 0.991252, 219.012, 234.177, 0.954605, 0.960457, 73.6789, 5.89037, 512.977, 1.02268, 35.6196, 0.335015, 334.414, 0.994484, 96.7185, 76.5392, 2.64991, 0, 0.134027, 1.00407, 136.167, 108.499, 11.177, 2.6739, 1.19248, 211.455, 9.83489, 0.875759, 98.7951, 2.59738, 0.959008, 2485.34, 1.42578, 0.971588, 219.75, 
n_nonzero: 80

