n_tets: 231
relErr: 0.340653
Selected tets: 32562, 42675, 7400, 38757, 28732, 43879, 34020, 14663, 14859, 42759, 22443, 10634, 5978, 37804, 28795, 28803, 32402, 41971, 29320, 20127, 20195, 11336, 44942, 27216, 22250, 1961, 39019, 20950, 16309, 24941, 28091, 39255, 43258, 1820, 33980, 29553, 38698, 38867, 4042, 8391, 31826, 7766, 16138, 3845, 43883, 2979, 24124, 29217, 10435, 21177, 4725, 20125, 17790, 22361, 19515, 36163, 28351, 29877, 21975, 13782, 29410, 18013, 10363, 4301, 8559, 33077, 16720, 37321, 12683, 5310, 10419, 1617, 8545, 39181, 19418, 34555, 18584, 44231, 1634, 2543, 15819, 38626, 28706, 19861, 19504, 38079, 24500, 34060, 33978, 25061, 12813, 42805, 38847, 24400, 43881, 44735, 15828, 26515, 9529, 38938, 38101, 6030, 4723, 31818, 31854, 44288, 21500, 41986, 6077, 13145, 35241, 13885, 43848, 22347, 16513, 13068, 13783, 9176, 13091, 24881, 39288, 16805, 14512, 15569, 4205, 11311, 37438, 6488, 4814, 18026, 14017, 3963, 41982, 18898, 34055, 39884, 41978, 33025, 12113, 1783, 27313, 6489, 6721, 9870, 34337, 28612, 8199, 17061, 8928, 23481, 18852, 39187, 1686, 12138, 18358, 8544, 43702, 38068, 3687, 2802, 29330, 30897, 1953, 23484, 31074, 22114, 29197, 39020, 59, 44638, 16518, 25334, 34016, 28904, 18588, 12085, 1320, 31828, 22894, 23634, 44291, 19841, 39167, 32548, 35144, 43894, 35158, 12876, 34184, 42425, 11176, 29906, 1339, 29905, 765, 18854, 903, 28587, 982, 8810, 12923, 15917, 20428, 39001, 6803, 15327, 2153, 27254, 43889, 27771, 3093, 32514, 39175, 9855, 26654, 9537, 42459, 29209, 13607, 44003, 38821, 1113, 22291, 28353, 12185, 39021, 42084, 28364, 34341, 21433, 1616, 
Weights: 1506.81, 5347.81, 324.381, 0.877537, 3526.8, 18.72, 86.5036, 0.999615, 2.41437, 0, 62.7232, 1330.44, 520.04, 1.14918, 0.518471, 25.6179, 0, 22.244, 0, 0, 0, 0.488732, 0, 251.188, 915.661, 1.57387, 0, 418.693, 0, 0, 1369.22, 0, 0, 1.09548, 2.44146, 295.931, 0.922264, 0.385841, 327.615, 1.10619, 212.65, 0, 0, 1292.81, 0.793591, 7.60521, 46.1114, 0.881643, 3.14991, 0, 33.2698, 1.00784, 5.42021, 0, 15.0374, 7.16793, 135.643, 0, 28.0675, 0, 0, 959.382, 749.636, 0, 421.094, 0.923004, 0.958762, 4728.29, 0.692931, 8.13483, 0, 19.7138, 3.28606, 4.78992, 409.703, 0, 0, 42.1089, 445.837, 0, 386.012, 4.10275, 0, 0, 892.873, 4758.74, 573.42, 107.824, 135.731, 24.8911, 1.66986, 0, 1.30095, 0, 1.06047, 0, 921.237, 1.14165, 0.94278, 0.950814, 3.75415, 0, 0.387882, 40.2339, 136.175, 3.65739, 673.213, 0, 0, 1.92434, 1.00656, 4349.53, 541.841, 0.992106, 89.1725, 4.85628, 4.23641, 1248.03, 0, 0, 0, 91.6299, 927.777, 1000.89, 0, 2.78128, 0.130675, 369.606, 2.04766, 19.2667, 0, 1.12297, 33.1464, 0, 2.84683, 409.291, 1.35289, 207.198, 1.04452, 12.4054, 4.03665, 0.447103, 110.932, 2.33089, 33.4283, 24.2774, 195.007, 0, 181.922, 17.2851, 1.0464, 0.95409, 0, 110.216, 2.09314, 0.983086, 0, 0, 0, 4.5611, 0, 0, 11.713, 2.70626, 202.494, 0.856661, 0, 0, 48.0398, 1.57983, 20.3469, 3.14508, 0, 0, 10.0681, 0, 1.05717, 3.6073, 0.655441, 0, 11.5979, 1.06965, 0.961526, 2.99655, 222.142, 1.03354, 63.3204, 30.1953, 0, 0, 11.0801, 0, 0.377716, 1.02262, 0, 0.97296, 0, 1.5211, 0.825543, 30.2076, 1.01216, 0, 924.587, 0, 4.95355, 2.39222, 4.55592, 7.18886, 0, 1.01069, 347.693, 629.219, 0, 733.698, 0, 452.643, 0, 1.23236, 0, 427.121, 0.914785, 380.091, 0.830868, 544.042, 110.893, 7.38349, 0, 34.5041, 0, 1144.1, 358.876, 
n_nonzero: 167

Running time so far: 147.216s

