n_tets: 279
relErr: 0.494468
Selected tets: 55591, 10729, 52224, 23574, 122177, 137855, 89599, 161633, 6368, 119503, 65450, 5110, 138593, 122232, 44900, 71155, 71126, 74218, 11442, 103061, 192, 84811, 18074, 158395, 144670, 78533, 96622, 83286, 7601, 140896, 60, 8433, 8446, 148866, 157255, 67819, 37387, 156080, 77926, 133595, 131204, 130371, 37941, 1312, 72258, 2015, 157620, 11528, 40136, 11695, 116518, 55162, 28810, 25651, 163947, 557, 3093, 39426, 57153, 159262, 163607, 111780, 114463, 66330, 58046, 96129, 107412, 73809, 127580, 103038, 15582, 116751, 24996, 145058, 96623, 50859, 139201, 68285, 48720, 152093, 121880, 45038, 14999, 11023, 24182, 153256, 125015, 132166, 28688, 9888, 33367, 119362, 57728, 152263, 158918, 71632, 43638, 122342, 9551, 112312, 90439, 74658, 108686, 2590, 138995, 40149, 76821, 15689, 29048, 124403, 59151, 130388, 58676, 111045, 146086, 16, 88598, 64120, 32716, 38052, 29543, 119045, 79486, 3909, 19584, 14099, 60598, 4340, 1471, 63394, 1316, 6242, 111897, 3984, 158937, 15704, 61081, 157197, 102178, 53100, 99456, 107301, 1676, 140795, 43813, 63105, 58844, 134644, 157525, 58009, 53262, 138077, 146257, 148145, 136987, 144844, 40314, 42673, 90123, 55387, 114619, 126528, 68245, 3228, 88688, 17228, 78769, 155145, 106437, 160730, 154784, 80385, 107304, 29482, 65873, 106464, 37649, 15789, 32235, 162647, 150235, 144114, 98038, 100344, 59264, 136629, 139535, 57344, 159287, 118104, 108767, 7974, 3339, 38890, 30353, 13332, 13251, 118099, 159754, 85348, 36395, 106405, 135664, 47589, 142318, 5062, 34985, 63478, 146274, 73080, 103894, 2380, 1702, 14464, 135914, 89821, 159579, 155212, 124947, 162928, 16151, 13720, 162252, 64303, 60487, 48417, 35654, 148223, 38574, 129562, 100299, 24381, 37495, 158879, 51055, 161362, 154948, 120305, 110081, 87931, 26507, 157900, 59075, 70669, 12541, 8537, 112911, 47567, 49019, 48465, 83349, 1455, 3379, 34340, 161522, 93979, 95987, 34971, 40851, 74732, 129563, 154137, 29129, 26339, 149235, 44774, 2217, 3217, 68426, 80940, 19770, 116278, 146874, 88790, 157735, 36303, 99442, 106652, 134846, 
Weights: 6561.67, 0, 301.774, 4517.67, 1954.34, 0, 2803.78, 64.3212, 8535.43, 0, 4568.11, 2407.79, 109.165, 0.996759, 18.9889, 0, 12525.4, 0, 797.7, 560.924, 3.72411, 1.50192, 7983.23, 12.3656, 24.1078, 4211.19, 16.2182, 0, 1223.25, 227.835, 0, 537.689, 1622.32, 10.7648, 3355.47, 53.0797, 0.323616, 1.66219, 0, 616.683, 420.163, 944.698, 451.643, 0, 0, 0.627178, 0, 0, 26.0512, 36.726, 14.6724, 0, 206.778, 0, 2060.61, 0, 0.275324, 772.496, 0, 0, 0, 0, 1657.87, 0, 233.057, 12001.5, 6718.48, 3500.39, 32.7045, 0, 0, 0, 78.0147, 0, 0.892439, 1.04523, 0, 1078.01, 0, 263.432, 0.0539213, 620.438, 0, 5.16303, 1492.16, 0, 0, 1.85535, 0, 684.856, 2.90065, 10.5251, 71.0897, 3133.59, 0.891837, 782.205, 0, 3493.65, 28.3165, 520.75, 146.838, 0, 0, 0, 0, 368.658, 0, 9.13063, 3.45814, 3.64187, 160.345, 0, 0, 0, 0, 0, 1365.64, 2.37939, 0, 9998.77, 20009, 1313.91, 0, 0, 0.688496, 0, 5002.13, 0, 0, 0, 0, 0, 2128.63, 1941.48, 0.998307, 0, 1.24949, 277.417, 0, 145.075, 0, 0, 48.3833, 3660.03, 683.353, 1382.28, 0, 3051.55, 188189, 479.133, 0, 189.037, 84869.3, 18739.3, 4943.92, 27.6954, 587.027, 0, 91.1454, 2728.39, 27808.1, 0.411699, 984.137, 0, 1911.4, 15.6254, 34.7787, 0, 55.6956, 0, 531.129, 1.63651, 0, 0, 0, 0, 0, 1007.95, 585.396, 128.223, 0, 0, 18.7847, 5408.3, 0, 8406.53, 51.7115, 0, 1133.75, 5760.34, 36595.5, 61.6345, 1.02152, 658.316, 12.9558, 229.646, 28930.8, 0, 0, 245.864, 0, 0, 1257.7, 117.584, 10403.9, 0, 0, 0, 10.9717, 0, 1851.47, 0, 40.1039, 0, 0, 94469.4, 0, 95.8484, 117.272, 0, 0, 4334.54, 0, 0.766191, 287.047, 115.603, 2.03164, 631.922, 8.69221, 0.824446, 0, 79.2349, 9.04711, 608.365, 0, 95736.3, 0, 483.978, 0, 1.02224, 409.425, 0, 14599, 0, 0, 0, 18648.7, 0, 59.093, 74.7164, 0, 0, 3.38806, 0, 1.53378, 0, 5.1987, 1789.22, 0, 0, 16.3237, 185.543, 73.7961, 427.683, 0, 363589, 1466.11, 6.37451, 4806.66, 164.451, 0, 1960.79, 0, 0, 49.2594, 0, 0, 0, 0, 
n_nonzero: 172

Running time so far: 348.793s

