n_tets: 25
relErr: 0.398438
Selected tets: 995, 6736, 3302, 3987, 3394, 5919, 5053, 3766, 4748, 2193, 2122, 6506, 5764, 1865, 4146, 1481, 7325, 7320, 3959, 6094, 983, 4455, 1823, 6731, 3811, 
Weights: 1199.26, 572.681, 529.933, 121.3, 252.881, 392.874, 100.438, 854.671, 627.44, 279.46, 265.992, 673.177, 100.438, 233.65, 133.792, 447.853, 0.537264, 0.911514, 93.9793, 144.246, 269.553, 0.569789, 287.448, 542.064, 139.541, 
n_nonzero: 25

