n_tets: 108
relErr: 0.595435
Selected tets: 109225, 86416, 19065, 23959, 20611, 46163, 21172, 5626, 164053, 22911, 207, 145016, 5469, 587, 71853, 47093, 20132, 124881, 74601, 43764, 43954, 116136, 70744, 162421, 47365, 109863, 158477, 87902, 162730, 154546, 122013, 113089, 120044, 107669, 146025, 70309, 155917, 51586, 125604, 63079, 148199, 108684, 110284, 101291, 142233, 72943, 98066, 43744, 104180, 30846, 151967, 107631, 84390, 37805, 38015, 132317, 108138, 131378, 61009, 15, 42903, 138783, 5580, 46902, 102208, 68774, 1766, 2263, 61608, 140583, 53294, 144318, 6834, 38130, 153555, 98026, 33087, 48465, 48720, 17829, 61700, 68456, 140313, 36366, 100353, 153169, 3323, 92345, 38664, 135343, 91724, 154512, 138093, 67703, 132508, 24866, 97435, 22601, 5566, 70856, 150193, 30365, 93960, 2590, 73191, 143849, 74732, 77903, 
Weights: 601.358, 1163.81, 3192.91, 329.286, 5596.07, 0, 0, 3551.58, 0, 11026.9, 201.721, 0, 15866.9, 373.427, 13.9415, 0, 4342.86, 81.1158, 11093, 2920.41, 4.38982, 114.689, 333.984, 95.7518, 1.2673, 17267.8, 16.1425, 5.82586, 8800.5, 2444.16, 18.4634, 2916.5, 424.416, 1553.53, 3627.58, 78.5558, 6050.89, 42568.3, 228.267, 2.17664, 45126.7, 0.95114, 3410.69, 0, 0, 109.847, 1221.24, 0, 0, 0, 0, 121773, 18.1269, 62482.3, 771.062, 10313.4, 147.723, 0, 43864.1, 0, 2929.14, 220.752, 1455.21, 968.271, 537.3, 1.07541, 0, 0.437603, 15.3575, 209.003, 1350.33, 0, 7.95308, 0, 0, 291.576, 0, 0, 1.06571, 0.0159524, 10.3103, 1677.09, 1019.4, 1194.19, 200.979, 283.562, 6.31986, 3967.76, 0, 28108.4, 42908.1, 0.722728, 1.96262, 265.411, 5722.1, 2.16315, 9303.88, 0, 2.78191, 0, 247.643, 7.66258, 575.323, 0.973179, 1.13167, 8.04603, 0, 0.848858, 
n_nonzero: 85

Running time so far: 107.552s

