n_tets: 133
relErr: 0.202202
Selected tets: 12990, 2693, 1081, 13296, 29045, 55, 26069, 24777, 10112, 15775, 24597, 2844, 19576, 19124, 7979, 25032, 18631, 18394, 29312, 16154, 3112, 4458, 28064, 13752, 6155, 1757, 24381, 26954, 17568, 9447, 16999, 15160, 22523, 12427, 23888, 808, 18293, 11085, 21710, 5037, 28706, 24849, 3158, 1861, 26852, 6998, 22223, 17718, 23240, 13004, 29163, 18592, 21111, 17327, 2513, 26644, 26469, 9491, 19563, 18897, 21644, 14158, 19257, 32, 21177, 27885, 14912, 9834, 24152, 8911, 15257, 14184, 26771, 20202, 569, 1421, 81, 25792, 21740, 23859, 20246, 1885, 23608, 1141, 8463, 5287, 8599, 13200, 15779, 28779, 4481, 27112, 7344, 17765, 3052, 5285, 21881, 2808, 19236, 4425, 19523, 689, 28563, 17430, 1401, 13414, 10401, 12, 21536, 2164, 24585, 21119, 19905, 8878, 6015, 14305, 12269, 4838, 17328, 20236, 21868, 14509, 9883, 22851, 14811, 20334, 10372, 23174, 4089, 9537, 11876, 7944, 25381, 
Weights: 650.688, 639.789, 583.109, 204.429, 354.662, 66.3545, 1636.99, 570.547, 6274.09, 0.872973, 258.991, 327.365, 26.4957, 112.316, 239.117, 282.947, 933.21, 1199.68, 1.30601, 0, 1.13992, 401.646, 139.929, 234.196, 0, 378.169, 214.896, 261.541, 177.54, 211.211, 2267.07, 162.275, 119.103, 0, 0, 1.36274, 1907.14, 21.4322, 9.31485, 2187.73, 1067.47, 58.5998, 292.368, 7.60227, 846.115, 171.284, 136.922, 0, 98.2691, 336.034, 176.852, 117.298, 68.9016, 0.810106, 214.258, 0, 10040.7, 166.71, 717.624, 334.077, 54.6378, 0, 674.941, 1.02072, 0.953534, 948.39, 0, 515.957, 0, 0, 685.611, 117.344, 0, 622.215, 0.946661, 0.197323, 1.07936, 379.128, 585.519, 163.428, 228.672, 737.279, 230.604, 329.088, 65.585, 84.0697, 0, 2.82688, 18.3065, 163.402, 0, 5.05891, 220.028, 0, 6.95269, 1.52406, 0, 203.353, 0.602766, 0, 94.842, 28.8752, 425.01, 121.754, 432.367, 0, 608.858, 1.83043, 16.7964, 140.702, 32.9624, 281.327, 69.2728, 573.887, 147.405, 182.057, 158.376, 8.17399, 0, 44.9884, 0, 13.3383, 0.829777, 281.187, 100.891, 40.576, 0, 350.45, 9.54842, 60.6426, 184.619, 0, 76.0329, 
n_nonzero: 112

Running time so far: 53.4212s

