n_tets: 7
relErr: 0.0112407
Selected tets: 5390, 2255, 5881, 7419, 5645, 3900, 5779, 
Weights: 6298.88, 669.257, 2198.69, 0, 140942, 1531.26, 1390.11, 
n_nonzero: 6

Running time so far: 7.18833s

