n_tets: 123
relErr: 0.793576
Selected tets: 124375, 22431, 161983, 143674, 111426, 5209, 47645, 131827, 42982, 77928, 151043, 23772, 64033, 162187, 157029, 124555, 118915, 157615, 4787, 51116, 109839, 113271, 161340, 102614, 5446, 51827, 47830, 95446, 140702, 127430, 163843, 8806, 58308, 3399, 143398, 90894, 30496, 95395, 155062, 50615, 48731, 86234, 88219, 142582, 37713, 114235, 6577, 12199, 124805, 10234, 38380, 35976, 133541, 163281, 85176, 115468, 3474, 82719, 125373, 153458, 129183, 3193, 61215, 160479, 97143, 2548, 95264, 94961, 143358, 66939, 93393, 90654, 107801, 84277, 116585, 155539, 74659, 113272, 80197, 117469, 20165, 157768, 146022, 127434, 12451, 71168, 667, 73387, 155061, 42178, 158252, 116888, 134338, 114140, 157731, 116890, 104725, 94301, 138166, 19535, 110123, 106327, 111399, 88155, 95285, 19734, 80168, 156161, 158075, 67173, 135891, 113074, 49308, 38946, 44180, 4257, 77666, 80600, 155865, 65506, 142268, 130798, 145986, 
Weights: 548.399, 1434.35, 252.646, 2312.86, 1.52354, 263.438, 983.784, 12376.2, 1663.19, 6383.16, 16520.4, 12163.2, 1.02323, 1795.55, 95.6968, 457.525, 2.3916, 136.048, 210.938, 113296, 37.9691, 172.6, 1.00538, 379.853, 1.19667, 28.7399, 2602.65, 1367.17, 292.819, 8698.01, 28437, 0.992702, 89.506, 832.284, 2.62429, 1979.07, 1868.19, 4.83678, 8.09575, 193.405, 22672.8, 2390.02, 3.31671, 1694.97, 21907, 653567, 2.54865, 2.30834, 30.6222, 1.29016, 0.869022, 519806, 0.350749, 205.305, 1.16671, 352.668, 11836, 5184.05, 44491.7, 2.61325, 83.2693, 22.9396, 53601.1, 1.0341, 6199.82, 2479.75, 0.980138, 4.9801, 5243.25, 1729.74, 2290.87, 24.6944, 3629.09, 184476, 1847.59, 24.7228, 1.32781, 1644.86, 1.26875, 1610.5, 894.416, 289.651, 3551.55, 237.065, 2508.26, 980.63, 51.9215, 94.4423, 1.67402, 105.337, 0.982465, 328.81, 1536.55, 15.6489, 9.35636, 0.762282, 7.80658, 3.59231, 12.6085, 2.61579, 19.764, 2.43219, 584.421, 0.943867, 57.9622, 14.736, 323.68, 0.0265052, 1.034, 325.255, 0.19823, 2237.86, 3371.17, 2906.83, 230.148, 18.9997, 8672.5, 1222.9, 27.2012, 3005.54, 1.42221, 3.86089, 77.1144, 
n_nonzero: 123

Running time so far: 315.183s

