n_tets: 110
relErr: 0.601937
Selected tets: 102, 136, 98, 97, 43, 181, 200, 77, 68, 10, 28, 79, 2, 67, 1, 39, 47, 149, 65, 129, 188, 45, 190, 76, 176, 183, 146, 9, 53, 160, 26, 167, 5, 86, 157, 124, 55, 142, 17, 145, 18, 108, 88, 166, 44, 99, 63, 70, 197, 105, 178, 152, 15, 36, 24, 11, 126, 174, 27, 96, 83, 141, 185, 30, 37, 40, 62, 59, 23, 150, 133, 81, 14, 171, 119, 154, 41, 84, 104, 173, 117, 50, 199, 196, 94, 148, 52, 48, 25, 54, 19, 203, 20, 109, 161, 31, 194, 115, 51, 189, 112, 122, 134, 69, 0, 3, 4, 6, 7, 8, 
Weights: 0, 0, 0, 0, 0, 0, 0, 0, 0, 0, 0, 0, 1.14955e-15, 0, 0, 0, 0, 0, 0, 0, 0, 0, 0, 0, 0, 0, 0, 0, 0, 0, 0, 0, 0, 0, 0, 0, 0, 0, 0, 0, 0, 0, 0, 0, 0, 0, 0.150273, 0, 0, 0, 4.21377e-05, 0, 0, 8.07389e-15, 0, 0, 0, 0, 0, 0, 0, 0, 0, 0.83963, 0, 0, 0, 41.0553, 0, 0, 0, 0, 0.0204548, 0, 0, 0, 0, 0, 0, 0, 0, 0, 0, 0, 0, 0, 0, 0, 0, 0, 0, 0, 0, 0, 0, 0, 0, 0, 0, 0, 0, 0, 0, 0, 1.47545e-14, 0, 0, 0, 0, 0, 
n_nonzero: 5

