n_tets: 110
relErr: 0.0603827
Selected tets: 13986, 9874, 28312, 13284, 1214, 27342, 6233, 24777, 25350, 11692, 1312, 15251, 11970, 6638, 15836, 26177, 12232, 22738, 4998, 19909, 19835, 19799, 18800, 1088, 9388, 8792, 10521, 18579, 21869, 15721, 6623, 9788, 186, 26553, 20056, 12458, 20950, 21067, 20597, 24495, 27104, 6222, 215, 3129, 4136, 8521, 23166, 15194, 25355, 2064, 2824, 7633, 5419, 1906, 17492, 17558, 1541, 191, 20393, 11877, 24089, 7382, 27757, 10960, 21177, 9228, 11678, 14312, 13939, 5052, 4979, 13407, 22993, 20059, 21061, 17591, 18961, 24762, 19733, 8776, 21175, 19188, 4395, 18922, 17562, 8507, 21683, 13200, 21730, 7716, 4176, 16017, 12656, 29389, 2291, 10248, 22502, 16225, 24080, 4511, 10807, 9106, 23911, 9840, 25841, 5362, 28931, 256, 3857, 23843, 
Weights: 415.521, 0, 1208.09, 102.835, 0, 381.08, 593.583, 2252.77, 561.64, 0, 2454.49, 43.5669, 146.567, 0, 263.583, 30.8817, 5.97444, 96.9773, 208.546, 0, 222.122, 0, 28.9835, 0, 868.54, 326.882, 82.4404, 166.724, 271.087, 1059.66, 7.95229, 769.694, 0, 0, 0, 0, 1185.72, 20.4883, 19.7085, 566.504, 78.5308, 991.302, 0, 50.8431, 147.81, 77.9178, 197.396, 774.643, 335.677, 76.568, 0, 511.129, 258.026, 0, 0, 0, 83.943, 469.476, 655.492, 438.018, 831.874, 336.744, 256.122, 33.6081, 1.46156, 65.986, 539.059, 189.641, 0, 62.0378, 0, 182.364, 200.582, 546.333, 1777.19, 4.20538, 617.108, 659.23, 0, 0, 0, 386.008, 137.177, 666.98, 2267.89, 0, 10.0698, 0, 126.298, 0, 0, 895.028, 316.13, 0, 0, 757.646, 0, 205.663, 16.8133, 1456.4, 135.467, 1069.69, 240.258, 184.546, 2.92139, 914.068, 411.732, 135.806, 130.927, 241.163, 
n_nonzero: 82

Running time so far: 23.0336s

