n_tets: 125
relErr: 0.14395
Selected tets: 10627, 18711, 3267, 3330, 20119, 42460, 24063, 44641, 18271, 7005, 34905, 26526, 31186, 41800, 11439, 8472, 11381, 32955, 38458, 30908, 29783, 37525, 31135, 29877, 23963, 2985, 40461, 3178, 4873, 7354, 38196, 28967, 28129, 20028, 27914, 11673, 35294, 14390, 7435, 31416, 19641, 17393, 14017, 26739, 14692, 42438, 6696, 27940, 560, 9096, 25457, 14260, 22491, 35862, 14184, 2722, 1031, 36486, 784, 16052, 20446, 21175, 39842, 13027, 41911, 16997, 25208, 21730, 7771, 11937, 18292, 18909, 28389, 26485, 3512, 3206, 28349, 35183, 11548, 23703, 35425, 12279, 25535, 17061, 31087, 28695, 1373, 39978, 15365, 40422, 12458, 24893, 37672, 24511, 41057, 38250, 24616, 16302, 17907, 17341, 22257, 18038, 12342, 30469, 18913, 32809, 39177, 24689, 10871, 15596, 39732, 38186, 12614, 115, 4052, 41411, 24715, 12259, 9533, 17585, 16205, 29136, 16691, 24698, 14778, 
Weights: 0, 0, 0, 0, 0, 0, 0, 0, 0, 0, 0, 0, 0, 0, 0, 0, 0, 0, 0, 31.1555, 0, 0, 0, 0, 0, 0, 668.286, 59.3611, 1102.06, 69.2691, 595.221, 0, 0, 0, 5868.97, 0, 0, 0, 0, 0, 0, 0, 0, 0, 0, 0, 0, 1080.58, 0, 0, 0, 5146.64, 0, 0, 0, 0, 0, 0, 0.735173, 947.961, 4541.1, 0, 1914.21, 0, 0, 0, 0, 0, 7308.27, 0, 0, 0, 3399.25, 0, 0, 2769.63, 2817.16, 0, 0, 0, 351.409, 0, 0, 0, 0, 5208.1, 0, 0, 0, 1832.3, 100.3, 0, 0, 0, 0, 0, 18120, 0, 0, 0, 2179.77, 0, 539.568, 0, 0, 0, 0, 0, 0, 0, 0, 0, 0, 0, 0, 1529.95, 0, 0, 74.6823, 0, 6364.37, 0, 0, 0, 2431, 
n_nonzero: 28

Running time so far: 102.708s

