n_tets: 221
relErr: 0.282671
Selected tets: 25446, 10248, 10457, 5073, 26400, 4188, 19208, 5490, 23752, 17764, 10396, 18093, 21116, 11022, 27637, 23835, 14036, 27024, 11116, 23742, 11381, 23364, 1381, 24972, 18601, 13926, 6043, 13318, 897, 22844, 15735, 3129, 16526, 3854, 4266, 10273, 4054, 17245, 7116, 23400, 25791, 2721, 15489, 6031, 5092, 7787, 27307, 28552, 4161, 10270, 5192, 8788, 17138, 13389, 21944, 22079, 16676, 23385, 11760, 13846, 17643, 17325, 11672, 22694, 9475, 15456, 4370, 768, 20704, 17529, 6474, 4846, 5565, 6278, 2593, 21998, 21795, 10679, 16158, 4676, 9945, 16454, 26415, 24946, 20654, 16473, 10380, 871, 13107, 19901, 6337, 9274, 22333, 26184, 20080, 18953, 17370, 6295, 19054, 11859, 18179, 12478, 18316, 27025, 24970, 9650, 1361, 1025, 22842, 24509, 10680, 20193, 19050, 5833, 26770, 5319, 15077, 27142, 17970, 17603, 5792, 12170, 7710, 27299, 27020, 15852, 13102, 12905, 4041, 12342, 5483, 7310, 9942, 8325, 11686, 7213, 8645, 5502, 16251, 5064, 18944, 26000, 17760, 23552, 12437, 22680, 27699, 22428, 11860, 8995, 26801, 4371, 11959, 23365, 24430, 10864, 15049, 8914, 17259, 21483, 9019, 24646, 8009, 14739, 14294, 4935, 9356, 26859, 14407, 27580, 13227, 25886, 22963, 14225, 17414, 4871, 9471, 25663, 25362, 25937, 1612, 28620, 9001, 16340, 16589, 22737, 10652, 10114, 3724, 14483, 5658, 3427, 15313, 12070, 16012, 21901, 14452, 22201, 4869, 13834, 13237, 27501, 4138, 4061, 17969, 4324, 3013, 5051, 576, 28445, 7448, 25267, 20686, 19058, 4254, 3856, 23442, 16255, 27116, 28444, 20042, 
Weights: 0, 0, 11.9675, 906.826, 199.394, 311.944, 11.4021, 598.61, 1766.45, 0, 0, 423.228, 369.126, 18.2623, 0, 658.393, 0, 0, 0, 0, 35.04, 0, 0, 39.6076, 0, 0, 3.80267, 0, 0, 7.51476, 0.500257, 0, 0.794492, 36.8566, 603.032, 463.605, 2.02177, 0, 0, 85.0746, 2.34652, 0, 140.896, 0, 1.05439, 34.2061, 9.09449, 403.879, 1801.28, 0, 2.11545, 0, 6.88292, 18.0818, 0, 0, 0, 0, 136.689, 0, 27.3627, 0, 531.81, 5275.73, 2691.82, 1.34335, 0, 337.712, 0, 12.7853, 0, 64.2004, 9.20346, 34.0537, 0, 0, 13.897, 5.94751, 45.2778, 0.470069, 4.93606, 3825.69, 0, 29.6493, 15.2579, 392.961, 0, 0, 5.47877, 373.161, 17.2605, 1.16207, 0, 3.09822, 715.75, 2.10199, 0, 1.66987, 0, 1.90132, 0.979218, 110.946, 48.5639, 0.854912, 6.99836, 1472.93, 81.004, 0, 1.08478, 1574.84, 32.8817, 0, 0, 144.64, 0.983628, 0, 571.112, 100.403, 0, 117.958, 0.576012, 1.77909, 0, 8.11515, 0.793773, 0, 0, 0, 0, 2942.91, 1.17484, 4399.29, 635.135, 0, 0, 1208.29, 3085.9, 566.22, 54.7453, 1393.71, 0, 0, 7.92915, 203.751, 0, 17.0212, 0, 0.95599, 66.8254, 0.0287119, 0, 79.1608, 0.862461, 0, 0, 0, 0.999964, 0.481684, 0.303271, 5.61881, 0, 0, 0, 11.0711, 0, 22.6145, 80.8628, 5.83646, 0, 196.358, 0, 935.386, 0, 3.87947, 10.613, 23.6808, 60.0607, 10.0307, 0, 0, 656.535, 196.694, 0.990249, 6394.03, 40.0424, 0.616852, 0, 0, 77.1393, 0, 5538.79, 213.686, 158.145, 4.89977, 0, 7.90561, 0, 0, 17.2441, 1.00398, 0, 319.185, 0, 0, 0, 0, 0, 0, 2.70732, 0, 0, 0.0994576, 18.7828, 0, 351.783, 0, 33.0564, 59.2367, 0, 0, 4312.03, 
n_nonzero: 134

Running time so far: 73.1376s

