n_tets: 60
relErr: 0.353023
Selected tets: 32562, 2811, 43286, 18384, 24071, 43879, 16774, 30220, 11939, 42759, 7052, 32003, 35144, 42003, 33866, 29492, 8491, 24035, 42965, 39954, 22963, 4138, 31870, 3748, 12100, 37253, 43894, 39169, 3981, 8750, 28805, 7987, 34335, 1820, 3010, 14249, 41973, 33171, 1548, 5577, 44247, 15450, 16138, 30782, 15187, 2979, 15401, 42531, 22322, 39851, 12243, 20125, 42722, 36310, 10559, 17140, 2881, 18193, 35613, 6158, 
Weights: 4092.97, 6546.4, 66.6218, 318.682, 770.549, 1.22169, 4.24731, 3838.41, 0, 0, 839.915, 650.407, 644.192, 1.03889, 1.45909, 0, 0, 1380.28, 0, 1.36214, 127.345, 0, 1032.93, 2225.87, 0.460789, 0, 1.35923, 0.593428, 4823.2, 106.461, 0.805148, 0, 19.5102, 0.957811, 105.341, 0, 1.92079, 0, 298.638, 2180.01, 29.6286, 164.015, 2.11269, 247.071, 788.298, 0.71083, 1399.15, 34.9249, 6.69703, 88.5381, 77.5954, 0, 0, 943.419, 3370.02, 1.55415, 26.3796, 896.107, 0.996637, 0, 
n_nonzero: 47

Running time so far: 38.0415s

