n_tets: 234
relErr: 0.279059
Selected tets: 25446, 10248, 10457, 5073, 26400, 4188, 19208, 5490, 23752, 17764, 10396, 18093, 21116, 11022, 27637, 23835, 14036, 27024, 11116, 23742, 11381, 23364, 1381, 24972, 18601, 13926, 6043, 13318, 897, 22844, 15735, 3129, 16526, 3854, 4266, 10273, 4054, 17245, 7116, 23400, 25791, 2721, 15489, 6031, 5092, 7787, 27307, 28552, 4161, 10270, 5192, 8788, 17138, 13389, 21944, 22079, 16676, 23385, 11760, 13846, 17643, 17325, 11672, 22694, 9475, 15456, 4370, 768, 20704, 17529, 6474, 4846, 5565, 6278, 2593, 21998, 21795, 10679, 16158, 4676, 9945, 16454, 26415, 24946, 20654, 16473, 10380, 871, 13107, 19901, 6337, 9274, 22333, 26184, 20080, 18953, 17370, 6295, 19054, 11859, 18179, 12478, 18316, 27025, 24970, 9650, 1361, 1025, 22842, 24509, 10680, 20193, 19050, 5833, 26770, 5319, 15077, 27142, 17970, 17603, 5792, 12170, 7710, 27299, 27020, 15852, 13102, 12905, 4041, 12342, 5483, 7310, 9942, 8325, 11686, 7213, 8645, 5502, 16251, 5064, 18944, 26000, 17760, 23552, 12437, 22680, 27699, 22428, 11860, 8995, 26801, 4371, 11959, 23365, 24430, 10864, 15049, 8914, 17259, 21483, 9019, 24646, 8009, 14739, 14294, 4935, 9356, 26859, 14407, 27580, 13227, 25886, 22963, 14225, 17414, 4871, 9471, 25663, 25362, 25937, 1612, 28620, 9001, 16340, 16589, 22737, 10652, 10114, 3724, 14483, 5658, 3427, 15313, 12070, 16012, 21901, 14452, 22201, 4869, 13834, 13237, 27501, 4138, 4061, 17969, 4324, 3013, 5051, 576, 28445, 7448, 25267, 20686, 19058, 4254, 3856, 23442, 16255, 27116, 28444, 20042, 18948, 6368, 9502, 28308, 16281, 21676, 25180, 13345, 7235, 27961, 7174, 7940, 11641, 
Weights: 0, 0, 11.9936, 883.339, 0, 311.359, 11.1747, 620.637, 1701.22, 0, 0, 424.843, 349.932, 18.409, 0, 677.718, 0, 0, 0, 0, 7.47963, 0, 0, 39.861, 0, 0, 3.96949, 0, 0, 7.51251, 0.418224, 0, 0.794252, 37.1656, 599.01, 458.484, 1.89241, 0, 0, 85.0104, 2.48929, 0, 118.511, 0, 1.05451, 33.9179, 9.08592, 353.66, 1705.81, 0, 2.09723, 0, 6.8991, 18.1125, 0, 0, 0, 0, 125.639, 0, 30.0545, 4800.22, 59.1982, 4994.22, 2240.39, 1.3421, 0, 333.602, 0, 12.7119, 0, 65.1845, 9.16355, 44.7787, 0, 0, 21.5504, 6.01324, 45.4917, 0.467987, 4.98326, 1570.77, 0, 29.4419, 15.2561, 393.325, 0, 0, 5.46612, 374.273, 17.2992, 1.16189, 0, 0.214386, 702.765, 1.84879, 0, 1.66388, 0, 0.68723, 0.979856, 111.374, 48.3902, 0.907269, 7.00059, 1485.6, 72.4377, 0, 1.08514, 1588.54, 17.6928, 0, 0, 149.402, 0.984052, 0, 557.726, 100.441, 0, 311.678, 0.598962, 0.67208, 0, 8.00317, 1.6856, 0, 0, 0, 0, 2616.14, 1.18465, 3509.73, 313.566, 0, 1.74562, 1222.49, 2329.64, 769.84, 52.5946, 1406.28, 0, 0, 7.95299, 186.703, 0, 16.2396, 0, 1.01127, 65.4014, 0.0314257, 0, 0, 1.4344, 0, 0, 0, 0.995682, 0.482254, 0.290421, 5.94372, 0, 0, 0, 7.35327, 0, 25.9265, 0, 5.85346, 0, 180.405, 0, 467.147, 0, 3.87977, 10.4645, 20.5064, 56.5708, 10.0191, 0, 0, 656.428, 197.271, 0.990168, 7069.65, 39.7146, 0.620999, 0, 0, 77.2373, 0, 0, 215.974, 166.369, 0, 0, 7.90899, 0, 0, 17.2078, 0.994838, 0, 397.425, 0, 0, 0, 0, 0, 0, 2.74259, 0, 0, 0.0637798, 19.1482, 0, 379.347, 0, 33.1237, 55.0926, 0, 0.74816, 4610.76, 38.358, 0, 0, 0.458434, 16.1244, 0, 0, 3.91935, 0, 0, 4601.03, 544.033, 108.3, 
n_nonzero: 139

Running time so far: 79.3222s

