n_tets: 49
relErr: 0.798992
Selected tets: 78587, 128563, 48442, 149682, 160014, 2015, 66446, 39846, 43336, 157381, 157795, 93891, 159206, 3399, 49966, 163843, 121845, 102410, 64777, 55052, 79036, 69428, 81017, 157768, 50882, 156161, 159253, 148938, 138364, 80564, 43124, 107873, 9040, 99442, 88123, 119324, 143191, 9738, 142269, 99581, 115412, 59264, 134218, 100165, 84788, 58308, 106939, 106149, 87929, 
Weights: 3649.64, 0.312591, 10557.6, 3358.68, 825.27, 82.9758, 2889.48, 294205, 28229, 66.062, 0.201944, 11.8482, 5.22546, 1.03195, 2428.69, 0.636321, 0, 1944.43, 1436.26, 71.2088, 10.1413, 1.64188, 0, 5425.37, 354.374, 0, 45.9634, 13.4618, 1.00046, 0, 50.8674, 267.774, 8.59356, 0.902894, 2.0113, 0.649106, 0.424965, 1.10592, 1.05513, 1.04451, 14.9423, 2313.6, 0.947258, 0.912873, 34.6568, 1.09702, 321.711, 1.39445, 1.25715, 
n_nonzero: 45

Running time so far: 802.192s

