n_tets: 190
relErr: 0.362435
Selected tets: 1842, 1597, 1136, 1224, 452, 822, 1277, 1021, 1856, 1431, 1326, 1875, 1870, 1851, 345, 1428, 475, 146, 405, 1311, 292, 520, 1854, 1332, 427, 731, 489, 1198, 50, 262, 363, 252, 1206, 955, 462, 435, 59, 874, 21, 246, 1652, 1143, 1790, 593, 559, 1457, 1627, 880, 849, 30, 1051, 455, 619, 281, 1638, 1583, 1341, 1102, 1503, 1210, 108, 504, 1159, 238, 682, 1427, 848, 5, 1194, 536, 529, 697, 881, 840, 1454, 1977, 1319, 638, 609, 1490, 1446, 502, 1578, 1868, 1761, 1628, 1351, 305, 447, 1392, 534, 1535, 198, 1032, 853, 1775, 949, 432, 36, 1926, 1119, 324, 1932, 595, 122, 1515, 1779, 753, 767, 1544, 1370, 1197, 1157, 1566, 1005, 1417, 732, 573, 235, 975, 838, 1462, 1009, 105, 918, 13, 1442, 329, 623, 921, 780, 1233, 808, 1883, 1852, 1873, 1642, 540, 199, 380, 1534, 1613, 960, 899, 1393, 1742, 1359, 1044, 1396, 53, 631, 625, 932, 1018, 634, 1376, 75, 812, 89, 334, 260, 839, 1867, 1251, 60, 1855, 201, 1675, 1343, 1440, 615, 1862, 580, 1364, 789, 1911, 2, 1016, 482, 488, 337, 1629, 1452, 40, 38, 1, 589, 440, 503, 1436, 
Weights: 28.3996, 171.904, 261.786, 0.654501, 0.687908, 1.00423, 54.7902, 1.05927, 0.97345, 1.0422, 230.468, 0.972128, 2.02998, 1.81294, 2.03006, 1.30256, 1.07972, 1.63863, 0.977969, 0.921198, 11.1253, 1.05901, 1.19576, 0.91491, 0.970142, 1.9739, 0.832859, 0.997783, 0.997464, 0.942387, 1.45566, 0.93644, 1.01895, 0.372088, 0.986908, 0.953781, 1.0001, 0.938126, 0.810838, 0.98261, 268.108, 1.01067, 0, 4.31035, 0, 3.08497, 1.01382, 2.56784, 0.762838, 0.877479, 1.0196, 0.939133, 1.03021, 0.371344, 0.965243, 1.0982, 0.868939, 0.921017, 1.07345, 1.16539, 0.91507, 1.37421, 0.539951, 0.929957, 0.97657, 0.686548, 0.197331, 0.881164, 1.01193, 1.11212, 1.00321, 1.29977, 1.12523, 1.12923, 1.03931, 1.39894, 1.23843, 1.02775, 1.03348, 0.972602, 59.1108, 0.972599, 0.503695, 0.933147, 1.0478, 0.95645, 13.9716, 1.17854, 0, 1.00226, 1.00759, 1.01284, 5.87028, 1.04165, 24.555, 0.929905, 0.774473, 1.10981, 1.51836, 2.16328, 0.604261, 0.953635, 4.72871, 107.366, 6.71152, 2.20706, 1.02734, 0.915881, 1.21063, 0.933324, 3.5376, 4.9528, 0, 0.970203, 1.82163, 1.01708, 2.57413, 1.60818, 325.814, 40.7046, 0.892306, 62.1665, 1.02074, 44.875, 0.742089, 0.5966, 2.90621, 1.16382, 0.869205, 1.38767, 0.723153, 1.11233, 44.1765, 2.54738, 0.988787, 1.01372, 1.0193, 0.888013, 0.968848, 36.1198, 0.966047, 0.864706, 9.24704, 0.982286, 0.997171, 0.641429, 0.939288, 1.03562, 1.0121, 1.1692, 1.08217, 1.01076, 1.0436, 1.50458, 1.06808, 0, 80.846, 62.7088, 0.644326, 0.953179, 0.954054, 1.00765, 0.602802, 0, 0.964023, 0.732129, 18.6888, 0.808505, 1.46532, 0.553013, 0.979083, 72.6494, 1.03312, 0.581017, 0.898462, 0.871771, 0.930816, 32.308, 0.923343, 1.04349, 1.08738, 0.923499, 0, 0.715471, 0.382747, 1.32497, 0.921061, 59.6593, 5.86615, 0, 
n_nonzero: 182

