n_tets: 280
relErr: 0.310981
Selected tets: 32562, 2811, 43286, 18384, 24071, 43879, 16774, 30220, 11939, 42759, 7052, 32003, 35144, 42003, 33866, 29492, 8491, 24035, 42965, 39954, 22963, 4138, 31870, 3748, 12100, 37253, 43894, 39169, 3981, 8750, 28805, 7987, 34335, 1820, 3010, 14249, 41973, 33171, 1548, 5577, 44247, 15450, 16138, 30782, 15187, 2979, 15401, 42531, 22322, 39851, 12243, 20125, 42722, 36310, 10559, 17140, 2881, 18193, 35613, 6158, 14859, 20282, 1614, 20754, 22402, 21249, 44411, 37958, 12145, 31817, 27313, 1617, 8545, 42402, 2808, 34094, 17166, 22361, 20239, 23424, 25091, 3675, 44291, 41901, 22443, 43847, 36484, 32063, 21164, 23010, 44985, 22568, 29135, 16786, 15437, 31085, 15828, 20995, 8104, 29493, 19856, 34505, 8800, 31818, 41983, 22293, 38968, 41986, 38872, 13502, 13860, 9257, 15863, 35680, 13784, 23461, 13783, 22357, 34425, 4284, 44199, 1355, 31852, 39840, 21645, 10464, 44233, 43420, 5461, 18026, 12209, 36115, 3532, 39899, 1076, 44183, 27903, 38853, 29495, 23371, 4723, 14040, 6260, 41971, 3901, 20930, 30753, 44223, 42882, 27475, 18852, 7178, 11694, 20469, 7766, 7341, 15373, 38068, 32044, 32236, 9328, 15858, 4085, 23484, 310, 42311, 14263, 19369, 2382, 37423, 14447, 38754, 30837, 19854, 35495, 12085, 23553, 31828, 19012, 26974, 41990, 18853, 39167, 26374, 11315, 8391, 18714, 40986, 33727, 33142, 30949, 29702, 40118, 29905, 13322, 31833, 6572, 28587, 29286, 6594, 29913, 35515, 44066, 39021, 10420, 9923, 38661, 44055, 31995, 5221, 13020, 42235, 44927, 41309, 3900, 14582, 12146, 3881, 33764, 32136, 17597, 14374, 32001, 38885, 34100, 10790, 10818, 9326, 38513, 14789, 16308, 22248, 22319, 42251, 5010, 7202, 5352, 17793, 38262, 6185, 36160, 9855, 25479, 39305, 15079, 25956, 24646, 31811, 42010, 10436, 35182, 3577, 10859, 29780, 26937, 37741, 23375, 13408, 42160, 3527, 19079, 3970, 44227, 168, 9782, 43269, 24553, 24659, 41942, 35173, 1471, 42660, 7009, 6170, 5282, 20731, 4880, 37563, 40555, 34179, 
Weights: 705.996, 0, 63.9766, 0, 565.427, 0.947232, 4.30599, 0, 0, 0, 0, 438.856, 0, 1.0501, 0, 2.54862, 0, 0, 0, 1.36508, 5.82652, 0, 368.49, 1607.29, 1.58016, 0, 1.34369, 0.67721, 3469.2, 0, 0.826058, 80.6397, 16.0183, 1.01645, 88.1563, 0, 1.74392, 170.452, 253.291, 0, 1.42367, 103.637, 1.96097, 102.81, 0, 0.943589, 0, 33.0765, 3.04767, 37.8713, 66.426, 0, 0, 1100.08, 0, 0.848151, 31.2831, 0, 1.00577, 0, 0.825516, 85.733, 0, 0, 4.41856, 240.016, 2.90774, 0, 24.3784, 0, 24.3358, 36.2025, 1.0128, 110.867, 0, 68.8941, 303.559, 1.62837, 0, 18.8948, 1156.23, 0, 0, 836.866, 2.5727, 56.9416, 0, 66.491, 467.204, 0, 1.33758, 26.2294, 0.456508, 517.938, 472.884, 0, 5.82449, 268.533, 430.489, 0, 1.02688, 0, 25.0068, 2.4377, 4.1391, 0, 0, 0.673546, 3.5582, 2.57425, 1.00899, 166.56, 5.51989, 25.6978, 0.965309, 106.815, 1.6779, 9.0023, 0, 810.593, 11.832, 10.8023, 1.10165, 0, 318.333, 0, 0, 0, 0.959597, 6.10631, 1.23159, 728.781, 0, 0, 502.056, 0.87379, 0, 0, 414.283, 0, 1.03548, 1613.5, 1081.73, 1.34284, 0, 1.15284, 629.896, 3.36252, 0.903179, 360.647, 0.973884, 1.37294, 1872.24, 764.554, 4.93095, 0, 0, 91.1193, 0, 0, 3.9761, 0.277504, 2.19181, 0.359824, 8.79246, 0, 0, 140.508, 0, 0, 35.691, 0, 1.98641, 3.33671, 0, 0, 48.2619, 0, 60.5227, 0, 2.23903, 0, 0, 0, 2.32094, 0.569295, 1395.04, 1.33522, 0.933138, 485.932, 5.94659, 0, 0, 0.775716, 0, 2.16009, 0.683862, 31.7692, 1.97049, 0, 2.72527, 0, 20.3098, 2.30076, 0.162352, 94.0257, 0.345127, 0, 688.111, 20.956, 253.579, 10.3361, 0, 0, 16.0401, 0, 1.75638, 0, 1618.75, 2671.69, 0.944906, 0, 1220.94, 0, 1853.52, 0.504142, 1.22426, 19.9921, 0.801328, 0, 0.890472, 678.478, 668.512, 0, 60.2064, 338.644, 0, 0.987327, 0, 2.46691, 17.8048, 649.095, 0, 0, 0, 1799.18, 2.42578, 2.05701, 0.874802, 27.881, 1.11887, 0, 6.15606, 0, 1507.36, 0, 11.8611, 0, 0, 4.50677, 0.612896, 0, 8.53197, 677.784, 0, 4.39032, 0, 0, 731.367, 0, 110.468, 0, 0, 2.87407, 0, 0, 0.154792, 0, 534.202, 1.01617, 
n_nonzero: 181

Running time so far: 209.296s

