n_tets: 240
relErr: 0.137935
Selected tets: 11653, 17340, 29124, 23576, 14512, 19181, 26439, 14755, 7643, 20581, 27376, 9208, 22436, 17370, 29530, 12686, 9765, 5093, 27829, 5223, 10587, 2282, 28753, 4945, 11956, 10685, 27251, 12253, 14924, 23185, 4460, 21799, 19166, 25112, 6928, 19480, 3092, 14022, 13107, 26027, 22837, 24849, 10400, 3918, 14873, 8521, 25376, 16928, 21411, 12601, 15774, 17871, 16874, 12159, 211, 14017, 13163, 9065, 1531, 2956, 17173, 3391, 5773, 4144, 21586, 2015, 4242, 10516, 3130, 9781, 17745, 21040, 4087, 6192, 18687, 12445, 18806, 18181, 18118, 29685, 25223, 29272, 14235, 13331, 14252, 7433, 4876, 27465, 26924, 24111, 15127, 12545, 1301, 12638, 17226, 27963, 13006, 8509, 4076, 4090, 17307, 29291, 13065, 25831, 13257, 13249, 11066, 17692, 8294, 22721, 58, 16989, 21930, 4862, 19164, 12648, 19562, 21931, 13189, 17545, 21566, 26415, 4158, 3086, 11038, 3042, 25613, 20749, 6798, 3708, 13372, 7471, 1543, 28971, 27681, 20835, 17875, 24336, 41, 6697, 6692, 13255, 24075, 4099, 2562, 1210, 2438, 4138, 5887, 20612, 28775, 29564, 9209, 19028, 18599, 26770, 14870, 2871, 8964, 23758, 2988, 15131, 18547, 25219, 3468, 12293, 2092, 9272, 13333, 7319, 3212, 7494, 24074, 25468, 22122, 4379, 247, 6064, 4978, 10886, 1939, 13594, 21540, 14869, 3129, 14108, 8963, 12795, 29093, 5006, 19188, 10087, 8534, 2248, 27931, 2446, 25795, 18900, 8653, 14943, 2812, 2217, 29296, 28782, 9559, 21178, 14879, 23894, 5282, 2822, 25722, 12930, 20491, 21116, 12983, 19992, 13827, 21708, 28958, 22121, 6263, 19404, 22329, 6814, 8573, 20234, 23818, 19328, 18177, 5968, 6880, 12045, 8298, 26308, 5523, 3844, 14012, 17228, 22549, 5417, 
Weights: 0, 239.774, 0, 0, 0, 1014.96, 0, 0, 0, 3.84632, 0, 1.12486, 0, 451.112, 0, 398.987, 229.577, 0, 1.94752, 0, 0, 0, 0, 1.54726, 0.715898, 0, 0.998771, 40.3933, 23.3129, 0, 0, 0.966332, 0.96976, 28.0604, 0, 0, 0, 0, 0, 0, 660.421, 0, 0.981133, 340.647, 614.731, 0.541395, 0, 0, 63.653, 7.9682, 0, 0, 444.625, 0, 1.05487, 529.17, 0, 0, 1039.21, 1210.25, 0, 0, 0, 0, 0.752651, 2406.14, 0.763297, 72.0817, 426.323, 0, 64.6177, 0.585265, 0.956133, 936.949, 457.567, 0, 0, 1.2147, 1.66748, 0, 28.4852, 2.17486, 0, 1.1256, 3.90075, 0, 0, 514.452, 0, 29.7142, 42.7633, 0, 144.003, 0, 408.761, 0, 2.07568, 121.042, 254.366, 0.875503, 0, 0.326206, 0.97956, 1796.51, 276.962, 554.12, 0, 0, 0.996274, 11.1716, 0, 0, 0, 1134.93, 2.75336, 0, 8.785, 0, 0, 285.193, 48.4529, 0, 0, 0, 0, 0.766975, 0, 805.457, 0, 0, 2056.68, 6.00827, 0.865603, 330.963, 920.33, 0, 1.00138, 0, 151.724, 0, 2.16048, 0, 0, 0.889248, 0.686232, 0, 0, 0, 0, 335.738, 18.1162, 1.04846, 1.02479, 1.32145, 0, 0, 0.92973, 619.762, 11.0013, 0, 1.20801, 802.733, 0, 58.8505, 0, 0, 0, 0, 0.931283, 0, 0, 329.683, 211.889, 285.611, 0, 356.632, 0, 1.3269, 0, 0, 0.99557, 0, 0, 0.911517, 0, 0, 0.285651, 1.00832, 3788.26, 20.0856, 925.153, 0, 4.67484, 0.21954, 0, 0, 26.5745, 1.50527, 39.0342, 0.980749, 11.4828, 0, 0, 1.40181, 1.0085, 1.02967, 154.557, 0.635514, 0, 0, 7.35067, 0, 0, 0, 4.98857, 0, 2695.73, 557.066, 0, 119.427, 1.09253, 0, 802.005, 996.141, 0, 0, 0, 0, 3.47092, 53.664, 0, 1.88774, 34.0952, 0, 0.848043, 380.811, 0, 0, 0, 0, 
n_nonzero: 127

Running time so far: 389.374s

