n_tets: 50
relErr: 0.35582
Selected tets: 32562, 2811, 43286, 18384, 24071, 43879, 16774, 30220, 11939, 42759, 7052, 32003, 35144, 42003, 33866, 29492, 8491, 24035, 42965, 39954, 22963, 4138, 31870, 3748, 12100, 37253, 43894, 39169, 3981, 8750, 28805, 7987, 34335, 1820, 3010, 14249, 41973, 33171, 1548, 5577, 44247, 15450, 16138, 30782, 15187, 2979, 15401, 42531, 22322, 39851, 
Weights: 4397.67, 7125.21, 66.6299, 641.205, 1767.15, 1.2312, 4.22786, 3168.18, 1790.69, 0, 1572.65, 858.705, 701.851, 1.03738, 2.10158, 0, 0, 768.539, 1626.28, 1.36653, 167.541, 0, 876.14, 2862.47, 0.413086, 0, 1.36192, 0.588941, 3855.45, 200.451, 0.806548, 0, 20.8729, 0.959601, 98.7695, 0, 1.90835, 0, 210.712, 765.303, 29.5868, 162.742, 2.10345, 163.887, 285.724, 0.720209, 1122.43, 35.225, 7.02977, 97.1343, 
n_nonzero: 42

Running time so far: 33.0527s

