n_tets: 210
relErr: 0.143891
Selected tets: 995, 6736, 3302, 3987, 5864, 4070, 3730, 3440, 7494, 2193, 2122, 2261, 5764, 5142, 6166, 3572, 3695, 7454, 5135, 7320, 5016, 4455, 1016, 3762, 5387, 2352, 4049, 1000, 3179, 1735, 5789, 5372, 4724, 685, 5526, 1828, 6339, 5976, 264, 645, 5895, 5482, 3808, 1141, 1909, 5442, 7480, 3953, 2668, 5647, 5939, 2837, 270, 3811, 4160, 2849, 2642, 5738, 4590, 4390, 205, 2781, 2258, 4000, 6711, 5356, 886, 2662, 3672, 3262, 6141, 3341, 3561, 284, 7483, 4651, 3990, 7445, 1782, 6646, 838, 1751, 1411, 198, 7048, 3775, 7465, 7325, 2920, 3201, 237, 5204, 7393, 2830, 2415, 250, 5652, 5492, 2594, 3367, 86, 1017, 4883, 296, 2003, 3876, 7443, 5153, 1906, 648, 400, 4483, 3285, 212, 6643, 842, 4009, 3391, 3863, 56, 4416, 145, 4663, 1780, 667, 2338, 2700, 3688, 4167, 4196, 4838, 2255, 1682, 1896, 2176, 929, 2528, 5632, 4648, 1339, 5876, 69, 2367, 463, 2591, 7486, 6474, 6461, 1369, 6531, 3897, 91, 4687, 1501, 362, 5771, 2093, 2333, 3955, 372, 606, 1223, 3804, 1701, 443, 7227, 717, 7485, 7119, 2406, 2063, 3504, 5981, 3535, 4841, 2097, 4050, 2213, 5283, 3257, 6342, 1910, 6998, 5838, 1395, 6645, 6489, 5413, 3022, 1904, 914, 4962, 1107, 4081, 4308, 7321, 1810, 5450, 3644, 3907, 7523, 1225, 3476, 1317, 5154, 7484, 1824, 7040, 653, 5677, 
Weights: 336.37, 24.9878, 65.6752, 84.9666, 66.8182, 87.3475, 154.438, 264.723, 117.148, 71.1207, 0, 7.48439, 35.2546, 313.226, 0, 314.658, 79.5626, 28.6118, 26.5191, 0.981554, 0.389061, 0.674028, 0, 0, 0, 1.00971, 1.01219, 0, 103.954, 12.2887, 120.053, 41.6109, 2.86596, 41.1652, 12.1591, 5.77172, 0, 351.119, 38.0624, 61.7147, 0, 1.29471, 0, 109.082, 38.0213, 0.951455, 0, 0.905968, 1.1091, 0.940432, 96.9471, 2.75813, 40.8345, 20.6224, 30.5435, 7.99054, 58.3463, 0, 1358.94, 17.476, 0.996758, 0.998917, 235.411, 501.473, 2.04735, 15.1915, 59.0649, 1.00407, 0, 62.1493, 44.2956, 18.5833, 19.5201, 0, 2.65478, 0.0773186, 0, 0, 1.07161, 0, 1.51086, 0, 88.9773, 0.426235, 0.428267, 95.3859, 0, 0.550789, 112.496, 0, 7.67224, 41.1994, 7.88965, 0, 37.249, 61.0782, 0.0999081, 0.980017, 51.4865, 0, 76.7497, 0, 33.2533, 55.8333, 0.91272, 0.961179, 0, 220.84, 0.684843, 59.4594, 42.9956, 0.72376, 0.932296, 3.86133, 1.03189, 26.2521, 1.87265, 0, 85.4915, 1.17722, 8.28992, 18.8102, 0.945365, 28.2623, 6.46481, 0, 396.604, 0, 0, 151.625, 15.2226, 0, 0, 0, 7.01449, 0.964126, 0, 37.7793, 185.588, 10.6492, 0, 0, 33.3647, 0, 95.1649, 14.8001, 271.178, 34.0864, 120.715, 34.3524, 7.36952, 29.7437, 4.24609, 75.5458, 99.5286, 0, 4.64648, 98.2175, 1.17818, 44.3274, 15.3699, 2.84624, 0, 0, 0, 9.96942, 0, 0.0836377, 82.2231, 0, 0, 0, 0, 21.4839, 111.616, 0.992282, 21.0574, 11.3456, 1.03641, 0, 41.3356, 0, 20.5157, 45.5942, 115.14, 22.2376, 37.356, 0, 58.7365, 12.8333, 46.1547, 0, 0, 44.5421, 0, 0.83841, 0, 1.04385, 38.185, 57.6345, 470.808, 62.9199, 15.8853, 26.1876, 205.216, 0, 4.60882, 161.614, 0, 465.3, 
n_nonzero: 158

