n_tets: 25
relErr: 0.304369
Selected tets: 99, 89, 141, 93, 171, 185, 186, 65, 77, 57, 53, 2, 172, 119, 137, 18, 135, 168, 84, 194, 202, 101, 200, 14, 138, 
Weights: 42.6631, 1.03945, 55.4415, 1.00897, 34.2752, 0.937081, 0.957095, 4.77712, 1.04017, 1.41233, 126.896, 9.26393, 12.4392, 0.405028, 0.968971, 1.54377, 37.3436, 32.5195, 0.99934, 1.02489, 1.4292, 2.04588, 0.763882, 0.393601, 0.231865, 
n_nonzero: 25

