n_tets: 34
relErr: 0.290417
Selected tets: 99, 89, 141, 93, 171, 185, 186, 65, 77, 57, 53, 2, 172, 119, 137, 18, 135, 168, 84, 194, 202, 101, 200, 14, 138, 107, 166, 155, 111, 198, 63, 189, 3, 72, 
Weights: 42.2411, 1.03617, 46.8115, 1.00674, 11.9546, 0.942887, 0.88334, 4.74164, 1.03968, 1.43012, 95.0578, 7.5477, 14.3629, 0.42977, 0.987489, 1.48419, 39.6288, 37.6914, 1.03807, 1.02416, 1.08114, 1.84096, 0.707401, 0.389205, 0.246166, 0.941882, 65.9121, 5.57203, 1.03547, 0.687104, 1.18881, 2.33914, 16.8543, 5.04747, 
n_nonzero: 34

