n_tets: 75
relErr: 0.37424
Selected tets: 646, 4859, 766, 5730, 6102, 5173, 2479, 5512, 6491, 2756, 5585, 4720, 5726, 4711, 2853, 536, 3953, 3924, 4232, 5053, 2737, 4569, 3380, 591, 3595, 1316, 4049, 943, 6702, 2401, 237, 5636, 4724, 769, 4082, 5093, 204, 4948, 1781, 441, 2597, 1573, 5823, 7446, 2416, 5442, 2694, 6551, 2668, 5345, 1776, 2660, 6342, 3414, 4546, 2849, 2928, 4458, 1736, 2463, 205, 7485, 6837, 2477, 2617, 1630, 6531, 3308, 90, 677, 4651, 2780, 4815, 489, 3792, 
Weights: 357.331, 10292.6, 624.523, 16675, 1753.05, 2628.31, 160517, 10157.8, 18.2659, 43.059, 669.331, 86.4213, 0, 434.074, 5.06072, 0, 0.141113, 344.342, 414.871, 23525.3, 1845.93, 954.803, 261.669, 78842, 61.7312, 0, 0.11842, 1746.81, 5438.41, 14.2663, 40646.9, 6001.94, 78.6757, 2270.69, 3.02262, 0, 15.2504, 3486.18, 3277.21, 176.023, 19113.7, 73.2729, 0, 0, 37.6022, 14.5591, 1837.63, 16225.2, 1.88749, 95.6321, 0, 157.848, 42.5321, 0, 852.213, 3458.97, 135.314, 160.423, 1036.84, 592.705, 10.1749, 353.662, 2946.9, 94.2266, 1628.82, 12553.7, 157354, 23.6686, 135.102, 0, 0.576061, 587.389, 1.19362e+07, 120.762, 7031.45, 
n_nonzero: 66

