n_tets: 150
relErr: 0.166494
Selected tets: 995, 6736, 3302, 3987, 5864, 4070, 3730, 3440, 7494, 2193, 2122, 2261, 5764, 5142, 6166, 3572, 3695, 7454, 5135, 7320, 5016, 4455, 1016, 3762, 5387, 2352, 4049, 1000, 3179, 1735, 5789, 5372, 4724, 685, 5526, 1828, 6339, 5976, 264, 645, 5895, 5482, 3808, 1141, 1909, 5442, 7480, 3953, 2668, 5647, 5939, 2837, 270, 3811, 4160, 2849, 2642, 5738, 4590, 4390, 205, 2781, 2258, 4000, 6711, 5356, 886, 2662, 3672, 3262, 6141, 3341, 3561, 284, 7483, 4651, 3990, 7445, 1782, 6646, 838, 1751, 1411, 198, 7048, 3775, 7465, 7325, 2920, 3201, 237, 5204, 7393, 2830, 2415, 250, 5652, 5492, 2594, 3367, 86, 1017, 4883, 296, 2003, 3876, 7443, 5153, 1906, 648, 400, 4483, 3285, 212, 6643, 842, 4009, 3391, 3863, 56, 4416, 145, 4663, 1780, 667, 2338, 2700, 3688, 4167, 4196, 4838, 2255, 1682, 1896, 2176, 929, 2528, 5632, 4648, 1339, 5876, 69, 2367, 463, 2591, 7486, 6474, 6461, 1369, 6531, 
Weights: 499.388, 29.4037, 11.9188, 70.9294, 60.0219, 165.038, 218.922, 151.428, 217.166, 102.495, 37.8698, 0.184517, 48.2896, 400.481, 0, 365.41, 119.72, 78.5608, 0, 0.940574, 0.404594, 0.595841, 293.641, 0, 0, 1.05231, 0.807478, 59.2438, 117.846, 99.5875, 163.724, 43.6359, 0, 79.8452, 0, 0, 0, 148.611, 42.2251, 87.9747, 34.4127, 1.2086, 0, 85.3597, 111.729, 0.938263, 0, 1.04996, 0.951406, 0.932876, 262.513, 2.9447, 0, 53.0156, 58.9595, 24.8864, 28.4289, 9.25558, 504.011, 23.9145, 1.00367, 0.999555, 232.493, 699.88, 4.24918, 16.0148, 121.418, 1.00823, 0, 71.5247, 0, 9.8739, 20.4068, 0, 12.3244, 0.381095, 0, 0.577753, 1.04393, 0, 1.4784, 0, 284.252, 0.525866, 1.07384, 86.3795, 0, 0.543695, 68.2606, 0, 11.6265, 38.1505, 58.1994, 130.677, 52.5253, 57.3253, 0.633546, 0.98079, 93.0287, 0, 246.287, 0, 72.2444, 52.9858, 1.05929, 0.927893, 0, 290.696, 0.770662, 32.4174, 40.7515, 0.674147, 0.929037, 3.41897, 1.02236, 3.54968, 0, 0, 57.2973, 1.93691, 8.43156, 61.4128, 1.10291, 9.84895, 3.60019, 216.363, 0, 2488.4, 98.5872, 158.563, 0, 15.8807, 26.4846, 442.661, 11.7146, 0.962787, 20.9672, 67.4425, 195.686, 95.1439, 0, 1.43379, 24.6324, 21.9595, 86.947, 14.8432, 183.372, 31.1556, 86.7942, 15.663, 
n_nonzero: 123

