n_tets: 143
relErr: 0.0602985
Selected tets: 13986, 9874, 28312, 13284, 1214, 27342, 6233, 24777, 25350, 11692, 1312, 15251, 11970, 6638, 15836, 26177, 12232, 22738, 4998, 19909, 19835, 19799, 18800, 1088, 9388, 8792, 10521, 18579, 21869, 15721, 6623, 9788, 186, 26553, 20056, 12458, 20950, 21067, 20597, 24495, 27104, 6222, 215, 3129, 4136, 8521, 23166, 15194, 25355, 2064, 2824, 7633, 5419, 1906, 17492, 17558, 1541, 191, 20393, 11877, 24089, 7382, 27757, 10960, 21177, 9228, 11678, 14312, 13939, 5052, 4979, 13407, 22993, 20059, 21061, 17591, 18961, 24762, 19733, 8776, 21175, 19188, 4395, 18922, 17562, 8507, 21683, 13200, 21730, 7716, 4176, 16017, 12656, 29389, 2291, 10248, 22502, 16225, 24080, 4511, 10807, 9106, 23911, 9840, 25841, 5362, 28931, 256, 3857, 23843, 15303, 24964, 723, 22646, 3114, 1210, 24852, 29425, 6932, 14520, 11434, 21181, 12534, 293, 21755, 22435, 17221, 17785, 14797, 29482, 22609, 8294, 19923, 11702, 19083, 26436, 2840, 8550, 18423, 21044, 4142, 2781, 19575, 
Weights: 373.333, 0, 895.512, 0, 0, 80.984, 520.54, 2077.77, 661.703, 0, 2247.53, 25.7451, 121.559, 0, 227.593, 287.413, 0, 0, 212.994, 0, 68.1473, 0, 0, 0, 0, 261.706, 18.729, 88.8056, 108.826, 1031.97, 21.7984, 377.989, 0, 99.0922, 6.90089, 0, 1188.28, 107.795, 24.6749, 639.616, 0, 2589.24, 0, 16.4317, 0, 84.5875, 17.2517, 593.592, 612.459, 0, 0, 447.817, 160.393, 0, 0, 210.238, 0, 0, 0.422508, 471.31, 0, 347.238, 378.299, 30.4818, 1.46965, 0, 597.409, 136.907, 0, 237.192, 0, 208.584, 206.178, 452.342, 164.448, 5.3843, 315.425, 694.799, 0, 0, 0, 393.81, 5.82342, 503.948, 1813.59, 0, 104.791, 45.2085, 189.44, 0, 0, 697.483, 522.763, 9.5567, 0, 682.365, 0, 0, 7.71435, 1500.61, 50.79, 1074.69, 355.547, 259.903, 1.29281, 1096.96, 301.243, 103.369, 145.86, 363.967, 0, 0, 0, 128.291, 215.569, 0, 0, 1475.93, 0, 87.443, 106.938, 44.246, 99.7947, 198.538, 0, 4112.4, 72.4156, 308.328, 0, 0, 0, 0, 0, 53.9293, 74.2731, 664.144, 160.705, 53.0136, 266.818, 116.841, 0, 224.39, 132.587, 
n_nonzero: 94

Running time so far: 33.0244s

