n_tets: 80
relErr: 0.213283
Selected tets: 13417, 13808, 28312, 14069, 12972, 8258, 18944, 8070, 481, 15775, 21730, 13395, 25325, 4033, 14210, 4406, 28758, 3292, 10851, 23758, 19900, 6591, 14973, 28694, 28842, 9171, 13131, 19233, 2668, 27964, 22780, 12583, 186, 25112, 5552, 2931, 25758, 2253, 27971, 14506, 13058, 21692, 6449, 11962, 5801, 25739, 11593, 17718, 14157, 5185, 24834, 6697, 808, 12454, 12031, 26393, 5141, 24502, 13201, 4846, 19037, 8572, 1861, 12, 22228, 2107, 7838, 15856, 22491, 12004, 21868, 27114, 6553, 20202, 1249, 28810, 6927, 18163, 24785, 20221, 
Weights: 265.896, 972.066, 1058.78, 221.368, 513.988, 3906.47, 396.53, 360.922, 1101.98, 1.02841, 196.188, 173.895, 338.109, 94.5496, 3468.88, 614.171, 98.0778, 304.633, 2437.07, 800.827, 372.045, 237.282, 90.7586, 711.241, 475.682, 328.516, 401.538, 0, 196.243, 1054.13, 881.691, 57.6704, 672.157, 393.976, 596.499, 1.24801, 85.1076, 95.8211, 0.803867, 279.032, 1.0079, 0.988431, 300.03, 86.0659, 537.331, 96.8581, 109.532, 196.165, 67.389, 280.639, 0, 348.039, 21.6386, 1069.68, 478.931, 7026.06, 2289.62, 520.623, 588.033, 111.605, 0.763235, 43.7234, 1.18883, 0.661428, 133.74, 328.812, 297.618, 579.729, 305.082, 3.2419, 41.951, 191.535, 123.27, 1187.98, 625.431, 1474.55, 131.325, 0, 0, 121.257, 
n_nonzero: 76

Running time so far: 26.896s

