n_tets: 30
relErr: 0.249328
Selected tets: 99, 200, 141, 89, 164, 116, 93, 2, 77, 197, 63, 44, 194, 119, 185, 65, 18, 137, 145, 135, 169, 202, 186, 198, 172, 155, 25, 184, 138, 57, 
Weights: 41.1021, 1.14981, 37.9883, 1.0083, 36.8894, 13.3143, 1.10474, 7.56869, 1.03522, 1.40143, 0.987446, 0.294817, 1.03289, 0.416898, 0.888526, 7.64106, 8.84291, 1.08959, 129.272, 30.0309, 98.9649, 15.1345, 0.828906, 0.706735, 7.95524, 4.30498, 2.46493, 0, 0.501267, 1.6064, 
n_nonzero: 29

