n_tets: 270
relErr: 0.254157
Selected tets: 1842, 1597, 1136, 1224, 452, 822, 1277, 1021, 1856, 1431, 1326, 1875, 1870, 1851, 345, 1428, 475, 146, 405, 1311, 292, 520, 1854, 1332, 427, 731, 489, 1198, 50, 262, 363, 252, 1206, 955, 462, 435, 59, 874, 21, 246, 1652, 1143, 1790, 593, 559, 1457, 1627, 880, 849, 30, 1051, 455, 619, 281, 1638, 1583, 1341, 1102, 1503, 1210, 108, 504, 1159, 238, 682, 1427, 848, 5, 1194, 536, 529, 697, 881, 840, 1454, 1977, 1319, 638, 609, 1490, 1446, 502, 1578, 1868, 1761, 1628, 1351, 305, 447, 1392, 534, 1535, 198, 1032, 853, 1775, 949, 432, 36, 1926, 1119, 324, 1932, 595, 122, 1515, 1779, 753, 767, 1544, 1370, 1197, 1157, 1566, 1005, 1417, 732, 573, 235, 975, 838, 1462, 1009, 105, 918, 13, 1442, 329, 623, 921, 780, 1233, 808, 1883, 1852, 1873, 1642, 540, 199, 380, 1534, 1613, 960, 899, 1393, 1742, 1359, 1044, 1396, 53, 631, 625, 932, 1018, 634, 1376, 75, 812, 89, 334, 260, 839, 1867, 1251, 60, 1855, 201, 1675, 1343, 1440, 615, 1862, 580, 1364, 789, 1911, 2, 1016, 482, 488, 337, 1629, 1452, 40, 38, 1, 589, 440, 503, 1436, 1853, 1928, 721, 944, 856, 1796, 385, 1866, 1784, 1238, 911, 29, 232, 950, 643, 630, 16, 1550, 1549, 1239, 1532, 1934, 726, 535, 1403, 1375, 449, 1296, 1267, 1366, 1571, 113, 1871, 381, 893, 1676, 456, 49, 234, 1274, 72, 88, 1003, 585, 605, 509, 720, 810, 95, 894, 352, 1501, 81, 668, 1608, 1280, 1434, 772, 1000, 215, 1573, 1857, 747, 1746, 1910, 494, 1074, 1477, 187, 610, 1558, 320, 664, 271, 1764, 1980, 693, 728, 74, 953, 
Weights: 14.6578, 173.007, 124.242, 1.28112, 0.811277, 1.00281, 43.3661, 1.00029, 0.976688, 0.948184, 197.651, 1.0104, 1.02485, 2.45951, 2.05107, 1.04071, 1.08322, 1.23353, 0.987157, 1.04156, 9.26042, 1.08292, 1.10236, 0.955993, 0.964098, 2.0052, 0.838268, 0.998316, 1.02322, 0.995108, 1.50905, 1.05776, 0.999724, 0.682417, 0.973311, 0.983668, 1.00194, 0.92917, 0.52327, 1.01933, 248.413, 0.986319, 0, 4.14629, 2.00669, 3.07381, 1.00191, 2.41442, 0.439504, 0.908419, 1.0102, 1.00133, 1.0249, 1.00852, 0.977993, 1.06281, 0.996957, 0.980994, 1.10952, 1.3012, 0.947323, 1.23035, 0.985819, 0.945176, 0.994215, 0.80716, 5.73657, 0.867028, 1.01013, 1.04887, 0.999633, 1.14172, 1.06092, 1.15401, 1.07125, 1.0749, 1.24445, 1.00763, 1.01346, 1.05268, 45.8629, 1.00133, 1.86849, 1.00027, 1.04778, 0.905157, 3.27977, 1.05001, 0, 0.969517, 1.00591, 1.00315, 0.630705, 1.0367, 27.8641, 0.981766, 1.17453, 0.965112, 1.71824, 0.151387, 0.913951, 1.02405, 0.978338, 66.0423, 6.22306, 2.06418, 1.03792, 1.01527, 0.995878, 0.957309, 2.38203, 1.13464, 0, 0.987111, 1.53577, 1.01734, 3.37226, 1.17106, 251.206, 29.8409, 1.07603, 39.7401, 1.01347, 22.9612, 0.783871, 0.195428, 0.584331, 1.13479, 0.908553, 1.58958, 0.766152, 1.12016, 37.4216, 0.185971, 0.982513, 1.05831, 1.00549, 1.06279, 0.968005, 0, 0.991808, 0.848981, 2.34444, 0.999198, 1.00246, 0.622555, 0.946334, 1.00821, 1.01159, 1.24943, 0.924858, 1.00357, 1.02528, 1.53433, 1.08802, 1.57019, 77.542, 73.4634, 1.37532, 1.02974, 0.952501, 1.00065, 0.93401, 1.0779, 0.940658, 0.932338, 13.6417, 0, 1.89288, 0.542153, 0.978101, 21.0836, 1.03747, 0.696688, 1.04631, 4.80781, 0.93811, 27.79, 0.943353, 1.08923, 1.17478, 0.933146, 2.76222, 0.999327, 0.57718, 1.20817, 1.06122, 10.634, 4.97954, 0, 0.885945, 32.3537, 0, 3.15244, 0.990486, 0.899536, 0.564185, 1.32045, 157.461, 2.47136, 1.07717, 1.03997, 0.745001, 1.02606, 1.26153, 0, 2.89327, 165.756, 4.94119, 0.823709, 4.30037, 31.226, 1.04096, 0.568053, 0.856905, 0, 1.11605, 0.451239, 0, 1.89866, 1.14388, 0.599301, 0.927147, 1.0007, 0.901525, 13.7622, 0.498752, 1.05131, 0.999318, 1.06459, 0.978776, 0.937582, 0.821496, 0.502759, 12.3826, 0.9951, 1.13072, 1.26229, 0.469586, 0.834772, 1.02561, 0.980643, 1.10856, 1.04097, 0.777217, 8.6156, 1.05422, 0.909625, 2.47594, 0, 3.71164, 63.2068, 1.36514, 2.02577, 0.77242, 0, 0.974335, 45.7587, 0.961684, 0.98153, 0.873872, 0, 59.9985, 0, 0, 0, 0, 2.09348, 1.18215, 0.98933, 
n_nonzero: 253

