n_tets: 45
relErr: 0.174372
Selected tets: 10555, 21616, 12946, 21677, 4748, 6996, 23325, 27965, 4263, 12045, 17320, 25683, 19465, 9519, 19914, 12330, 23888, 5093, 21360, 28276, 21477, 726, 19503, 27247, 19660, 8811, 19456, 1518, 11035, 8328, 15796, 13232, 19166, 13409, 6928, 11618, 25707, 19162, 2547, 15300, 2987, 17874, 23620, 1861, 15479, 
Weights: 6419.82, 1045.97, 1077.72, 2474.98, 1006.37, 720.44, 1451.28, 434.496, 1.66815, 12.8121, 0, 723.104, 1.01957, 1283.46, 134.013, 804.402, 460.415, 289.738, 0.987178, 6712.8, 2.04105, 0, 443.16, 1.44483, 35.4398, 2450.78, 1642.97, 0.879226, 0, 888.408, 1483.74, 6.1893, 0.508275, 718.761, 9.94248, 220.984, 1500.03, 389.973, 72.3554, 943.055, 345.005, 2.39333, 0, 1.55687, 355.423, 
n_nonzero: 41

Running time so far: 61.3545s

