n_tets: 90
relErr: 0.206542
Selected tets: 995, 6736, 3302, 3987, 5864, 4070, 3730, 3440, 7494, 2193, 2122, 2261, 5764, 5142, 6166, 3572, 3695, 7454, 5135, 7320, 5016, 4455, 1016, 3762, 5387, 2352, 4049, 1000, 3179, 1735, 5789, 5372, 4724, 685, 5526, 1828, 6339, 5976, 264, 645, 5895, 5482, 3808, 1141, 1909, 5442, 7480, 3953, 2668, 5647, 5939, 2837, 270, 3811, 4160, 2849, 2642, 5738, 4590, 4390, 205, 2781, 2258, 4000, 6711, 5356, 886, 2662, 3672, 3262, 6141, 3341, 3561, 284, 7483, 4651, 3990, 7445, 1782, 6646, 838, 1751, 1411, 198, 7048, 3775, 7465, 7325, 2920, 3201, 
Weights: 632.586, 192.999, 77.7011, 89.919, 135.137, 115.872, 466.346, 347.769, 218.968, 179.324, 81.1065, 130.525, 79.153, 336.584, 40.8109, 311.566, 140.778, 139.24, 63.4545, 0.934738, 0.446013, 0.58271, 60.3373, 22.2631, 0, 1.04971, 0.86676, 48.6321, 172.951, 200.516, 184.391, 58.4968, 8.29603, 706.357, 55.547, 75.2648, 0, 254.484, 73.1958, 44.0017, 38.7475, 1.249, 0, 53.0101, 50.182, 0.935775, 0.746287, 2.24516, 1.49312, 0.950436, 179.399, 2.79614, 48.9314, 14.2947, 22.5154, 24.6475, 189.976, 25.665, 2709.37, 123.921, 0.99012, 1.00058, 316.586, 384.022, 15.391, 13.1687, 184.179, 1.01371, 38.5655, 59.0995, 75.0165, 32.9703, 20.8457, 0, 6.75419, 0.637904, 57.2532, 0.749459, 1.01582, 0, 1.37274, 1073.95, 263.766, 0.520669, 9.02642, 174.1, 0, 0.52659, 95.4395, 264.476, 
n_nonzero: 84

