n_tets: 52
relErr: 0.390391
Selected tets: 25446, 10248, 10457, 5073, 26400, 4188, 19208, 5490, 23752, 17764, 10396, 18093, 21116, 11022, 27637, 23835, 14036, 27024, 11116, 23742, 11381, 23364, 1381, 24972, 18601, 13926, 6043, 13318, 897, 22844, 15735, 3129, 16526, 3854, 4266, 10273, 4054, 17245, 7116, 23400, 25791, 2721, 15489, 6031, 5092, 7787, 27307, 28552, 4161, 10270, 5192, 8788, 
Weights: 1747.99, 5605.12, 21.8127, 2118.84, 20774.4, 301.244, 11.0329, 84.6819, 3921.53, 0, 0, 523.328, 112.486, 11.8282, 0, 1077, 0, 1723.89, 662.666, 28476.9, 0, 0, 0, 67.8348, 0, 70.1842, 2.41346, 0.0795168, 0, 7.41507, 0.456972, 1293.26, 0.803024, 0, 907.661, 1074.86, 0.344923, 0, 166.765, 57.5048, 2.41197, 33.0175, 328.283, 0, 0.151237, 37.7749, 11.1409, 337.32, 2167.99, 0, 0, 0, 
n_nonzero: 37

Running time so far: 15.912s

