n_tets: 168
relErr: 0.0593348
Selected tets: 29127, 663, 19334, 2539, 17312, 25934, 6233, 15770, 23150, 23393, 21534, 19440, 9499, 12040, 9900, 8286, 14089, 5132, 29637, 16013, 9885, 6439, 27103, 1556, 11950, 19167, 26536, 17860, 2187, 12207, 13680, 29504, 14520, 12427, 5898, 3575, 24294, 4103, 1539, 9627, 13058, 17874, 21181, 14917, 6858, 15734, 15047, 8963, 4109, 22990, 12018, 8391, 13923, 11980, 10161, 1221, 6571, 21511, 6642, 14605, 2433, 18051, 2317, 4136, 21177, 25650, 4112, 25027, 11085, 22722, 20054, 13407, 2550, 16056, 10844, 28817, 29263, 7874, 1018, 2180, 12314, 14017, 18907, 21392, 17871, 17261, 25538, 21565, 5190, 4090, 4481, 29527, 22754, 17269, 1706, 19507, 22767, 21277, 15624, 25566, 7008, 29291, 17148, 17430, 18483, 27326, 14990, 4016, 15940, 3545, 2076, 4190, 18033, 25532, 6015, 11870, 24073, 24085, 1254, 22699, 1526, 7056, 7645, 6097, 16119, 23911, 26767, 17557, 16192, 9977, 12420, 18260, 7946, 8506, 24926, 3821, 5279, 8747, 41, 15698, 4142, 8457, 27723, 15301, 9608, 26671, 3017, 27817, 8222, 23082, 14012, 3996, 5385, 19028, 696, 23333, 25540, 24171, 8964, 27296, 25332, 1649, 10866, 22717, 5468, 20371, 18345, 1666, 
Weights: 0, 1068.87, 205.292, 317.196, 0, 0, 787.487, 0, 0, 0, 0, 0, 0, 0, 0, 1893.93, 403.616, 0, 55.0346, 0, 3938.53, 45.5517, 0, 620.783, 0, 0, 0, 432.407, 0, 120.43, 0, 389.419, 0, 0, 97.4749, 20.4703, 0, 0, 0, 350.416, 0, 0, 0, 194.211, 126.391, 1634.47, 0, 1.19879, 0, 6483.03, 505.347, 0, 0, 332.21, 316.431, 76.6381, 0, 0, 526.614, 141.413, 0, 0, 822.507, 602.306, 0, 0, 0, 0, 18.2957, 0, 1.4955, 0, 0, 0, 168.838, 0, 0, 0, 76.5757, 478.514, 0, 992.002, 1395.26, 1495.01, 0.98346, 656.006, 0, 10.0675, 0, 16.2114, 111.874, 50.1339, 0, 0, 0, 150.872, 174.905, 0, 116.928, 0, 151.898, 0, 0, 0, 0, 427.028, 0, 0, 0, 1187.12, 375.221, 0, 1664.27, 334.922, 126.825, 341.816, 0, 0, 0, 837.15, 0, 973.43, 0, 0, 0, 0, 2486.14, 464.872, 0, 0, 0, 85.0626, 0, 1263.56, 200.521, 111.98, 297.222, 0, 31.4661, 0, 0, 0, 0, 0, 88.7996, 1192.73, 544.407, 1904.72, 0, 0, 0, 0, 0, 51.2175, 1.05654, 258.579, 107.439, 0, 1.00075, 388.346, 0, 663.275, 47.012, 0, 695.977, 0, 0, 0, 
n_nonzero: 77

Running time so far: 94.5931s

