n_tets: 65
relErr: 0.192321
Selected tets: 995, 6736, 3302, 3987, 3394, 5919, 5053, 3766, 4748, 2193, 2122, 6506, 5764, 1865, 4146, 1481, 7325, 7320, 3959, 6094, 983, 4455, 1823, 6731, 3811, 2352, 488, 6772, 7227, 66, 6257, 6007, 3897, 2837, 6381, 2097, 2003, 2113, 6822, 854, 5717, 2379, 5482, 929, 4260, 5442, 5647, 3953, 7480, 3285, 2645, 3423, 7447, 205, 7291, 3554, 1134, 5283, 2773, 7449, 4780, 2781, 2964, 1828, 1942, 
Weights: 896.921, 209.863, 151.61, 172.349, 178.536, 446.098, 90.2223, 336.467, 406.407, 131.25, 135.369, 802.848, 63.1857, 149.982, 40.8491, 82.0558, 1.08111, 0.923695, 91.1439, 110.176, 110.332, 0.68318, 4.81456, 632.043, 90.8304, 1.00949, 1.0227, 310.505, 16.1426, 257.975, 32.0718, 125.275, 23.8178, 1.58941, 271.241, 1.02853, 0.999103, 25.8094, 31.1315, 204.288, 1.0602, 1.37336, 0.297543, 1.00558, 176.785, 0.980879, 0.993422, 1.26801, 0.668483, 0.99079, 214.473, 298.128, 0.933969, 0.965552, 52.1972, 5.07527, 366.096, 1.02204, 131.454, 0.458612, 243.561, 0.994038, 80.2972, 73.9211, 2.67691, 
n_nonzero: 65

