n_tets: 72
relErr: 0.536139
Selected tets: 20227, 7158, 12249, 20491, 1852, 17144, 17447, 27511, 21389, 4497, 5016, 8905, 19850, 28665, 25016, 26706, 23953, 5251, 18745, 11531, 24173, 26417, 6142, 15927, 14609, 7866, 13926, 29492, 18163, 6160, 25344, 7382, 22708, 4992, 22649, 23867, 931, 21067, 15576, 19480, 9281, 22115, 1551, 23380, 14130, 16661, 21751, 23344, 15032, 28481, 14116, 27972, 24937, 14485, 3243, 28400, 1541, 9894, 4607, 8128, 15775, 27599, 6668, 24843, 21177, 22391, 18806, 3022, 24507, 28584, 5782, 24435, 
Weights: 2340.84, 0.513309, 1460.14, 883.229, 3216.15, 918.79, 9579.78, 0.541814, 1271.36, 1135.38, 0.600758, 15.4329, 0.787141, 0.400175, 0, 679.204, 980.367, 45.0409, 237.744, 543.651, 1.36525, 21.1969, 175.485, 1444.41, 8050.03, 87.489, 11.2236, 3.21495, 32.3261, 1130.76, 0.940935, 610.95, 0.487532, 253.399, 0, 1.01893, 1898.17, 0.78307, 0.946064, 738.831, 3.32386, 55.1067, 8.3342, 772.435, 238.191, 4.17508, 234.175, 1.27747, 406.965, 0, 0.225048, 0.9608, 13.4485, 1.46348, 0.848658, 3.33228, 1.09237, 1.48945, 292.342, 15.0496, 0.9036, 0, 1241.42, 376.821, 1.01756, 7.00495, 5.85825, 0, 450.266, 76.3212, 0, 1584.58, 
n_nonzero: 66

Running time so far: 56.9611s

