n_tets: 187
relErr: 0.350497
Selected tets: 32562, 42675, 7400, 38757, 28732, 43879, 34020, 14663, 14859, 42759, 22443, 10634, 5978, 37804, 28795, 28803, 32402, 41971, 29320, 20127, 20195, 11336, 44942, 27216, 22250, 1961, 39019, 20950, 16309, 24941, 28091, 39255, 43258, 1820, 33980, 29553, 38698, 38867, 4042, 8391, 31826, 7766, 16138, 3845, 43883, 2979, 24124, 29217, 10435, 21177, 4725, 20125, 17790, 22361, 19515, 36163, 28351, 29877, 21975, 13782, 29410, 18013, 10363, 4301, 8559, 33077, 16720, 37321, 12683, 5310, 10419, 1617, 8545, 39181, 19418, 34555, 18584, 44231, 1634, 2543, 15819, 38626, 28706, 19861, 19504, 38079, 24500, 34060, 33978, 25061, 12813, 42805, 38847, 24400, 43881, 44735, 15828, 26515, 9529, 38938, 38101, 6030, 4723, 31818, 31854, 44288, 21500, 41986, 6077, 13145, 35241, 13885, 43848, 22347, 16513, 13068, 13783, 9176, 13091, 24881, 39288, 16805, 14512, 15569, 4205, 11311, 37438, 6488, 4814, 18026, 14017, 3963, 41982, 18898, 34055, 39884, 41978, 33025, 12113, 1783, 27313, 6489, 6721, 9870, 34337, 28612, 8199, 17061, 8928, 23481, 18852, 39187, 1686, 12138, 18358, 8544, 43702, 38068, 3687, 2802, 29330, 30897, 1953, 23484, 31074, 22114, 29197, 39020, 59, 44638, 16518, 25334, 34016, 28904, 18588, 12085, 1320, 31828, 22894, 23634, 44291, 19841, 39167, 32548, 35144, 43894, 35158, 
Weights: 1915.5, 6984.97, 305.423, 0.87416, 4063.77, 20.3203, 89.0141, 0.999904, 2.38973, 0, 65.5573, 1821.84, 1821.76, 1.15086, 0.414765, 53.9594, 1026.08, 22.8612, 0, 0, 0, 0.494338, 75.4967, 0, 1117.26, 1.57296, 0, 419.363, 0, 0, 808.112, 0, 0, 1.09696, 2.43457, 262.16, 0.924355, 0.343168, 597.405, 1.08444, 226.14, 0, 0, 1301.89, 0.64136, 7.14615, 0, 0.870319, 6.75079, 0, 27.6413, 1.03302, 5.42033, 0, 15.9362, 7.18554, 269.829, 0, 27.6688, 0, 0, 1078.44, 1156.94, 17.6044, 270.97, 0.920234, 0.959304, 2589.69, 0.690228, 8.19463, 0, 15.6163, 3.27647, 78.311, 1101.07, 0, 0, 52.4244, 834.46, 0, 548.49, 3.73588, 0, 0, 0, 2237.8, 699.658, 94.929, 139.69, 24.7222, 1.64885, 0, 1.29819, 0, 1.05212, 0, 716.777, 1.15019, 0.94432, 0.952274, 3.78807, 0, 0.388624, 40.1281, 147.296, 0, 1924.77, 0, 0, 1.92631, 1.01825, 1974.43, 0, 0.991169, 46.6647, 0, 1.39814, 2039.56, 0, 542.102, 0, 95.7052, 1020.47, 0, 2972.95, 11.0651, 0.201107, 368.551, 2.07049, 15.4535, 0, 1.12216, 33.1787, 0, 17.5641, 198.202, 1.35099, 334.555, 1.03993, 12.1105, 3.99325, 0.499806, 111.49, 2.32914, 33.5705, 24.6529, 1248.61, 77.4016, 205.697, 19.1322, 1.04526, 1.01309, 0, 250.111, 2.09659, 0.981296, 0, 0.762259, 194.113, 4.52786, 0, 62.5466, 178.554, 1.59547, 0, 0.856852, 0, 0, 48.8242, 1.49129, 18.7678, 8.85123, 0, 0, 9.96806, 0, 1.05714, 3.5282, 0.712328, 0, 10.6489, 1.07128, 0.959813, 6.32762, 446.546, 1.03325, 0, 
n_nonzero: 137

Running time so far: 112.838s

