n_tets: 190
relErr: 0.372662
Selected tets: 102, 136, 98, 97, 43, 181, 200, 77, 68, 10, 28, 79, 2, 67, 1, 39, 47, 149, 65, 129, 188, 45, 190, 76, 176, 183, 146, 9, 53, 160, 26, 167, 5, 86, 157, 124, 55, 142, 17, 145, 18, 108, 88, 166, 44, 99, 63, 70, 197, 105, 178, 152, 15, 36, 24, 11, 126, 174, 27, 96, 83, 141, 185, 30, 37, 40, 62, 59, 23, 150, 133, 81, 14, 171, 119, 154, 41, 84, 104, 173, 117, 50, 199, 196, 94, 148, 52, 48, 25, 54, 19, 203, 20, 109, 161, 31, 194, 115, 51, 189, 112, 122, 134, 69, 0, 3, 4, 6, 7, 8, 12, 13, 16, 21, 22, 29, 32, 33, 34, 35, 38, 42, 46, 49, 56, 57, 58, 60, 61, 64, 66, 71, 72, 73, 74, 75, 78, 80, 82, 85, 87, 89, 90, 91, 92, 93, 95, 100, 101, 103, 106, 107, 110, 111, 113, 114, 116, 118, 120, 121, 123, 125, 127, 128, 130, 131, 132, 135, 137, 138, 139, 140, 143, 144, 147, 151, 153, 155, 156, 158, 159, 162, 163, 164, 165, 168, 169, 170, 172, 175, 
Weights: 0, 0, 0, 0, 0, 0, 0, 0, 0, 0, 0, 0, 7.16513e-16, 0, 0, 0, 0, 0, 0, 0, 0, 0, 0, 0, 7.0475, 0, 0, 0, 0, 0, 0, 0, 0, 0, 0, 0, 0, 0, 0, 23.9526, 0.760916, 0, 0, 0, 0, 0, 0.135654, 0, 0, 0, 633135, 0, 0, 2.10337e-15, 0, 0, 0, 0, 0, 0, 0, 0, 0, 0.266445, 0, 0, 0, 12.6202, 0, 0, 0, 0, 0.00913004, 0.374958, 0, 0, 0, 0, 0, 0, 0, 0, 0, 0, 0, 0, 0, 0, 0, 0, 0, 0, 0, 0, 0, 0, 0, 0, 0, 0, 0, 0, 0, 0, 7.90045e-15, 0, 0, 0, 0, 3.85212e-13, 0, 0, 0, 0, 0.0200681, 0, 0, 0, 0, 0, 0, 2.33357e-06, 0, 6.33227, 0, 0.0501474, 0, 0, 2.23874e-14, 0, 0, 1.61088e-15, 31.519, 0, 0, 0, 4.14009e-16, 0, 0, 0, 0.519385, 1.93667e-08, 297946, 0, 0, 0, 5.94403e-13, 0, 0, 0, 0, 0, 0, 0, 0, 0, 0, 0, 0, 0, 0, 0, 0, 0, 0, 0, 1.80061, 0, 0.661475, 0, 0, 0, 0, 0, 0, 0, 0, 0, 0, 0, 0, 1.70994e-14, 0, 0, 9.13783e+10, 0, 0, 3.65513e+11, 0, 0, 
n_nonzero: 19

