n_tets: 180
relErr: 0.000247927
Selected tets: 99, 14, 57, 89, 11, 140, 103, 93, 119, 146, 185, 107, 138, 137, 153, 77, 199, 101, 135, 22, 48, 13, 186, 124, 201, 18, 202, 184, 198, 3, 84, 203, 152, 166, 53, 39, 128, 30, 88, 200, 194, 111, 73, 147, 63, 82, 20, 0, 197, 108, 183, 51, 8, 141, 132, 42, 28, 34, 150, 195, 49, 164, 142, 156, 120, 143, 187, 2, 72, 114, 189, 41, 87, 12, 110, 71, 130, 45, 70, 67, 116, 113, 190, 96, 94, 105, 157, 38, 193, 81, 125, 181, 117, 85, 5, 179, 46, 131, 123, 40, 80, 196, 106, 109, 163, 43, 29, 24, 19, 16, 176, 66, 168, 65, 59, 4, 191, 74, 104, 139, 52, 25, 182, 9, 144, 155, 133, 175, 154, 192, 31, 172, 26, 23, 167, 115, 92, 122, 76, 136, 97, 134, 148, 17, 91, 151, 126, 98, 78, 15, 69, 37, 54, 121, 36, 162, 75, 177, 171, 32, 112, 1, 62, 118, 56, 61, 188, 86, 129, 21, 55, 44, 102, 6, 100, 79, 35, 83, 60, 68, 
Weights: 2.57065, 1.00003, 1.00003, 1.00001, 1.41153, 1.00001, 1.48247, 1.00001, 0.99999, 1.89939, 1.00001, 1.00003, 1, 1.00002, 0.999884, 1, 1.00001, 1.00026, 0.832525, 1, 1.60037, 1.00001, 0.999965, 1.32933, 0.999887, 0.99999, 1.00015, 0.999999, 0.999978, 1.03439, 1.00011, 1.00016, 1.07594, 3.40471, 3.18283, 0.999982, 0.95197, 0.888936, 0.873472, 0.999868, 1.00009, 0.999984, 1.2774, 0.656625, 0.99999, 1.01844, 1.01163, 0.998523, 1.00009, 0.991618, 1.00027, 0.480369, 1.12202, 0.998326, 0.851644, 2.77419, 0.777893, 0.860132, 1.62419, 1.08878, 1.00013, 1.02243, 0.685617, 1.00545, 0.725259, 4.23278, 0.999829, 0.923688, 1.00061, 1.3728, 0.999979, 0.530248, 1.08932, 1.30523, 1.60642, 1.12946, 0.672136, 0.970154, 1.09679, 1.04821, 0.957578, 0.976634, 1.14046, 1.00869, 1.47355, 1.37707, 0.794214, 0.987766, 1.17845, 0.989451, 1.05916, 7.17989, 0.751725, 1.08733, 1.58045, 0.845438, 0.997712, 0.954642, 1.01105, 1.58504, 1.50099, 1.08971, 1.13041, 1.32058, 0.921737, 0.164496, 1.06099, 0.960618, 0.946468, 1.06489, 0.749125, 1.08908, 1.18666, 0.350624, 1.55074, 1.2778, 0.935231, 1.13144, 0.480499, 0.982065, 1.13922, 0.840858, 1.05307, 1.17142, 1.49764, 1.01216, 0.631702, 0.850088, 0.839985, 0.685689, 1.00845, 0.533141, 0.196817, 0.922698, 1.49204, 1.02438, 1.37888, 0.765064, 1.22031, 1.11084, 0.900561, 1.43161, 1.87744, 0.990386, 0.817241, 0.898026, 2.66492, 2.19621, 0.949761, 1.71254, 1.24665, 0.95261, 1.86984, 1.76203, 0.837889, 1.05479, 0.934994, 0.564364, 0.382848, 0.587767, 0.485203, 1.16573, 0.553589, 1.33575, 1.19018, 1.12253, 1.08832, 0.862713, 0.595951, 0.781853, 1.0113, 1.23146, 0.445344, 0.96291, 1.21154, 0.694734, 1.02009, 1.04052, 1.31223, 0.752031, 
n_nonzero: 180

