n_tets: 168
relErr: 0.163382
Selected tets: 249002, 300504, 115294, 173416, 216464, 67661, 381863, 388822, 307228, 161633, 259931, 386542, 166703, 73861, 16052, 159116, 209093, 50939, 51631, 34542, 253661, 2257, 155159, 213606, 343630, 417567, 185388, 220283, 135203, 246536, 211127, 388422, 38346, 15029, 127251, 390, 271020, 248004, 126519, 314260, 199316, 125865, 249141, 152948, 80674, 232911, 194442, 7265, 258789, 387932, 93220, 308533, 301075, 213596, 104085, 13444, 368449, 27328, 275890, 204986, 48458, 302146, 312336, 20156, 422593, 313811, 367720, 228208, 21213, 328721, 319118, 93254, 339994, 221968, 373921, 144535, 312385, 251749, 1379, 372877, 73401, 328756, 244, 428170, 250468, 143266, 420411, 395462, 139570, 130436, 353062, 371551, 224135, 401702, 225648, 398601, 4787, 416749, 155955, 14323, 83190, 19673, 17540, 87189, 40205, 615, 99341, 347967, 371558, 327987, 340722, 196739, 361950, 192590, 318882, 349706, 404042, 17341, 419208, 212437, 91467, 353886, 280245, 60530, 376002, 51697, 264224, 34956, 428503, 318883, 401943, 273584, 416856, 199382, 7691, 343990, 392938, 32132, 280917, 34787, 146, 213609, 89897, 59151, 350468, 43408, 352518, 324376, 99772, 80066, 46129, 32827, 417326, 106313, 35455, 280552, 86934, 96682, 21990, 153010, 418086, 56035, 79712, 192644, 301912, 345519, 226462, 83110, 
Weights: 0, 6135.23, 0, 7889.06, 0, 1142.96, 572.426, 378.07, 4786.79, 0, 928.505, 0, 4242.98, 0, 622.235, 0, 19005.6, 640.774, 2920.52, 0, 64.9456, 0, 0, 0, 0, 1435.08, 0, 0, 95.2692, 3012.52, 0, 0, 0, 0, 0, 78.2832, 0, 835.015, 0, 0, 4429.2, 0, 0, 7070.57, 0, 0, 0, 236.181, 2187.99, 426.603, 0, 0, 443.694, 0, 0, 0, 2158.52, 121.976, 530.129, 0, 0, 0, 0, 0, 337.782, 11349, 589.254, 0, 0, 0, 1598.44, 0, 16.7828, 155.871, 0, 287.97, 0, 0, 40447.3, 0, 885.813, 0, 0, 8898.38, 183.068, 0, 0, 0, 0, 28238.6, 0, 2047.2, 0, 0, 0, 0, 0, 90104.4, 3883.5, 2639.57, 0, 2097.2, 1053.45, 1321.6, 0, 979.734, 0, 54059.2, 3238.6, 8648.48, 30497.9, 0, 53.7504, 0, 211301, 0, 3043.29, 171.493, 2422.28, 0, 0, 277324, 0, 47374.8, 0, 4472.1, 0, 0, 1334.34, 0, 10180, 327.154, 3788.97, 0, 0, 362.582, 1642.66, 533.343, 0, 0, 660.681, 166.116, 250.418, 0, 370.488, 49.4787, 544.999, 0, 0, 0, 0, 0, 0, 0, 238.708, 682.695, 0, 0, 230.426, 706.777, 0, 5.49076, 0, 0, 1000.27, 0, 0, 962.663, 
n_nonzero: 79

Running time so far: 212.286s

