n_tets: 19
relErr: 0.417209
Selected tets: 995, 6736, 3302, 3987, 3394, 5919, 5053, 3766, 4748, 2193, 2122, 6506, 5764, 1865, 4146, 1481, 7325, 7320, 3959, 
Weights: 1532.95, 787.158, 661.671, 245.231, 338.277, 969.505, 361.755, 1681.46, 518.807, 245.657, 186.721, 789.685, 55.9069, 267.874, 128.543, 303.363, 0.498681, 0.931488, 92.3424, 
n_nonzero: 19

