n_tets: 138
relErr: 0.151474
Selected tets: 11653, 17340, 29124, 23576, 14512, 19181, 26439, 14755, 7643, 20581, 27376, 9208, 22436, 17370, 29530, 12686, 9765, 5093, 27829, 5223, 10587, 2282, 28753, 4945, 11956, 10685, 27251, 12253, 14924, 23185, 4460, 21799, 19166, 25112, 6928, 19480, 3092, 14022, 13107, 26027, 22837, 24849, 10400, 3918, 14873, 8521, 25376, 16928, 21411, 12601, 15774, 17871, 16874, 12159, 211, 14017, 13163, 9065, 1531, 2956, 17173, 3391, 5773, 4144, 21586, 2015, 4242, 10516, 3130, 9781, 17745, 21040, 4087, 6192, 18687, 12445, 18806, 18181, 18118, 29685, 25223, 29272, 14235, 13331, 14252, 7433, 4876, 27465, 26924, 24111, 15127, 12545, 1301, 12638, 17226, 27963, 13006, 8509, 4076, 4090, 17307, 29291, 13065, 25831, 13257, 13249, 11066, 17692, 8294, 22721, 58, 16989, 21930, 4862, 19164, 12648, 19562, 21931, 13189, 17545, 21566, 26415, 4158, 3086, 11038, 3042, 25613, 20749, 6798, 3708, 13372, 7471, 1543, 28971, 27681, 20835, 17875, 24336, 
Weights: 1300.19, 886.29, 0, 0, 0, 0, 0, 0, 0, 3.92824, 27.3951, 1.11732, 0, 1398.88, 0.535995, 888.082, 335.049, 83.642, 1.92053, 240.377, 748.557, 0, 0, 1.47654, 1.14076, 631.382, 0.998318, 975.393, 564.815, 504.863, 0, 1.18655, 0.961031, 39.0651, 67.7256, 20.4738, 0, 204.311, 0, 0, 167.037, 125.923, 0.975306, 240.172, 555.154, 0.462113, 0, 0, 61.7078, 2.19111, 0, 0, 111.12, 0, 1.03899, 857.452, 216.041, 0, 1576.87, 1103.28, 148.118, 0, 0, 0, 0.701539, 1791.31, 0.747538, 271.22, 82.9689, 0, 44.8989, 0.542177, 0.96487, 1352.23, 419.453, 0, 0, 1.23091, 1.56899, 371.688, 62.0529, 2.1413, 0, 1.12757, 4.05687, 187.526, 0, 173.017, 0, 31.5068, 26.0354, 0, 320.076, 0, 279.199, 0, 10.6505, 146.764, 330.01, 0.875746, 347.987, 0.325074, 0.962271, 0, 368.619, 811.986, 0, 0, 1.47256, 56.3577, 0, 915.377, 0, 230.599, 2.80424, 0, 8.33712, 0, 0, 0, 42.8387, 0, 466.241, 0, 0, 0.761283, 2.47333, 582.185, 290.371, 0, 1303.72, 7.74247, 0.864168, 484.316, 958.565, 0, 1.00141, 0, 
n_nonzero: 91

Running time so far: 198.42s

