n_tets: 90
relErr: 0.345151
Selected tets: 32562, 2811, 43286, 18384, 24071, 43879, 16774, 30220, 11939, 42759, 7052, 32003, 35144, 42003, 33866, 29492, 8491, 24035, 42965, 39954, 22963, 4138, 31870, 3748, 12100, 37253, 43894, 39169, 3981, 8750, 28805, 7987, 34335, 1820, 3010, 14249, 41973, 33171, 1548, 5577, 44247, 15450, 16138, 30782, 15187, 2979, 15401, 42531, 22322, 39851, 12243, 20125, 42722, 36310, 10559, 17140, 2881, 18193, 35613, 6158, 14859, 20282, 1614, 20754, 22402, 21249, 44411, 37958, 12145, 31817, 27313, 1617, 8545, 42402, 2808, 34094, 17166, 22361, 20239, 23424, 25091, 3675, 44291, 41901, 22443, 43847, 36484, 32063, 21164, 23010, 
Weights: 2622.65, 3106.84, 64.9993, 371.984, 43.5287, 1.19948, 4.16825, 4570.02, 0, 0, 513.252, 536.226, 720.311, 1.04136, 2.39574, 0, 0, 872.004, 1523.89, 1.33099, 88.1423, 0, 698.768, 2472.24, 0.56208, 0, 1.3506, 0.604804, 3501.25, 538.883, 0.811302, 27.8232, 20.4662, 0.952237, 94.4205, 0, 1.87851, 58.6671, 0, 0, 29.8781, 204.823, 2.1191, 255.514, 586.242, 0.697874, 1599.6, 35.2019, 6.46249, 66.1763, 87.9178, 0, 0, 1799.64, 475.485, 1.42388, 25.8492, 855.936, 1.0044, 0, 0.81874, 148.391, 0, 0, 7.3363, 267.95, 2.48049, 0, 39.8894, 34.0462, 38.8951, 128.738, 0.995678, 97.6087, 0, 0.787699, 237.262, 1.49709, 397.506, 29.9569, 2377.72, 0, 0, 3832.07, 1.98785, 90.4213, 1159.2, 81.6948, 1480.7, 0, 
n_nonzero: 71

Running time so far: 53.9447s

