n_tets: 150
relErr: 0.429521
Selected tets: 1842, 1597, 1136, 1224, 452, 822, 1277, 1021, 1856, 1431, 1326, 1875, 1870, 1851, 345, 1428, 475, 146, 405, 1311, 292, 520, 1854, 1332, 427, 731, 489, 1198, 50, 262, 363, 252, 1206, 955, 462, 435, 59, 874, 21, 246, 1652, 1143, 1790, 593, 559, 1457, 1627, 880, 849, 30, 1051, 455, 619, 281, 1638, 1583, 1341, 1102, 1503, 1210, 108, 504, 1159, 238, 682, 1427, 848, 5, 1194, 536, 529, 697, 881, 840, 1454, 1977, 1319, 638, 609, 1490, 1446, 502, 1578, 1868, 1761, 1628, 1351, 305, 447, 1392, 534, 1535, 198, 1032, 853, 1775, 949, 432, 36, 1926, 1119, 324, 1932, 595, 122, 1515, 1779, 753, 767, 1544, 1370, 1197, 1157, 1566, 1005, 1417, 732, 573, 235, 975, 838, 1462, 1009, 105, 918, 13, 1442, 329, 623, 921, 780, 1233, 808, 1883, 1852, 1873, 1642, 540, 199, 380, 1534, 1613, 960, 899, 1393, 1742, 1359, 1044, 1396, 53, 
Weights: 31.1852, 171.608, 320.622, 0.646731, 0.847366, 0.997647, 57.9085, 1.08081, 0.915801, 1.04535, 377.691, 0.953444, 2.35089, 1.09036, 2.01759, 1.26682, 1.01773, 0.66052, 0.987942, 0.91115, 13.9307, 1.09911, 1.12959, 0.895886, 0.901049, 1.98834, 0.839349, 0.994794, 1.32584, 0.966488, 1.38905, 0.947338, 1.02622, 0.342726, 0.990427, 0.977723, 1.07209, 0.903656, 1.1855, 0.96411, 325.824, 1.01898, 0, 4.25488, 0, 5.72067, 1.02007, 1.14748, 0.695579, 0.811222, 1.01734, 0.94042, 1.01555, 0.359903, 0.940061, 1.0974, 0.853936, 0.94462, 1.0819, 1.05954, 1.03812, 1.41429, 0.519618, 0.924542, 0.846787, 0.709418, 5.12604, 0.849587, 1.00739, 1.09282, 0.998051, 1.9817, 1.10683, 1.11567, 1.01973, 1.34845, 1.23324, 0.978653, 1.0404, 1.08052, 62.892, 0.977572, 0.507188, 0.917416, 1.04615, 0.829402, 16.8578, 1.17595, 0, 0.990976, 1.01827, 1.01527, 10.8567, 1.04475, 44.962, 0.927767, 0.734323, 1.11674, 1.05983, 3.38085, 0.622276, 0.968772, 4.52229, 188.792, 6.58409, 0.222175, 1.05702, 0.9303, 1.22819, 0.919211, 3.47054, 4.38548, 0, 0.964866, 1.46808, 1.01323, 2.6336, 1.45976, 347.194, 44.1609, 1.17952, 69.1594, 1.02121, 24.7772, 0.743314, 0.908424, 5.46796, 1.22431, 0.90999, 1.44227, 0.70547, 1.107, 53.4806, 2.79624, 0.980557, 1.01417, 0.993463, 0.851288, 0.930546, 61.9979, 0.907835, 0.889122, 12.9493, 0.994495, 0.988233, 0.637638, 0.965636, 1.06769, 1.00876, 1.16436, 
n_nonzero: 146

