n_tets: 43
relErr: 0.000228869
Selected tets: 5390, 2255, 5881, 7419, 5645, 3900, 5779, 951, 13400, 1868, 5445, 661, 3712, 3683, 5671, 8652, 1449, 3670, 11240, 10058, 442, 8733, 6318, 6614, 2451, 1518, 4396, 2, 13528, 3294, 11265, 2773, 9828, 2806, 9099, 13621, 11927, 7080, 2296, 10573, 12197, 13584, 3342, 
Weights: 1165.96, 391.311, 147.122, 0, 0, 0, 0, 0, 286.426, 0, 0, 444.213, 0, 1041.6, 260.477, 0, 272153, 0, 0, 976.377, 0, 0, 0, 0, 5.59865, 0, 0, 1326.89, 0, 0, 0, 179.953, 2337.37, 0, 0, 0, 0, 13323.4, 0, 254.496, 1492.74, 451.742, 5274.54, 
n_nonzero: 18

Running time so far: 39.132s

