n_tets: 30
relErr: 0.687496
Selected tets: 1842, 1597, 1136, 1224, 452, 822, 1277, 1021, 1856, 1431, 1326, 1875, 1870, 1851, 345, 1428, 475, 146, 405, 1311, 292, 520, 1854, 1332, 427, 731, 489, 1198, 50, 262, 
Weights: 376.856, 426.698, 847.492, 0.522673, 1.17957, 0.243336, 117.329, 1.11506, 0.881825, 1.0181, 468.861, 0.981219, 2.58154, 49.0318, 1.6317, 1.38869, 1.18878, 0.650664, 0.915509, 0.936014, 15.2638, 0.919946, 1.20791, 0.763453, 0.89104, 1.75601, 0.849137, 1.02718, 1.16723, 0.930077, 
n_nonzero: 30

