n_tets: 22
relErr: 0.406485
Selected tets: 32562, 42675, 7400, 38757, 28732, 43879, 34020, 14663, 14859, 42759, 22443, 10634, 5978, 37804, 28795, 28803, 32402, 41971, 29320, 20127, 20195, 11336, 
Weights: 4881.86, 9307.94, 7764.43, 1.22624, 11460.7, 19.8216, 170.596, 1.03424, 2.4686, 41.6078, 50.1352, 7909.04, 1122.36, 1.14402, 2.47943, 62.1653, 879.667, 27.0664, 725.879, 0, 0, 0.50386, 
n_nonzero: 20

Running time so far: 19.9436s

