n_tets: 60
relErr: 0.276736
Selected tets: 99, 89, 141, 93, 171, 185, 186, 65, 77, 57, 53, 2, 172, 119, 137, 18, 135, 168, 84, 194, 202, 101, 200, 14, 138, 107, 166, 155, 111, 198, 63, 189, 3, 72, 58, 203, 95, 49, 183, 30, 130, 146, 81, 67, 142, 123, 43, 201, 71, 157, 118, 122, 193, 0, 149, 86, 69, 92, 25, 96, 
Weights: 8.82309, 1.02471, 26.3477, 1.00515, 0, 0.953447, 0.952475, 0.475129, 1.03923, 1.43256, 24.602, 0, 11.2427, 0.499087, 0.990356, 1.35689, 24.086, 23.1341, 0.996596, 0.997972, 1.26227, 2.02092, 0.573711, 0.397724, 0.239961, 0.962632, 47.4397, 0, 1.10844, 0.814552, 1.16661, 2.15411, 8.9128, 4.22053, 4.48127, 0.90818, 21.9698, 1.66887, 0.916093, 18.7769, 12.7394, 4.73048, 6.8404, 2.3465, 5.0771, 3.07753, 6.25397, 0.131511, 23.389, 23.6373, 3.93114, 9.49181, 2.06034, 0.523456, 6.63987, 2.35427, 2.48478, 0.816657, 1.25839, 4.62363, 
n_nonzero: 57

