n_tets: 255
relErr: 0.313218
Selected tets: 995, 4859, 3302, 1369, 524, 2701, 7267, 6313, 6491, 2724, 3266, 3596, 1063, 1252, 827, 6733, 7325, 7320, 3294, 5053, 5016, 4455, 1823, 105, 955, 2352, 918, 4146, 2631, 2959, 237, 819, 7394, 522, 2634, 2097, 6339, 5879, 1781, 4578, 5895, 729, 3112, 6564, 2567, 5442, 7480, 5585, 3237, 5647, 3425, 4410, 2329, 5934, 451, 6547, 1818, 2668, 6815, 2607, 205, 1814, 6623, 4749, 6079, 5356, 7446, 2662, 983, 359, 1485, 1657, 3561, 1032, 5715, 4651, 2778, 7445, 3836, 1782, 2313, 126, 7016, 198, 3829, 3662, 6852, 3770, 2600, 6257, 3879, 534, 1269, 4511, 4943, 7054, 6537, 5492, 6283, 3686, 2180, 4001, 4771, 804, 2003, 3876, 7443, 2679, 1906, 1704, 3253, 4483, 4939, 212, 6643, 4534, 4070, 4223, 536, 1069, 56, 5580, 4663, 6782, 3175, 6979, 7226, 1745, 2393, 3959, 4352, 3408, 489, 2496, 6171, 5093, 7251, 2901, 3911, 5326, 5876, 897, 7342, 6144, 2591, 7238, 6487, 264, 3711, 6711, 36, 838, 668, 4514, 3823, 5790, 5775, 4150, 3955, 6201, 4122, 6436, 1189, 3239, 2407, 7227, 5042, 7485, 4210, 2853, 1878, 7433, 776, 1595, 2210, 1623, 1421, 2363, 5283, 2357, 1942, 4397, 875, 2871, 3493, 7180, 3326, 925, 2091, 6004, 1246, 2088, 5166, 4081, 948, 1643, 947, 5450, 890, 197, 7236, 1110, 7428, 3454, 5149, 7484, 855, 1556, 1305, 5362, 5385, 532, 3094, 574, 5721, 3996, 3608, 4980, 6188, 757, 1989, 1550, 347, 539, 3317, 3512, 3580, 4552, 759, 1223, 6066, 4506, 6454, 967, 5717, 1157, 7496, 6268, 225, 1985, 2092, 5364, 2769, 2958, 5075, 862, 1002, 3471, 7379, 1467, 6793, 4128, 169, 4778, 88, 
Weights: 804.477, 243.965, 107.172, 142.709, 285.129, 329.857, 851.256, 57.1727, 108.151, 362.424, 154.97, 124.505, 162.649, 102.723, 25.9846, 160.323, 0.107127, 0.94152, 319.887, 72.1449, 0.424237, 0.772574, 18.7256, 356.162, 9.39417, 1.01597, 50.2891, 23.6684, 84.3677, 189.876, 10.3482, 70.337, 120.283, 0, 0, 1.10202, 0, 235.101, 31.6142, 0, 0, 52.703, 54.719, 76.5904, 50.8938, 0.950415, 0, 147.824, 61.6285, 0.957318, 10.025, 4.33761, 132.11, 0, 0, 81.2992, 0, 0.114923, 1.97392, 30.2977, 0.93087, 0, 2.7639, 78.3773, 22.6958, 6.55146, 2.06061, 0.998067, 0, 20.9543, 53.1027, 0, 23.1131, 0, 0, 0.469002, 133.555, 0.487878, 8.67542, 1.02634, 0, 0, 38.6435, 0.397076, 100.483, 0, 115.372, 11.4643, 0, 16.1903, 30.106, 35.4497, 185.031, 0, 0, 0, 3.95395, 0.979673, 15.2178, 1241.39, 60.2199, 2.27019, 25.6856, 125.542, 1.01365, 0.940216, 0, 25.9, 0.699415, 0, 0, 0.721044, 9.85638, 0, 1.04076, 9.35909, 39.5904, 266.215, 357.456, 23.9689, 2.30013, 12.3092, 0.936542, 32.0712, 0, 53.9891, 0, 1.24229, 70.6321, 11.1531, 0, 0, 132.082, 23891.6, 56.1453, 10.559, 221.795, 0, 181.304, 3.23484, 0, 67.5233, 43.7079, 64.6977, 182.098, 179.106, 3.77005, 1.22187, 0, 6.5797, 0, 0, 309.831, 1548.6, 20.1869, 0, 0, 110.397, 11.0976, 11.9282, 8.69343, 0, 24.1784, 77.8124, 0, 11.1488, 55.1144, 1.71416, 56.384, 8.24876, 121.889, 156.597, 0, 1.06587, 8.49916, 46.2734, 56.6858, 0, 1.01894, 18.2333, 3.12025, 1.12003, 3.77454, 33.3148, 17.7013, 0, 24.3948, 81.9414, 101.083, 0, 0, 30.8461, 29.0212, 41.8411, 46.4079, 148.607, 1.55481, 0.989102, 252.328, 36.3204, 330.248, 65.5752, 66.5191, 31.7988, 31.6917, 1.15905, 5.80218, 42.2909, 0, 15.872, 0.327235, 0, 48.6502, 53.1424, 60.3622, 15.8928, 1.19047, 0, 76.194, 12.8172, 1137.77, 87.4994, 23.3576, 82.6867, 0, 466.489, 34.6904, 145.625, 0, 70.9624, 0.927339, 22.7031, 12.0875, 0, 0.382165, 64.781, 64.3622, 92.212, 0, 30.0746, 42.9235, 38.2521, 0, 187.553, 11.6604, 102.809, 0.313306, 97.7288, 18.5533, 0, 0, 0, 32.3813, 35.3295, 154.555, 
n_nonzero: 201

