n_tets: 111
relErr: 0.103119
Selected tets: 995, 6736, 3302, 3987, 3394, 5919, 5053, 3766, 4748, 2193, 2122, 6506, 5764, 1865, 4146, 1481, 7325, 7320, 3959, 6094, 983, 4455, 1823, 6731, 3811, 2352, 488, 6772, 7227, 66, 6257, 6007, 3897, 2837, 6381, 2097, 2003, 2113, 6822, 854, 5717, 2379, 5482, 929, 4260, 5442, 5647, 3953, 7480, 3285, 2645, 3423, 7447, 205, 7291, 3554, 1134, 5283, 2773, 7449, 4780, 2781, 2964, 1828, 1942, 5356, 7446, 2662, 7378, 1587, 757, 3561, 5450, 489, 7483, 2988, 2756, 1944, 1782, 3087, 838, 1882, 3553, 198, 2212, 1505, 7445, 5823, 2668, 3188, 3426, 3122, 7048, 3326, 1443, 4753, 5652, 5492, 6283, 834, 3932, 1017, 847, 175, 7226, 3876, 6269, 2178, 1906, 2868, 5016, 
Weights: 722.386, 346.954, 47.8777, 149.384, 83.266, 261.572, 22.1069, 0, 328.176, 82.6651, 8.03727, 648.097, 63.0744, 101.379, 64.3333, 33.7863, 1.0446, 0.947781, 66.5719, 95.2591, 74.6902, 0.681426, 0, 345.774, 96.494, 1.00442, 1.05924, 180.063, 12.8048, 195.932, 47.0152, 116.219, 6.71952, 2.0565, 209.817, 0.997949, 1.05843, 58.5041, 10.1824, 182.81, 1.01424, 1.36134, 0.332708, 1.01804, 217.813, 0.990809, 0.954061, 1.53313, 0.482118, 0.99383, 202.814, 200.141, 0.977791, 0.985655, 15.0003, 5.16567, 457.663, 1.02242, 48.0073, 0.927095, 350.367, 0.998581, 94.6634, 28.0575, 2.58341, 0.401641, 1.08924, 1.0042, 130.237, 122.596, 0, 4.13382, 1.17756, 133.675, 13.2733, 0.838733, 120.835, 1.30219, 0.965476, 0, 1.05186, 0.974439, 0, 0.386085, 85.4252, 298.42, 1.04716, 2.52691, 1.49481, 94.7795, 19.0481, 81.4843, 11.0561, 141.699, 31.8866, 0, 0.467662, 0.985321, 24.7734, 2.29513, 152.386, 5.169, 202.935, 191.718, 3.53642, 0.965857, 57.6004, 1.00924, 0.71488, 0.625773, 0.828308, 
n_nonzero: 105

