n_tets: 54
relErr: 0.172867
Selected tets: 10555, 21616, 12946, 21677, 4748, 6996, 23325, 27965, 4263, 12045, 17320, 25683, 19465, 9519, 19914, 12330, 23888, 5093, 21360, 28276, 21477, 726, 19503, 27247, 19660, 8811, 19456, 1518, 11035, 8328, 15796, 13232, 19166, 13409, 6928, 11618, 25707, 19162, 2547, 15300, 2987, 17874, 23620, 1861, 15479, 1269, 22785, 25329, 27418, 10401, 17509, 29299, 4195, 25933, 
Weights: 6370.49, 985.715, 708.949, 2200.22, 515.994, 1188.18, 1345.74, 0, 1.66519, 12.7343, 0, 532.243, 1.01925, 1320.9, 314.174, 916.388, 315.158, 109.66, 0.984832, 10886.4, 2.02227, 0, 408.425, 1.44324, 34.0173, 0, 1592.77, 0.877391, 0, 1011.66, 1247.58, 6.19572, 0.50831, 226.621, 10.1387, 115.233, 1695.11, 365.913, 288.234, 288.546, 230.717, 2.37771, 523.64, 1.55377, 512.542, 0.448987, 3068.04, 34.2662, 1802.97, 33.4718, 158.441, 993.518, 82.89, 0, 
n_nonzero: 48

Running time so far: 70.9257s

