n_tets: 255
relErr: 0.10362
Selected tets: 995, 6736, 3302, 3987, 5864, 4070, 3730, 3440, 7494, 2193, 2122, 2261, 5764, 5142, 6166, 3572, 3695, 7454, 5135, 7320, 5016, 4455, 1016, 3762, 5387, 2352, 4049, 1000, 3179, 1735, 5789, 5372, 4724, 685, 5526, 1828, 6339, 5976, 264, 645, 5895, 5482, 3808, 1141, 1909, 5442, 7480, 3953, 2668, 5647, 5939, 2837, 270, 3811, 4160, 2849, 2642, 5738, 4590, 4390, 205, 2781, 2258, 4000, 6711, 5356, 886, 2662, 3672, 3262, 6141, 3341, 3561, 284, 7483, 4651, 3990, 7445, 1782, 6646, 838, 1751, 1411, 198, 7048, 3775, 7465, 7325, 2920, 3201, 237, 5204, 7393, 2830, 2415, 250, 5652, 5492, 2594, 3367, 86, 1017, 4883, 296, 2003, 3876, 7443, 5153, 1906, 648, 400, 4483, 3285, 212, 6643, 842, 4009, 3391, 3863, 56, 4416, 145, 4663, 1780, 667, 2338, 2700, 3688, 4167, 4196, 4838, 2255, 1682, 1896, 2176, 929, 2528, 5632, 4648, 1339, 5876, 69, 2367, 463, 2591, 7486, 6474, 6461, 1369, 6531, 3897, 91, 4687, 1501, 362, 5771, 2093, 2333, 3955, 372, 606, 1223, 3804, 1701, 443, 7227, 717, 7485, 7119, 2406, 2063, 3504, 5981, 3535, 4841, 2097, 4050, 2213, 5283, 3257, 6342, 1910, 6998, 5838, 1395, 6645, 6489, 5413, 3022, 1904, 914, 4962, 1107, 4081, 4308, 7321, 1810, 5450, 3644, 3907, 7523, 1225, 3476, 1317, 5154, 7484, 1824, 7040, 653, 5677, 2379, 7323, 7322, 1852, 3708, 3317, 1010, 4053, 2857, 6014, 1989, 388, 6162, 6499, 1442, 4145, 3580, 4077, 944, 4787, 2805, 2833, 2779, 2178, 5717, 5681, 1681, 1776, 4909, 3417, 539, 2769, 2958, 505, 2365, 1002, 5946, 3889, 1892, 3081, 6732, 7463, 1461, 7228, 2634, 
Weights: 261.394, 6.57189, 70.7276, 36.7692, 59.5935, 22.5585, 116.148, 233.212, 85.3408, 66.8183, 0, 0, 32.0886, 270.46, 0, 291.265, 61.078, 81.7019, 0, 0.992138, 0.395908, 0.767896, 0, 11.0529, 0, 1.01437, 1.00297, 0, 101.875, 50.8832, 89.3869, 26.0884, 9.05894, 79.8106, 0, 0, 0, 203.686, 38.2579, 48.878, 0, 1.29564, 27.7408, 69.3433, 38.1845, 0.951333, 0, 1.23087, 1.23265, 0.942073, 140.042, 2.50213, 41.1542, 18.5804, 35.8805, 11.0486, 15.8151, 2.38994, 1022.87, 0, 0.997026, 0.999336, 219.378, 360.258, 0.790842, 13.8784, 14.8545, 1.00104, 0, 36.3446, 15.3721, 10.3356, 0, 0, 2.96556, 0, 0, 0.231413, 0.991883, 0, 1.44175, 0, 0, 0.504409, 1.57802, 134.223, 0, 1.05322, 29.6752, 0, 8.60293, 0, 23.9609, 0, 12.7952, 52.173, 0.0791303, 0.981113, 34.8622, 0, 62.3659, 0, 28.2418, 81.1973, 0.906634, 1.00591, 0, 144.336, 0.870025, 0, 26.0957, 0.729438, 0.994465, 4.70085, 1.0321, 51.0582, 0, 0, 61.6242, 1.17622, 7.8641, 23.2029, 1.01868, 12.7163, 5.95902, 23.132, 428.151, 0, 100.44, 149.635, 0, 0, 35.8556, 39.857, 7.9064, 0.973408, 52.8431, 35.9655, 224.569, 27.3259, 0, 0, 35.2859, 0, 60.4599, 14.3351, 237.255, 34.4008, 68.4509, 27.349, 7.49142, 26.0607, 0, 72.0009, 19.4284, 0, 0, 25.5884, 0.590847, 43.1693, 19.9679, 10.4571, 0, 0, 0, 0.442638, 0, 0.319887, 111.352, 39.0415, 0, 0, 0, 37.336, 107.638, 0.989503, 17.0757, 15.4972, 1.0347, 21.7301, 45.8814, 0, 32.1735, 0, 85.975, 15.4275, 23.3543, 9.31769, 47.5969, 11.6327, 47.4323, 0, 0, 41.8923, 0, 0.898733, 0, 1.05458, 29.0926, 60.2686, 272.388, 50.4167, 14.877, 17.3896, 184.098, 0, 16.5619, 191.62, 14.0295, 0, 1.37396, 18.5053, 0, 0, 20.1092, 2.07849, 0, 125.799, 26.9457, 20.9549, 110.793, 13.3027, 69.3874, 29.115, 11.0481, 168.406, 18.8037, 0, 95.6259, 0, 0, 0, 0, 1.05319, 1.02119, 0, 18.157, 0, 101.693, 27.7977, 87.8962, 0.998467, 17.9787, 39.1425, 0, 0.780875, 3.33113, 12.7372, 23.2247, 1.61588, 16.108, 4.03819, 17.0797, 0.859803, 27.6005, 
n_nonzero: 189

