n_tets: 108
relErr: 0.154868
Selected tets: 11653, 17340, 29124, 23576, 14512, 19181, 26439, 14755, 7643, 20581, 27376, 9208, 22436, 17370, 29530, 12686, 9765, 5093, 27829, 5223, 10587, 2282, 28753, 4945, 11956, 10685, 27251, 12253, 14924, 23185, 4460, 21799, 19166, 25112, 6928, 19480, 3092, 14022, 13107, 26027, 22837, 24849, 10400, 3918, 14873, 8521, 25376, 16928, 21411, 12601, 15774, 17871, 16874, 12159, 211, 14017, 13163, 9065, 1531, 2956, 17173, 3391, 5773, 4144, 21586, 2015, 4242, 10516, 3130, 9781, 17745, 21040, 4087, 6192, 18687, 12445, 18806, 18181, 18118, 29685, 25223, 29272, 14235, 13331, 14252, 7433, 4876, 27465, 26924, 24111, 15127, 12545, 1301, 12638, 17226, 27963, 13006, 8509, 4076, 4090, 17307, 29291, 13065, 25831, 13257, 13249, 11066, 17692, 
Weights: 2397.15, 984.303, 0, 0, 0, 0, 0, 0, 0, 3.92908, 306.981, 1.11729, 0, 1249.68, 0.551382, 1440.4, 630.67, 211.88, 1.92121, 117.297, 1217.19, 0, 2152.17, 1.46677, 1.19946, 1313.96, 0.999393, 1861.19, 409.845, 133.956, 0, 1.19472, 0.962475, 38.9215, 0, 21.2905, 29.9342, 204.358, 0, 0, 13.1191, 139.658, 0.974002, 386.279, 131.013, 0.457857, 0, 427.531, 57.9493, 2.10281, 0, 0, 38.3605, 0, 1.03636, 1029.94, 351.784, 0, 1738.35, 1036.02, 0, 0, 0, 1776.47, 0.700286, 1375.24, 0.766649, 290.192, 1835.48, 0, 506.798, 0.5244, 0.962869, 1804.76, 426.342, 0, 0, 1.22103, 1.56617, 0, 0, 2.13748, 0, 1.13033, 4.06224, 252.617, 0, 1082.48, 0, 31.2739, 25.9084, 108.02, 363.983, 0, 59.5309, 0, 9.08543, 97.1023, 311.533, 0.8734, 285.545, 0.325507, 0.961165, 6568.67, 238.286, 996.399, 0, 0, 
n_nonzero: 75

Running time so far: 161.602s

