n_tets: 42
relErr: 0.28119
Selected tets: 99, 89, 141, 93, 171, 185, 186, 65, 77, 57, 53, 2, 172, 119, 137, 18, 135, 168, 84, 194, 202, 101, 200, 14, 138, 107, 166, 155, 111, 198, 63, 189, 3, 72, 58, 203, 95, 49, 183, 30, 130, 146, 
Weights: 28.0169, 1.02975, 42.071, 1.00393, 4.61156, 0.967588, 0.984773, 1.15871, 1.03652, 1.4505, 70.2478, 1.22507, 11.2624, 0.478824, 0.985777, 1.37392, 36.5969, 28.7566, 1.0218, 1.00103, 1.31853, 1.97349, 0.582614, 0.402627, 0.236191, 0.936564, 49.5441, 2.33344, 1.12175, 0.786167, 1.18147, 2.13476, 18.8308, 4.67826, 5.29328, 0.858033, 15.7816, 1.7645, 0.959885, 17.0532, 12.028, 7.74247, 
n_nonzero: 42

