n_tets: 44
relErr: 0.483751
Selected tets: 21500, 27848, 13245, 1062, 23629, 22890, 26439, 10395, 1762, 13239, 2064, 7179, 9472, 27723, 24981, 25538, 15997, 17901, 5546, 26161, 18850, 4761, 5565, 27606, 22601, 20170, 12812, 17721, 2763, 14933, 20973, 11971, 24234, 3854, 16524, 4933, 15470, 7354, 20470, 23593, 2716, 26312, 15489, 22202, 
Weights: 899.426, 13140.9, 10142.8, 0, 323.175, 2495.91, 435.393, 0.876219, 515.789, 0, 12.8905, 945.146, 1353.93, 1.24883, 65.7121, 253.119, 285.055, 1937.43, 0, 241.268, 23.7987, 401.689, 179.61, 0, 0, 100.881, 0, 62.4583, 1679.99, 1267.01, 0.191331, 13.5562, 2.75362, 29.7004, 29.9599, 30.4882, 0, 2347.87, 559.308, 2.36716, 106.875, 4.78648, 0.775264, 411.568, 
n_nonzero: 37

Running time so far: 13.3481s

