n_tets: 90
relErr: 0.0680073
Selected tets: 19769, 26370, 25715, 13923, 23203, 22574, 27025, 9146, 28769, 8502, 10745, 18639, 29465, 21592, 5495, 3716, 21991, 3083, 27733, 23928, 27103, 20392, 19595, 9764, 18971, 27882, 12327, 19555, 5285, 18949, 4172, 29299, 13223, 12721, 6078, 28816, 1404, 7754, 12744, 9846, 27990, 17874, 19028, 20877, 10754, 1537, 27514, 15823, 14157, 4354, 2824, 27159, 29186, 9490, 11045, 23341, 5609, 15235, 8071, 20229, 22980, 8572, 21788, 12363, 2402, 10973, 27416, 2289, 22727, 22722, 24552, 18922, 4087, 17761, 18891, 14988, 18731, 20598, 17718, 1415, 6437, 815, 7470, 5543, 12533, 20058, 17875, 13200, 8254, 4561, 
Weights: 1345.93, 701.806, 1721.12, 0, 127.041, 499.162, 798.58, 575.45, 853.014, 406.587, 103.297, 108.292, 0, 0, 241.072, 0, 0, 0, 89.8833, 0, 79.7377, 0, 324.549, 680.365, 287.543, 11.0906, 257.505, 167.542, 44.5456, 0, 453.975, 0, 737.523, 123.064, 709.715, 0, 277.47, 1387.29, 1003.37, 0, 1491.55, 149.833, 234.191, 187.46, 2618.28, 0, 929.402, 0, 0, 323.552, 0, 664.131, 496.125, 808.947, 973.207, 1419.41, 0, 0, 77.5598, 158.377, 713.529, 0, 385.654, 78.1078, 5.41268, 208.331, 760.68, 168.312, 774.191, 0, 299.922, 1021.38, 0.972928, 1074.72, 0, 0, 378.449, 78.2767, 0, 621.811, 26.7267, 201.474, 272.285, 172.302, 504.902, 50.5815, 0.820557, 34.5016, 391.256, 28.0609, 
n_nonzero: 67

Running time so far: 39.3403s

