n_tets: 280
relErr: 0.153076
Selected tets: 249002, 300504, 115294, 173416, 216464, 67661, 381863, 388822, 307228, 161633, 259931, 386542, 166703, 73861, 16052, 159116, 209093, 50939, 51631, 34542, 253661, 2257, 155159, 213606, 343630, 417567, 185388, 220283, 135203, 246536, 211127, 388422, 38346, 15029, 127251, 390, 271020, 248004, 126519, 314260, 199316, 125865, 249141, 152948, 80674, 232911, 194442, 7265, 258789, 387932, 93220, 308533, 301075, 213596, 104085, 13444, 368449, 27328, 275890, 204986, 48458, 302146, 312336, 20156, 422593, 313811, 367720, 228208, 21213, 328721, 319118, 93254, 339994, 221968, 373921, 144535, 312385, 251749, 1379, 372877, 73401, 328756, 244, 428170, 250468, 143266, 420411, 395462, 139570, 130436, 353062, 371551, 224135, 401702, 225648, 398601, 4787, 416749, 155955, 14323, 83190, 19673, 17540, 87189, 40205, 615, 99341, 347967, 371558, 327987, 340722, 196739, 361950, 192590, 318882, 349706, 404042, 17341, 419208, 212437, 91467, 353886, 280245, 60530, 376002, 51697, 264224, 34956, 428503, 318883, 401943, 273584, 416856, 199382, 7691, 343990, 392938, 32132, 280917, 34787, 146, 213609, 89897, 59151, 350468, 43408, 352518, 324376, 99772, 80066, 46129, 32827, 417326, 106313, 35455, 280552, 86934, 96682, 21990, 153010, 418086, 56035, 79712, 192644, 301912, 345519, 226462, 83110, 407349, 355269, 313686, 421836, 239276, 212531, 34902, 34173, 18141, 320780, 62976, 421009, 145219, 114610, 8903, 272766, 190927, 35394, 5156, 295169, 411661, 283115, 345586, 190288, 303139, 74539, 155655, 397330, 101850, 328278, 286888, 205914, 375644, 106616, 399820, 391692, 133465, 383243, 397538, 12521, 168530, 261164, 350012, 9507, 425064, 338449, 140798, 326027, 79468, 46775, 187473, 191656, 358124, 180529, 403964, 16652, 282961, 120003, 398906, 146050, 55509, 421854, 54080, 63094, 221259, 425513, 66300, 205454, 52848, 283772, 62068, 13786, 135326, 353385, 18691, 363916, 320533, 13153, 293279, 131231, 220961, 172685, 420345, 402010, 198243, 398800, 395975, 65978, 289675, 268607, 109972, 216449, 19476, 249744, 9949, 349978, 281393, 98104, 147000, 415950, 335580, 62919, 384328, 58862, 284433, 231067, 345655, 323868, 425281, 421621, 261740, 242909, 
Weights: 0, 6268.93, 0, 0, 0, 890.217, 0, 0, 3053.39, 0, 512.621, 0, 5193.81, 0, 745.328, 0, 0, 1080.13, 0, 0, 3.99256, 0, 0, 0, 0, 1054.46, 0, 0, 0, 1629.16, 0, 0, 0, 0, 0, 0, 2242.63, 969.544, 0, 0, 3375.53, 0, 0, 3742.21, 0, 0, 0, 151.706, 3118.45, 449.99, 0, 0, 541.293, 0, 51065.9, 0, 0, 447.606, 525.028, 0, 0, 0, 0, 0, 1251.52, 86802.6, 731.602, 0, 0, 0, 617.401, 0, 68.3962, 407.137, 0, 828.162, 0, 0, 2753.47, 27946.7, 901.205, 2834.81, 0, 26.7368, 207.128, 0, 0, 0, 0, 0, 0, 0, 0, 0, 0, 0, 198.472, 0, 1666.37, 0, 0, 381.526, 1031.66, 1307.42, 0, 315.696, 0, 0, 0, 3585.83, 449.922, 0, 3.68616, 0, 0, 0, 1822.26, 0, 2947.35, 280.293, 0, 212443, 0, 0, 0, 0, 0, 0, 158.004, 0, 6485.52, 0, 3216.96, 0, 0, 0, 284.491, 0, 0, 0, 540.39, 153.281, 0, 0, 363.909, 52.4303, 148.618, 0, 0, 0, 0, 0, 0, 0, 87.7656, 0, 0, 0, 60.2088, 570.901, 0, 4.60897, 0, 0, 0, 250.543, 0, 455.503, 205.109, 68052.6, 20612.1, 0, 0, 0, 0, 0, 185.15, 0, 0, 0, 0, 0, 74.1038, 25426.3, 1669.42, 316.428, 0, 7762.9, 1.03228, 0, 662.252, 0, 216.541, 1917.06, 0, 1211.62, 738.095, 1.22918e+06, 165.306, 0, 0, 2512.06, 0, 0, 0, 768.077, 5258.88, 0, 0, 591.706, 30.5043, 0, 0, 0, 0, 19931.1, 0, 0, 44522, 0, 231.74, 0, 0, 0, 868.979, 0, 0, 32828.7, 0, 127.78, 0, 0, 0, 0, 0, 255.709, 141.147, 0, 842.772, 0, 1096.26, 0, 0, 0, 0, 211.471, 0, 6759.29, 99.3438, 729.976, 0, 0, 6490.45, 839.682, 0, 2208.72, 0, 0, 0, 0, 0, 0, 0, 0, 0, 0, 94443.1, 0, 576.418, 0, 0, 0, 0, 0, 0, 0, 0, 277.264, 0, 0, 
n_nonzero: 104

Running time so far: 364.067s

