n_tets: 195
relErr: 0.146109
Selected tets: 995, 6736, 3302, 3987, 5864, 4070, 3730, 3440, 7494, 2193, 2122, 2261, 5764, 5142, 6166, 3572, 3695, 7454, 5135, 7320, 5016, 4455, 1016, 3762, 5387, 2352, 4049, 1000, 3179, 1735, 5789, 5372, 4724, 685, 5526, 1828, 6339, 5976, 264, 645, 5895, 5482, 3808, 1141, 1909, 5442, 7480, 3953, 2668, 5647, 5939, 2837, 270, 3811, 4160, 2849, 2642, 5738, 4590, 4390, 205, 2781, 2258, 4000, 6711, 5356, 886, 2662, 3672, 3262, 6141, 3341, 3561, 284, 7483, 4651, 3990, 7445, 1782, 6646, 838, 1751, 1411, 198, 7048, 3775, 7465, 7325, 2920, 3201, 237, 5204, 7393, 2830, 2415, 250, 5652, 5492, 2594, 3367, 86, 1017, 4883, 296, 2003, 3876, 7443, 5153, 1906, 648, 400, 4483, 3285, 212, 6643, 842, 4009, 3391, 3863, 56, 4416, 145, 4663, 1780, 667, 2338, 2700, 3688, 4167, 4196, 4838, 2255, 1682, 1896, 2176, 929, 2528, 5632, 4648, 1339, 5876, 69, 2367, 463, 2591, 7486, 6474, 6461, 1369, 6531, 3897, 91, 4687, 1501, 362, 5771, 2093, 2333, 3955, 372, 606, 1223, 3804, 1701, 443, 7227, 717, 7485, 7119, 2406, 2063, 3504, 5981, 3535, 4841, 2097, 4050, 2213, 5283, 3257, 6342, 1910, 6998, 5838, 1395, 6645, 6489, 5413, 3022, 1904, 914, 4962, 1107, 4081, 4308, 
Weights: 359.635, 6.11413, 101.898, 87.6233, 58.8944, 96.3627, 276.75, 182.984, 141.877, 78.75, 3.39148, 17.5428, 44.4474, 360.648, 0, 301.971, 94.9986, 30.2649, 36.9378, 0.938599, 0.389103, 0.594341, 441.64, 0, 23.0494, 1.00431, 1.01453, 15.8997, 131.914, 12.6863, 128.461, 50.9777, 0, 127.685, 0, 13.0604, 0, 293.758, 52.9664, 77.8265, 0, 1.29646, 18.9951, 91.6364, 60.4825, 0.951075, 0, 0.604262, 1.08167, 0.936515, 164.562, 2.70743, 18.791, 47.6044, 26.8231, 9.72405, 48.0177, 0.596508, 192.272, 45.4323, 0.99546, 0.998721, 237.574, 521.411, 0, 15.2705, 94.1289, 1.00436, 0, 65.8221, 37.5073, 15.2064, 19.5973, 0, 2.34457, 0.0924918, 0, 0, 1.04634, 0, 1.50608, 0, 130.837, 0.426182, 0.766383, 72.5486, 0, 0.544692, 90.8615, 0, 6.29662, 52.862, 7.47051, 0, 34.5199, 51.0376, 0.0865905, 0.979934, 66.8144, 0, 299.445, 0, 60.9615, 30.7612, 0.91052, 0.93598, 0, 399.617, 0.687119, 36.6941, 30.3023, 0.714286, 0.930111, 3.85432, 1.03182, 33.1872, 0, 0, 98.7157, 1.13101, 8.29704, 13.9812, 0.941997, 0, 3.71357, 0, 0, 3442.15, 21.6631, 125.631, 0, 47.6989, 0, 0, 9.32467, 0.964432, 0, 56.9443, 240.504, 20.4852, 0, 0, 38.4027, 0, 89.5246, 15.0105, 238.202, 38.6479, 119.244, 15.9584, 7.16211, 96.4061, 4.35319, 44.8168, 97.1739, 0, 5.9405, 78.0434, 2.90027, 54.3021, 7.16759, 64.1054, 0.27938, 0, 0, 9.98089, 367.619, 0.036851, 93.8304, 0, 4.56921, 0, 0, 29.8805, 50.2136, 0.991848, 13.8453, 13.8326, 1.03647, 0, 41.1209, 0, 18.1133, 49.1623, 170.377, 1.3518, 30.7041, 0, 70.6945, 29.5086, 57.1674, 0, 12.5154, 20.4169, 0, 
n_nonzero: 152

