n_tets: 203
relErr: 0.0572209
Selected tets: 29127, 663, 19334, 2539, 17312, 25934, 6233, 15770, 23150, 23393, 21534, 19440, 9499, 12040, 9900, 8286, 14089, 5132, 29637, 16013, 9885, 6439, 27103, 1556, 11950, 19167, 26536, 17860, 2187, 12207, 13680, 29504, 14520, 12427, 5898, 3575, 24294, 4103, 1539, 9627, 13058, 17874, 21181, 14917, 6858, 15734, 15047, 8963, 4109, 22990, 12018, 8391, 13923, 11980, 10161, 1221, 6571, 21511, 6642, 14605, 2433, 18051, 2317, 4136, 21177, 25650, 4112, 25027, 11085, 22722, 20054, 13407, 2550, 16056, 10844, 28817, 29263, 7874, 1018, 2180, 12314, 14017, 18907, 21392, 17871, 17261, 25538, 21565, 5190, 4090, 4481, 29527, 22754, 17269, 1706, 19507, 22767, 21277, 15624, 25566, 7008, 29291, 17148, 17430, 18483, 27326, 14990, 4016, 15940, 3545, 2076, 4190, 18033, 25532, 6015, 11870, 24073, 24085, 1254, 22699, 1526, 7056, 7645, 6097, 16119, 23911, 26767, 17557, 16192, 9977, 12420, 18260, 7946, 8506, 24926, 3821, 5279, 8747, 41, 15698, 4142, 8457, 27723, 15301, 9608, 26671, 3017, 27817, 8222, 23082, 14012, 3996, 5385, 19028, 696, 23333, 25540, 24171, 8964, 27296, 25332, 1649, 10866, 22717, 5468, 20371, 18345, 1666, 2991, 14127, 16088, 19715, 7124, 803, 4560, 4274, 13761, 32, 27801, 15930, 21093, 5877, 17772, 19162, 8010, 1016, 14641, 9168, 24107, 18267, 13638, 13409, 19000, 20869, 19225, 6436, 25795, 355, 8591, 2545, 5527, 6823, 819, 
Weights: 252.818, 139.407, 120.387, 312.538, 0, 0, 802.3, 0, 0, 0, 1699.45, 0, 363.333, 0, 0, 1782.28, 63.124, 0, 0, 0, 2616.21, 76.8398, 0, 750.062, 0, 0, 0, 411.815, 0, 422.763, 0, 420.745, 0, 0, 120.868, 235.952, 0, 0, 0, 314.417, 0, 0, 0, 223.925, 119.822, 662.985, 0, 1.21033, 0, 0, 490.244, 0, 0, 233.627, 0, 0, 0, 450.007, 603.627, 96.7159, 0, 0, 901.202, 0, 0, 0, 0, 0, 20.3996, 0, 0, 0, 0, 0, 281.691, 0, 0, 0, 68.1266, 0, 80.0733, 286.662, 1168.38, 1421.2, 0.98811, 623.195, 0, 0, 0, 0, 107.56, 46.4982, 0, 488.963, 0, 213.455, 0, 0, 287.533, 0, 61.4098, 0, 0, 12.7778, 119.182, 1774.07, 4.06993, 0, 0, 275.762, 246.944, 0, 0, 54.3385, 0, 0, 0, 0, 0, 829.978, 0, 975.296, 0, 0, 138.33, 0, 578.407, 269.109, 0, 0, 0, 159.775, 79.0711, 780.55, 0, 204.966, 296.927, 0, 57.3244, 0, 9.9346, 0, 0, 0, 139.303, 22.9262, 381.07, 1139.07, 0, 0, 0, 0, 0, 39.6335, 0.997457, 0, 159.062, 0, 1.0003, 0, 0, 462.675, 695.896, 0, 0, 0, 111.149, 0, 1097.06, 0, 4.20311, 0, 799.516, 0, 925.817, 0, 0, 0, 0, 545.492, 0, 104.912, 1420.42, 0.949164, 0, 0, 0, 0, 0, 543.454, 0, 0, 0, 0, 131.78, 0, 353.665, 0, 0, 126.603, 0, 3.07153, 0, 
n_nonzero: 86

Running time so far: 118.212s

