n_tets: 90
relErr: 0.372523
Selected tets: 646, 4859, 766, 5730, 6102, 5173, 2479, 5512, 6491, 2756, 5585, 4720, 5726, 4711, 2853, 536, 3953, 3924, 4232, 5053, 2737, 4569, 3380, 591, 3595, 1316, 4049, 943, 6702, 2401, 237, 5636, 4724, 769, 4082, 5093, 204, 4948, 1781, 441, 2597, 1573, 5823, 7446, 2416, 5442, 2694, 6551, 2668, 5345, 1776, 2660, 6342, 3414, 4546, 2849, 2928, 4458, 1736, 2463, 205, 7485, 6837, 2477, 2617, 1630, 6531, 3308, 90, 677, 4651, 2780, 4815, 489, 3792, 5229, 4522, 1944, 3985, 6470, 3786, 3734, 4241, 198, 7397, 5607, 2172, 896, 4694, 3201, 
Weights: 347.924, 11568.1, 619.694, 10677.7, 1486.19, 2537.8, 144258, 8283.43, 21.8682, 47.0164, 710.371, 32.044, 0, 444.242, 3.54883, 0, 0, 846.697, 435.149, 25699.3, 2130.52, 94.5285, 229.472, 93005.9, 62.9045, 6.3639, 0.113915, 1086.65, 2703.39, 12.9848, 42770.8, 5906.18, 96.1301, 0, 0.0306975, 0, 0, 6145.82, 3477.15, 435.256, 15696.4, 0, 0, 0, 62.3433, 14.5629, 2293.38, 14624.7, 1.55923, 109.359, 0, 0, 39.1012, 0, 1037.18, 4231.05, 189.315, 174.549, 1581.34, 531.311, 10.1541, 348.907, 780.684, 30.1865, 559.631, 12809.9, 126527, 18.7325, 151.456, 0, 0.667145, 515.797, 6.61631e+06, 179.409, 7811.88, 60890.3, 4796.33, 0, 17.4797, 283.041, 174.681, 191.38, 0, 0.606282, 1850.41, 720.654, 1388.8, 92.2526, 29.6681, 399.939, 
n_nonzero: 75

