n_tets: 143
relErr: 0.497263
Selected tets: 25939, 699, 8335, 12763, 14231, 4944, 1622, 18088, 45004, 33142, 17824, 26526, 34964, 29197, 41971, 4088, 9429, 28182, 37261, 22357, 32934, 24473, 44764, 29504, 14031, 10997, 2671, 39876, 22778, 17576, 37292, 27223, 35427, 992, 44953, 24904, 3681, 38672, 1548, 31816, 41017, 24340, 43890, 37493, 13703, 2979, 44748, 25368, 42705, 17570, 44816, 26508, 35141, 37485, 10559, 29550, 11894, 42687, 14294, 10567, 44291, 3093, 36649, 31115, 10652, 27915, 12262, 13861, 21682, 8391, 32080, 39501, 15389, 22564, 6641, 44226, 9963, 21658, 15930, 30067, 3006, 21196, 13786, 12178, 10960, 16308, 20405, 29476, 21551, 39865, 22699, 11408, 2945, 9729, 25223, 6191, 26836, 21676, 4089, 30066, 43910, 36640, 972, 29098, 14460, 18208, 21553, 21568, 32237, 17740, 36645, 12078, 29904, 10553, 4052, 21657, 11683, 43884, 31408, 10555, 3311, 39925, 3361, 19374, 44196, 21653, 7316, 44751, 4814, 10744, 44907, 19750, 5691, 44610, 20952, 18420, 16029, 1067, 42018, 7042, 18157, 37476, 24761, 
Weights: 3057.22, 2441.17, 2420.78, 2130.37, 1.44047, 2772.52, 0.726781, 2775.87, 108.709, 4.2709, 0.926813, 1.28252, 5.09822, 1480.32, 6.6629, 3.04662, 67.6341, 2323.67, 5.00814, 1.55527, 4493.22, 4.37995, 0, 28.3463, 0, 189.342, 2538.04, 584.214, 0, 0.106452, 0, 1.22679, 567.266, 40.7911, 0.94727, 57.3391, 1.07522, 0, 12.5243, 741.184, 6.85327, 0, 139.408, 0, 0, 1.053, 0, 0, 0.922789, 3.73664, 0, 1.82557, 0.909273, 0, 1.01659, 3.14018, 17.6666, 36.2324, 0.671523, 996.314, 1.30517, 0, 25.7542, 1749.77, 5.80836, 1174.85, 10.3941, 47.7262, 25.1523, 0.335504, 1.60365, 0.918271, 1.99975, 0.984565, 0, 2.64808, 9.68799, 0.442491, 0.949034, 0, 3.20371, 6.03663, 3.721, 0.361582, 1.011, 85.247, 1821.46, 5.20243, 0, 80.3905, 988.264, 1.1543, 17.0129, 59.4658, 17.1009, 33.7107, 0, 3.21203, 22.7165, 0, 157.459, 1114.57, 1.01783, 3.08894, 0.991098, 0, 7.00035, 0, 0, 0, 0, 806.137, 1.2134, 0, 0, 0.231592, 1.01677, 0.635718, 0, 2310.87, 0, 0, 0, 33.1097, 2.12849, 1.43078, 0, 0, 0.97067, 4.64345, 13.9931, 988.956, 1.14181, 1.11378, 0, 296.587, 259.875, 1077.78, 0, 16.0706, 324.421, 0, 0, 
n_nonzero: 108

Running time so far: 74.6051s

