n_tets: 70
relErr: 0.595232
Selected tets: 1842, 1597, 1136, 1224, 452, 822, 1277, 1021, 1856, 1431, 1326, 1875, 1870, 1851, 345, 1428, 475, 146, 405, 1311, 292, 520, 1854, 1332, 427, 731, 489, 1198, 50, 262, 363, 252, 1206, 955, 462, 435, 59, 874, 21, 246, 1652, 1143, 1790, 593, 559, 1457, 1627, 880, 849, 30, 1051, 455, 619, 281, 1638, 1583, 1341, 1102, 1503, 1210, 108, 504, 1159, 238, 682, 1427, 848, 5, 1194, 536, 
Weights: 362.624, 209.689, 789.163, 0.424006, 1.09915, 0.218012, 112.674, 1.08318, 0.906874, 1.02944, 358.469, 1.00095, 2.29059, 13.5706, 1.57857, 1.38993, 1.14112, 0.792764, 0.880735, 0.939801, 16.0946, 0.939946, 1.20481, 0.754824, 0.909669, 1.78872, 0.858494, 1.00569, 1.26657, 0.944982, 1.4795, 1.46689, 1.00492, 0.919999, 1.10428, 0.958188, 1.06626, 0.981127, 0.932151, 1.06804, 362.786, 0.965708, 195.361, 4.24051, 0, 16.9443, 1.16631, 2.83853, 1.30031, 0.603175, 1.05209, 0.952088, 1.03156, 0.400391, 0.987234, 1.0624, 0.876072, 1.04423, 0.99431, 1.23408, 1.52958, 1.7761, 0.490089, 0.910568, 0.300973, 0.664071, 24.2118, 1.15777, 1.03942, 1.10892, 
n_nonzero: 69

