n_tets: 31
relErr: 0.565575
Selected tets: 55591, 10729, 52224, 23574, 122177, 137855, 89599, 161633, 6368, 119503, 65450, 5110, 138593, 122232, 44900, 71155, 71126, 74218, 11442, 103061, 192, 84811, 18074, 158395, 144670, 78533, 96622, 83286, 7601, 140896, 60, 
Weights: 16502.2, 2596.7, 2441.87, 16136, 10356.4, 10312.9, 6681.45, 82.0862, 20492.2, 0, 5506.34, 9361.55, 0, 0.830666, 21.6334, 863.534, 37762.5, 0, 4346.92, 1702.83, 14.0705, 0.811724, 93657.1, 13.006, 20.0611, 14755.6, 19.5745, 1373.18, 13890.3, 2107.6, 733.828, 
n_nonzero: 28

Running time so far: 62.5446s

