n_tets: 18
relErr: 0.181757
Selected tets: 11653, 17340, 29124, 23576, 14512, 19181, 26439, 14755, 7643, 20581, 27376, 9208, 22436, 17370, 29530, 12686, 9765, 5093, 
Weights: 3946.3, 5294.14, 2289.75, 3113.59, 0, 3083.43, 23491.9, 0, 17.9484, 6.88564, 1961.55, 1.10928, 0, 1243.57, 1.10933, 1063.03, 1335.28, 653.922, 
n_nonzero: 15

Running time so far: 36.8924s

