n_tets: 220
relErr: 0.0595102
Selected tets: 13986, 9874, 28312, 13284, 1214, 27342, 6233, 24777, 25350, 11692, 1312, 15251, 11970, 6638, 15836, 26177, 12232, 22738, 4998, 19909, 19835, 19799, 18800, 1088, 9388, 8792, 10521, 18579, 21869, 15721, 6623, 9788, 186, 26553, 20056, 12458, 20950, 21067, 20597, 24495, 27104, 6222, 215, 3129, 4136, 8521, 23166, 15194, 25355, 2064, 2824, 7633, 5419, 1906, 17492, 17558, 1541, 191, 20393, 11877, 24089, 7382, 27757, 10960, 21177, 9228, 11678, 14312, 13939, 5052, 4979, 13407, 22993, 20059, 21061, 17591, 18961, 24762, 19733, 8776, 21175, 19188, 4395, 18922, 17562, 8507, 21683, 13200, 21730, 7716, 4176, 16017, 12656, 29389, 2291, 10248, 22502, 16225, 24080, 4511, 10807, 9106, 23911, 9840, 25841, 5362, 28931, 256, 3857, 23843, 15303, 24964, 723, 22646, 3114, 1210, 24852, 29425, 6932, 14520, 11434, 21181, 12534, 293, 21755, 22435, 17221, 17785, 14797, 29482, 22609, 8294, 19923, 11702, 19083, 26436, 2840, 8550, 18423, 21044, 4142, 2781, 19575, 15904, 1539, 2282, 5816, 8298, 21427, 24205, 14012, 14015, 4153, 22113, 17390, 24144, 23891, 4489, 21777, 23887, 19517, 7318, 6878, 15772, 9748, 8520, 7316, 14262, 8556, 11055, 18952, 17968, 8629, 2784, 11945, 25049, 20607, 17308, 25544, 19082, 6007, 9138, 21586, 20054, 10659, 17522, 12008, 12284, 876, 1206, 9900, 9316, 21517, 12268, 8094, 6436, 20072, 20067, 10455, 24660, 28910, 27456, 19326, 4090, 3312, 6512, 6302, 29350, 18929, 2822, 19510, 8921, 16411, 4324, 10938, 20449, 23880, 16312, 24932, 11895, 
Weights: 347.13, 0, 233.801, 0, 0, 34.7957, 395.973, 1997.29, 377.568, 356.245, 1508.42, 0, 0, 20.7463, 140.421, 201.603, 0, 0, 171.404, 0, 80.7956, 0, 0, 0, 0, 322.051, 27.3595, 87.6252, 0, 908.751, 0, 42.7174, 0, 139.805, 41.3641, 0, 895.219, 0, 5.24247, 693.346, 0, 894.155, 0, 7.26065, 138.215, 139.511, 109.762, 443.562, 356.328, 222.122, 0, 347.282, 23.5236, 184.324, 0, 225.85, 0, 0, 0, 0, 0, 65.9378, 319.541, 12.9815, 1.70117, 0, 185.239, 15.0747, 0, 60.1279, 0, 127.791, 33.7195, 158.11, 1040.21, 105.521, 523.779, 693.56, 0, 0, 0, 293.687, 158.111, 348.281, 680.222, 38.6599, 131.65, 114.633, 45.4203, 74.7983, 0, 181.361, 450.206, 0, 0, 825.011, 0, 0, 22.7468, 659.391, 109.779, 1825.78, 0, 243.248, 0, 1442.66, 141.505, 124.431, 0, 295.12, 0, 0, 0, 145.845, 3.31492, 0, 0, 0, 0, 424.186, 189.998, 0, 53.4382, 0, 0, 0, 125.714, 127.875, 120.436, 0, 237.407, 19.653, 101.244, 96.1754, 0, 251.514, 103.876, 25.1501, 333.822, 0, 4.31762, 54.5753, 12.5268, 329.921, 63.9097, 0, 715.075, 329.81, 673.507, 0, 0, 0, 94.9131, 0, 0.61614, 0, 0, 489.879, 50.3731, 38.1533, 2.90083, 22.754, 0, 0, 148.783, 88.656, 0, 0, 53.2742, 241.835, 119.803, 0, 154.015, 89.859, 38.7343, 0, 347.056, 0, 0, 0, 383.672, 37.7865, 0.687916, 15.7187, 388.867, 0, 114.758, 60.7194, 12.695, 0, 0, 0, 73.4099, 704.253, 133.645, 43.9316, 11.6207, 0, 1049.59, 61.6215, 0, 167.277, 4.5397, 0, 0, 38.7329, 76.7473, 0, 372.76, 212.285, 0, 0, 0, 81.8424, 0, 71.9069, 3.52866, 114.022, 105.053, 15.6666, 
n_nonzero: 137

Running time so far: 56.944s

