n_tets: 198
relErr: 0.113607
Selected tets: 51214, 33828, 1062, 17144, 34560, 57384, 71719, 24860, 79148, 18752, 26715, 54341, 55661, 18058, 79674, 58394, 47832, 65101, 75225, 78581, 38437, 11094, 31923, 65333, 25095, 40130, 52248, 14997, 55192, 55830, 47691, 20698, 60654, 45641, 58865, 6073, 6794, 65212, 50539, 8071, 42782, 6772, 53911, 40232, 61256, 1986, 27703, 1391, 9638, 22689, 60071, 57016, 31921, 26997, 30552, 60817, 40724, 7835, 41435, 40134, 5965, 55309, 16488, 75871, 33069, 59263, 79183, 47310, 65841, 43200, 16312, 77670, 5000, 2555, 33050, 19673, 43048, 4752, 10977, 41150, 66780, 34082, 28668, 46052, 29236, 79852, 6774, 24248, 65126, 40068, 76084, 42294, 2944, 71310, 78538, 42987, 13502, 57367, 12636, 22885, 63886, 51750, 7408, 24715, 9201, 40067, 6952, 57142, 72161, 24144, 23826, 23226, 78348, 22622, 14833, 10844, 60673, 43375, 34139, 76724, 24717, 1011, 67542, 41049, 21716, 45048, 37708, 41971, 52232, 58986, 53965, 12835, 58336, 27793, 52135, 46205, 18808, 67950, 56316, 13144, 65460, 9646, 47594, 56816, 74539, 72082, 16642, 14282, 55233, 36760, 52573, 41382, 40729, 24357, 15103, 15730, 71267, 35673, 44188, 78794, 19718, 57743, 79423, 71029, 7897, 57867, 78666, 14627, 3045, 4642, 50245, 45064, 52079, 9132, 5606, 50502, 46064, 65177, 65171, 71634, 79146, 80280, 26887, 43887, 16515, 54346, 40069, 10111, 35864, 13236, 4237, 22873, 37711, 47323, 76427, 40865, 49213, 41329, 
Weights: 1180.13, 0, 0, 0, 901.047, 0, 0, 0, 0, 0, 677.311, 0, 0, 0, 0, 0, 0, 6317.92, 0, 0, 0, 0, 1.33758, 3053.55, 0, 0, 0, 0, 0, 3868.25, 522.517, 0, 0, 0, 0, 0, 4194.79, 2.7243, 0, 0, 0, 100.599, 0, 0, 0, 0, 0, 0, 0, 0, 0, 0, 0, 0, 50.4632, 1100.85, 0, 0, 0, 0, 0, 784.848, 0, 0, 0, 0, 444.197, 0, 1156.53, 0, 0, 48.8578, 876.138, 0, 0, 0, 1098.85, 0, 0, 0, 0, 0, 0, 0, 0, 0, 1261.48, 335.404, 0, 0.447832, 0.879345, 316.666, 0, 0, 0, 1518.09, 3359.71, 63.6159, 0, 0, 0, 30.3116, 10.7689, 0, 0, 22.1339, 0, 0, 0, 0, 0, 0, 2706.6, 7295.89, 0, 0, 0, 0, 0, 0, 0, 0, 0, 0, 4310.39, 0, 1.14899, 0, 0, 0, 0, 0, 2030.84, 0, 0, 0, 0, 0, 2333.59, 0, 0, 0, 0, 88.8839, 2011.39, 1522.97, 0, 0, 0, 0, 0, 0, 0, 0, 0, 463.719, 3054.93, 0, 0, 0, 0, 0, 6160.22, 1943.33, 0, 0, 0, 0, 0, 1339.74, 0, 485.528, 3298.23, 0, 5540.88, 0, 0, 0, 0, 0, 0, 0, 0, 0, 0, 0, 2.16567, 0, 0, 0, 0, 0, 190.596, 0, 0, 0, 0, 1757.41, 
n_nonzero: 50

Running time so far: 134.127s

