n_tets: 147
relErr: 0.065476
Selected tets: 29127, 663, 19334, 2539, 17312, 25934, 6233, 15770, 23150, 23393, 21534, 19440, 9499, 12040, 9900, 8286, 14089, 5132, 29637, 16013, 9885, 6439, 27103, 1556, 11950, 19167, 26536, 17860, 2187, 12207, 13680, 29504, 14520, 12427, 5898, 3575, 24294, 4103, 1539, 9627, 13058, 17874, 21181, 14917, 6858, 15734, 15047, 8963, 4109, 22990, 12018, 8391, 13923, 11980, 10161, 1221, 6571, 21511, 6642, 14605, 2433, 18051, 2317, 4136, 21177, 25650, 4112, 25027, 11085, 22722, 20054, 13407, 2550, 16056, 10844, 28817, 29263, 7874, 1018, 2180, 12314, 14017, 18907, 21392, 17871, 17261, 25538, 21565, 5190, 4090, 4481, 29527, 22754, 17269, 1706, 19507, 22767, 21277, 15624, 25566, 7008, 29291, 17148, 17430, 18483, 27326, 14990, 4016, 15940, 3545, 2076, 4190, 18033, 25532, 6015, 11870, 24073, 24085, 1254, 22699, 1526, 7056, 7645, 6097, 16119, 23911, 26767, 17557, 16192, 9977, 12420, 18260, 7946, 8506, 24926, 3821, 5279, 8747, 41, 15698, 4142, 8457, 27723, 15301, 9608, 26671, 3017, 
Weights: 244.193, 1434, 464.43, 347.287, 0, 0, 826.114, 69.9711, 0, 810.049, 0, 0, 0, 0, 0, 1297.22, 458.94, 0, 128.578, 0, 1156.39, 0, 0, 515.28, 0, 0, 0, 690.194, 0, 0, 0, 555.069, 0, 0, 0, 41.1936, 0, 31.1847, 0, 605.852, 0, 0, 0, 0, 0, 2165.41, 0, 0.486402, 0, 0, 460.347, 0, 0, 405.81, 24.9762, 206.124, 0, 469.667, 37.4802, 125.321, 0, 0, 0, 229.265, 0, 0, 0, 0, 0, 0, 85.5232, 0, 0, 0, 698.69, 0, 652.394, 0, 97.2411, 522.501, 108.169, 798.056, 1759.18, 1140.27, 0.984937, 661.166, 2490.86, 70.4511, 0, 0, 0, 198.699, 0, 0, 0, 0, 703.692, 0, 119.582, 0, 0, 0, 0, 70.066, 0, 117.728, 0, 0, 40.0574, 1632.66, 213.92, 0, 2661.71, 97.107, 143.577, 0, 0, 0, 0, 1189.32, 0, 652.412, 0, 0, 0, 0, 869.745, 529.44, 0, 108.762, 0, 131.042, 0, 1098.72, 330.601, 284.934, 0, 0, 127.268, 0, 104.633, 0, 0, 0, 243.073, 1609.04, 0, 
n_nonzero: 64

Running time so far: 81.729s

