n_tets: 253
relErr: 0.0595029
Selected tets: 13986, 9874, 28312, 13284, 1214, 27342, 6233, 24777, 25350, 11692, 1312, 15251, 11970, 6638, 15836, 26177, 12232, 22738, 4998, 19909, 19835, 19799, 18800, 1088, 9388, 8792, 10521, 18579, 21869, 15721, 6623, 9788, 186, 26553, 20056, 12458, 20950, 21067, 20597, 24495, 27104, 6222, 215, 3129, 4136, 8521, 23166, 15194, 25355, 2064, 2824, 7633, 5419, 1906, 17492, 17558, 1541, 191, 20393, 11877, 24089, 7382, 27757, 10960, 21177, 9228, 11678, 14312, 13939, 5052, 4979, 13407, 22993, 20059, 21061, 17591, 18961, 24762, 19733, 8776, 21175, 19188, 4395, 18922, 17562, 8507, 21683, 13200, 21730, 7716, 4176, 16017, 12656, 29389, 2291, 10248, 22502, 16225, 24080, 4511, 10807, 9106, 23911, 9840, 25841, 5362, 28931, 256, 3857, 23843, 15303, 24964, 723, 22646, 3114, 1210, 24852, 29425, 6932, 14520, 11434, 21181, 12534, 293, 21755, 22435, 17221, 17785, 14797, 29482, 22609, 8294, 19923, 11702, 19083, 26436, 2840, 8550, 18423, 21044, 4142, 2781, 19575, 15904, 1539, 2282, 5816, 8298, 21427, 24205, 14012, 14015, 4153, 22113, 17390, 24144, 23891, 4489, 21777, 23887, 19517, 7318, 6878, 15772, 9748, 8520, 7316, 14262, 8556, 11055, 18952, 17968, 8629, 2784, 11945, 25049, 20607, 17308, 25544, 19082, 6007, 9138, 21586, 20054, 10659, 17522, 12008, 12284, 876, 1206, 9900, 9316, 21517, 12268, 8094, 6436, 20072, 20067, 10455, 24660, 28910, 27456, 19326, 4090, 3312, 6512, 6302, 29350, 18929, 2822, 19510, 8921, 16411, 4324, 10938, 20449, 23880, 16312, 24932, 11895, 5901, 4188, 9112, 12115, 9029, 13771, 12299, 19328, 17994, 11961, 20995, 13923, 8186, 6265, 17302, 16092, 20487, 14988, 10998, 24132, 7317, 22355, 6733, 2142, 12032, 1439, 18733, 20604, 12564, 21592, 17578, 24081, 6716, 
Weights: 318.916, 0, 165.118, 158.728, 0, 0, 292.206, 1734.32, 251.677, 0, 1387.46, 0, 3.74636, 16.1492, 156.971, 484.811, 42.9835, 0, 155.792, 0, 53.7334, 0, 0, 0, 0, 339.929, 0, 83.5448, 0, 855.293, 0, 72.2803, 27.6727, 0, 1.62666, 0, 831.691, 0, 0, 580.839, 0, 1092.01, 0, 20.1737, 138.713, 69.0273, 127.69, 370.932, 329.398, 259.5, 0, 398.337, 0, 238.963, 0, 0, 30.8277, 0, 0, 0, 0, 0, 291.629, 25.2419, 1.71225, 0, 295.419, 0, 0, 45.2892, 0, 110.41, 21.8945, 88.0854, 388.89, 77.8067, 308.896, 620.386, 67.3628, 0, 0, 287.382, 307.422, 314.276, 296.586, 0, 123.423, 113.779, 12.619, 107.118, 0, 166.156, 280.405, 0, 0, 792.353, 0, 0, 0, 572.344, 106.318, 1986.26, 0, 220.197, 26.6545, 1130.56, 333.431, 132.098, 114.762, 150.905, 0, 0, 0, 162.7, 0, 0, 0, 0, 0, 277.756, 158.418, 0, 53.3728, 0, 0, 0, 84.9282, 219.569, 0, 0, 163.507, 0, 36.1345, 113.876, 0, 0, 314.776, 47.6688, 369.866, 0, 10.3988, 141.939, 36.5366, 299.023, 28.0795, 0, 596.296, 305.179, 707.444, 0, 0, 0, 0, 0, 0.616521, 0, 0, 494.46, 0, 26.0299, 0, 28.9614, 0, 0, 26.8935, 56.0014, 0, 0, 0.201832, 283.002, 77.9333, 0, 128.797, 84.5117, 11.789, 0, 302.358, 0, 0, 0, 370.697, 31.9387, 0.687057, 41.5482, 923.605, 55.8071, 213.729, 109.412, 10.9007, 0, 0, 0, 92.132, 938.896, 82.2634, 48.8312, 0, 0, 1046.04, 29.5762, 0, 116.526, 0, 0, 0, 0, 139.353, 0, 301.975, 231.898, 0, 0, 0, 85.7321, 0, 0, 0, 163.84, 44.5743, 48.8062, 21.2314, 0, 0, 83.1607, 0, 72.7488, 78.1308, 44.0066, 30.0137, 29.8268, 278.41, 294.986, 100.485, 256.987, 82.3627, 0, 64.7922, 38.4568, 0, 16.344, 9.95762, 0, 45.5298, 159.293, 131.762, 0, 0, 141.503, 24.7348, 0, 0, 19.9285, 0, 
n_nonzero: 145

Running time so far: 75.6421s

