n_tets: 9
relErr: 0.188596
Selected tets: 10555, 21616, 12946, 21677, 4748, 6996, 23325, 27965, 4263, 
Weights: 7123.12, 7177.6, 1531.1, 4501.82, 1605.96, 2177.61, 737.093, 926.848, 1.62553, 
n_nonzero: 9

Running time so far: 25.6454s

