n_tets: 186
relErr: 0.117062
Selected tets: 51214, 33828, 1062, 17144, 34560, 57384, 71719, 24860, 79148, 18752, 26715, 54341, 55661, 18058, 79674, 58394, 47832, 65101, 75225, 78581, 38437, 11094, 31923, 65333, 25095, 40130, 52248, 14997, 55192, 55830, 47691, 20698, 60654, 45641, 58865, 6073, 6794, 65212, 50539, 8071, 42782, 6772, 53911, 40232, 61256, 1986, 27703, 1391, 9638, 22689, 60071, 57016, 31921, 26997, 30552, 60817, 40724, 7835, 41435, 40134, 5965, 55309, 16488, 75871, 33069, 59263, 79183, 47310, 65841, 43200, 16312, 77670, 5000, 2555, 33050, 19673, 43048, 4752, 10977, 41150, 66780, 34082, 28668, 46052, 29236, 79852, 6774, 24248, 65126, 40068, 76084, 42294, 2944, 71310, 78538, 42987, 13502, 57367, 12636, 22885, 63886, 51750, 7408, 24715, 9201, 40067, 6952, 57142, 72161, 24144, 23826, 23226, 78348, 22622, 14833, 10844, 60673, 43375, 34139, 76724, 24717, 1011, 67542, 41049, 21716, 45048, 37708, 41971, 52232, 58986, 53965, 12835, 58336, 27793, 52135, 46205, 18808, 67950, 56316, 13144, 65460, 9646, 47594, 56816, 74539, 72082, 16642, 14282, 55233, 36760, 52573, 41382, 40729, 24357, 15103, 15730, 71267, 35673, 44188, 78794, 19718, 57743, 79423, 71029, 7897, 57867, 78666, 14627, 3045, 4642, 50245, 45064, 52079, 9132, 5606, 50502, 46064, 65177, 65171, 71634, 79146, 80280, 26887, 43887, 16515, 54346, 
Weights: 1523.07, 0, 0, 0, 559.65, 0, 0, 0, 0, 13.1047, 637.837, 0, 0, 0, 0, 0, 0, 5745.77, 0, 0, 0, 0, 1.36281, 1775.19, 0, 0, 0, 0, 0, 5957.32, 852.052, 0, 0, 0, 1012.17, 0, 7061.88, 2.10272, 0, 0, 0, 98.2115, 0, 0, 0, 0, 0, 0, 0, 0, 0, 0, 0, 0, 50.2289, 397.976, 0, 0, 0, 0, 0, 147.625, 0, 0, 0, 0, 0, 0, 1311.08, 0, 0, 50.8377, 1692.72, 0, 0, 0, 656.066, 0, 0, 0, 0, 0, 0, 0, 0, 0, 1706.16, 0, 0, 0.44871, 0.931685, 0, 0, 0, 0, 3166.88, 3672.82, 63.5607, 0, 0, 0, 29.9708, 11.3665, 0, 0, 21.1247, 0, 0, 0, 0, 0, 0, 994.564, 6620.02, 0, 0, 0, 0, 0, 0, 0, 0, 0, 0, 4477.97, 0, 1.14016, 0, 0, 0, 0, 0, 1947.03, 0, 0, 0, 0, 0, 1343.94, 0, 0, 0, 0, 97.7265, 2017.23, 0, 0, 0, 0, 0, 201.863, 0, 0, 0, 0, 413.7, 3018.71, 0, 0, 0, 0, 0, 5725.35, 1105.59, 0, 0, 0, 0, 116.005, 990.714, 0, 1046.5, 5649.27, 0, 1760.77, 0, 0, 0, 0, 0, 1244.05, 0, 0, 0, 0, 0, 
n_nonzero: 48

Running time so far: 125.755s

