n_tets: 276
relErr: 0.13283
Selected tets: 11653, 17340, 29124, 23576, 14512, 19181, 26439, 14755, 7643, 20581, 27376, 9208, 22436, 17370, 29530, 12686, 9765, 5093, 27829, 5223, 10587, 2282, 28753, 4945, 11956, 10685, 27251, 12253, 14924, 23185, 4460, 21799, 19166, 25112, 6928, 19480, 3092, 14022, 13107, 26027, 22837, 24849, 10400, 3918, 14873, 8521, 25376, 16928, 21411, 12601, 15774, 17871, 16874, 12159, 211, 14017, 13163, 9065, 1531, 2956, 17173, 3391, 5773, 4144, 21586, 2015, 4242, 10516, 3130, 9781, 17745, 21040, 4087, 6192, 18687, 12445, 18806, 18181, 18118, 29685, 25223, 29272, 14235, 13331, 14252, 7433, 4876, 27465, 26924, 24111, 15127, 12545, 1301, 12638, 17226, 27963, 13006, 8509, 4076, 4090, 17307, 29291, 13065, 25831, 13257, 13249, 11066, 17692, 8294, 22721, 58, 16989, 21930, 4862, 19164, 12648, 19562, 21931, 13189, 17545, 21566, 26415, 4158, 3086, 11038, 3042, 25613, 20749, 6798, 3708, 13372, 7471, 1543, 28971, 27681, 20835, 17875, 24336, 41, 6697, 6692, 13255, 24075, 4099, 2562, 1210, 2438, 4138, 5887, 20612, 28775, 29564, 9209, 19028, 18599, 26770, 14870, 2871, 8964, 23758, 2988, 15131, 18547, 25219, 3468, 12293, 2092, 9272, 13333, 7319, 3212, 7494, 24074, 25468, 22122, 4379, 247, 6064, 4978, 10886, 1939, 13594, 21540, 14869, 3129, 14108, 8963, 12795, 29093, 5006, 19188, 10087, 8534, 2248, 27931, 2446, 25795, 18900, 8653, 14943, 2812, 2217, 29296, 28782, 9559, 21178, 14879, 23894, 5282, 2822, 25722, 12930, 20491, 21116, 12983, 19992, 13827, 21708, 28958, 22121, 6263, 19404, 22329, 6814, 8573, 20234, 23818, 19328, 18177, 5968, 6880, 12045, 8298, 26308, 5523, 3844, 14012, 17228, 22549, 5417, 1089, 13268, 20166, 9028, 14082, 17803, 23957, 9103, 12580, 11286, 4089, 17783, 10398, 9770, 8898, 26851, 12458, 3704, 12429, 23889, 21585, 15058, 22223, 4268, 25935, 21521, 29497, 17787, 19071, 29269, 14269, 12395, 21236, 19231, 10217, 7849, 
Weights: 0, 258.572, 0, 0, 0, 567.733, 0, 0, 0, 3.86634, 0, 1.06992, 0, 154.092, 0, 0, 321.526, 0, 1.94753, 0, 0, 0, 0, 1.55256, 0.175178, 0, 1.00018, 0, 0, 0, 0, 0.955003, 0.968492, 33.2636, 0, 0, 0, 0, 0, 0, 0, 0, 0.980589, 585.375, 680.037, 0.542117, 0, 0, 62.2517, 7.91684, 0, 0, 0, 0, 1.05368, 1371.71, 0, 0, 556.091, 863.444, 0, 0, 0, 0, 0.866281, 2779.07, 0.740721, 70.6036, 770.065, 0, 0, 0.585377, 0.956593, 606.033, 620.281, 0, 0, 1.21573, 1.48299, 0, 48.0743, 2.24327, 0, 1.12541, 4.2492, 0, 0, 117.438, 0, 31.3732, 43.9419, 0, 0, 0, 89.1631, 0, 1.56301, 97.6257, 245.662, 0.96394, 31.6437, 0.325947, 0.991707, 1994.58, 0, 540.618, 0, 0, 0.993579, 3.95048, 0, 0, 0, 2446.44, 1.24549, 0, 8.78241, 0, 0, 266.705, 48.7793, 0, 0, 0, 0, 0.770358, 0, 511.321, 0, 0, 2087.56, 5.50953, 0.863238, 0, 640.879, 0, 1.00536, 0, 168.703, 0, 2.16825, 0, 0, 0.886662, 0.674026, 0, 159.127, 0, 0, 237.418, 20.5627, 1.04932, 1.02572, 1.24378, 0, 0, 0.911894, 430.724, 8.95054, 0, 1.24462, 324.972, 3.50397, 23.0158, 0, 0, 0, 0, 0.9308, 0, 0, 371.688, 349.016, 701.174, 0, 560.552, 0, 1.32006, 0, 644.341, 0.997149, 0, 0, 0.910091, 85.1928, 0, 0.278189, 1.00855, 4022.03, 19.8616, 1053.55, 0, 2.5544, 0.222312, 0, 0, 0, 1.50469, 39.1719, 0.983951, 11.5315, 0, 0, 1.42914, 1.00867, 1.02993, 74.9598, 0.637868, 0, 0, 7.34172, 0, 17.2278, 0, 4.98581, 0, 1585.88, 574.222, 0, 95.4318, 1.09842, 0, 965.667, 794.567, 0, 0, 0, 0, 3.46323, 59.6008, 0, 1.88236, 34.2385, 0, 0.877043, 254.187, 0, 0, 0, 0, 0.801132, 577.089, 0, 0, 0, 269.462, 0.484464, 0, 0, 577.77, 0.973823, 0, 0.892001, 0, 311.625, 0, 115.483, 146.59, 0.949392, 50.4856, 1.00295, 0, 12.0053, 0, 0.992354, 357.351, 0, 0, 0, 0, 2.80279, 0, 0, 0, 0, 1067.48, 
n_nonzero: 141

Running time so far: 474.821s

