n_tets: 21
relErr: 0.818642
Selected tets: 124375, 109225, 128391, 134415, 59101, 71726, 162993, 137162, 72274, 67506, 96731, 116739, 86123, 80435, 46542, 75932, 22431, 64178, 89393, 142635, 125703, 
Weights: 8587.16, 7111.44, 1665.09, 565.798, 4092.17, 6452.05, 28324.3, 31053.5, 4046.59, 8572.13, 2132.59, 13749.5, 877.308, 2173.45, 1.04359, 871846, 86.233, 2744.17, 2.38427, 0.995897, 457.389, 
n_nonzero: 21

Running time so far: 113.259s

