n_tets: 253
relErr: 0.334801
Selected tets: 32562, 42675, 7400, 38757, 28732, 43879, 34020, 14663, 14859, 42759, 22443, 10634, 5978, 37804, 28795, 28803, 32402, 41971, 29320, 20127, 20195, 11336, 44942, 27216, 22250, 1961, 39019, 20950, 16309, 24941, 28091, 39255, 43258, 1820, 33980, 29553, 38698, 38867, 4042, 8391, 31826, 7766, 16138, 3845, 43883, 2979, 24124, 29217, 10435, 21177, 4725, 20125, 17790, 22361, 19515, 36163, 28351, 29877, 21975, 13782, 29410, 18013, 10363, 4301, 8559, 33077, 16720, 37321, 12683, 5310, 10419, 1617, 8545, 39181, 19418, 34555, 18584, 44231, 1634, 2543, 15819, 38626, 28706, 19861, 19504, 38079, 24500, 34060, 33978, 25061, 12813, 42805, 38847, 24400, 43881, 44735, 15828, 26515, 9529, 38938, 38101, 6030, 4723, 31818, 31854, 44288, 21500, 41986, 6077, 13145, 35241, 13885, 43848, 22347, 16513, 13068, 13783, 9176, 13091, 24881, 39288, 16805, 14512, 15569, 4205, 11311, 37438, 6488, 4814, 18026, 14017, 3963, 41982, 18898, 34055, 39884, 41978, 33025, 12113, 1783, 27313, 6489, 6721, 9870, 34337, 28612, 8199, 17061, 8928, 23481, 18852, 39187, 1686, 12138, 18358, 8544, 43702, 38068, 3687, 2802, 29330, 30897, 1953, 23484, 31074, 22114, 29197, 39020, 59, 44638, 16518, 25334, 34016, 28904, 18588, 12085, 1320, 31828, 22894, 23634, 44291, 19841, 39167, 32548, 35144, 43894, 35158, 12876, 34184, 42425, 11176, 29906, 1339, 29905, 765, 18854, 903, 28587, 982, 8810, 12923, 15917, 20428, 39001, 6803, 15327, 2153, 27254, 43889, 27771, 3093, 32514, 39175, 9855, 26654, 9537, 42459, 29209, 13607, 44003, 38821, 1113, 22291, 28353, 12185, 39021, 42084, 28364, 34341, 21433, 1616, 16308, 9572, 11688, 21493, 4317, 1914, 43575, 1615, 37713, 39900, 38747, 33727, 44414, 39735, 22346, 42822, 25065, 38032, 6082, 34347, 18020, 37739, 
Weights: 1610.29, 4556.83, 0, 0.856453, 2569.61, 18.9624, 84.4787, 1.00159, 2.41393, 0, 61.2847, 1316.83, 514.89, 1.14986, 2.09777, 0, 0, 22.2077, 0, 0, 0, 0.48505, 149.042, 135.615, 0, 1.57459, 0, 416.184, 0, 0, 1100.23, 0, 0, 1.07384, 2.44318, 0, 0.922119, 0.375842, 511.045, 1.10565, 205.416, 0, 0, 2685.91, 0.798629, 7.87846, 0, 0.863215, 17.0732, 0, 32.4668, 1.00696, 5.4425, 0, 14.7233, 6.9496, 0, 0, 27.749, 0, 0, 725.199, 626.096, 0, 423.198, 0.925106, 0.958832, 0, 0.692121, 8.1743, 0, 20.0215, 3.33851, 0, 753.696, 0, 0, 2.85742, 481.625, 0, 342.885, 4.06338, 261.787, 534.605, 669.944, 5223.43, 945.646, 113.069, 132.772, 25.1967, 1.67831, 0, 1.33853, 0, 1.08753, 0, 0, 1.14218, 0.943522, 0.951925, 3.55314, 0, 0.388316, 40.1243, 131.023, 3.87583, 0, 0, 0, 1.99031, 1.01841, 4131.92, 0, 0.99674, 121.51, 421.014, 4.3746, 739.537, 0, 0, 0, 89.262, 869.925, 1004.12, 1181.23, 1.59025, 0, 384.351, 0.866156, 18.388, 0, 1.13324, 33.2405, 0, 0, 382.491, 1.39574, 137.387, 1.04434, 13.7814, 4.0517, 0.275071, 114.285, 2.33755, 33.9049, 24.3503, 0, 1.50628, 186.371, 16.6232, 1.05509, 1.01654, 0, 252.088, 2.09255, 1.01851, 0, 0, 0, 4.6022, 0, 8.73486, 0, 3.0083, 871.317, 0.856586, 150.951, 0, 48.0346, 2.2685, 20.8785, 3.74244, 0, 0, 10.2062, 0, 1.057, 3.33496, 0.765499, 0, 11.6583, 1.06703, 0.964083, 1.59004, 111.241, 0.998386, 0, 29.7353, 0, 0, 10.9484, 0, 0.375091, 1.02638, 0, 0.97279, 0, 1.52104, 0.829974, 304.937, 1.01197, 427.639, 536.589, 0, 0.947545, 2.39834, 14.7459, 6.68718, 0, 1.01066, 160.059, 522.024, 0, 1259.49, 0, 71.0459, 225.358, 1.24205, 266.379, 127.67, 0.91505, 137.644, 0.925038, 92.225, 0, 7.32358, 114.786, 34.0934, 0, 1312.4, 133.222, 1.00144, 305.725, 177.67, 0, 787.115, 0, 319.007, 0, 0, 0.458087, 68.315, 0.974446, 6.75375, 942.779, 0.782118, 20.2204, 1.43516, 0, 0, 4228.91, 7.67751, 84.6337, 
n_nonzero: 177

Running time so far: 166.664s

