n_tets: 209
relErr: 0.182346
Selected tets: 12990, 2693, 1081, 13296, 29045, 55, 26069, 24777, 10112, 15775, 24597, 2844, 19576, 19124, 7979, 25032, 18631, 18394, 29312, 16154, 3112, 4458, 28064, 13752, 6155, 1757, 24381, 26954, 17568, 9447, 16999, 15160, 22523, 12427, 23888, 808, 18293, 11085, 21710, 5037, 28706, 24849, 3158, 1861, 26852, 6998, 22223, 17718, 23240, 13004, 29163, 18592, 21111, 17327, 2513, 26644, 26469, 9491, 19563, 18897, 21644, 14158, 19257, 32, 21177, 27885, 14912, 9834, 24152, 8911, 15257, 14184, 26771, 20202, 569, 1421, 81, 25792, 21740, 23859, 20246, 1885, 23608, 1141, 8463, 5287, 8599, 13200, 15779, 28779, 4481, 27112, 7344, 17765, 3052, 5285, 21881, 2808, 19236, 4425, 19523, 689, 28563, 17430, 1401, 13414, 10401, 12, 21536, 2164, 24585, 21119, 19905, 8878, 6015, 14305, 12269, 4838, 17328, 20236, 21868, 14509, 9883, 22851, 14811, 20334, 10372, 23174, 4089, 9537, 11876, 7944, 25381, 12565, 28071, 19262, 22036, 15773, 14687, 28832, 8746, 4118, 20165, 20615, 3666, 4852, 6435, 23188, 10851, 10690, 9179, 27752, 13879, 19233, 21931, 4698, 15778, 26197, 22990, 5353, 18733, 10258, 12134, 18497, 717, 13567, 10626, 14112, 4076, 9212, 21936, 14114, 15770, 29516, 19024, 23855, 4706, 28324, 28709, 22765, 3045, 20068, 23321, 2986, 11579, 10472, 20166, 9991, 6642, 11891, 21799, 24135, 2533, 6450, 2190, 1903, 25225, 944, 6419, 6878, 17980, 21691, 2217, 21729, 3387, 22233, 21807, 23778, 8947, 
Weights: 264.731, 589.01, 523.679, 125.101, 296.036, 0, 1093.3, 362.884, 1009.04, 0.916301, 625.471, 250.738, 100.09, 69.0304, 218.926, 197.427, 638.363, 0, 0.991647, 510.579, 1.1109, 697.34, 127.413, 0, 0, 147.2, 16.7338, 874.316, 120.82, 249.458, 2020.32, 284.523, 5.76317, 120.979, 31.8669, 1.27684, 618.086, 0, 8.80438, 507.939, 761.94, 28.9072, 163.971, 7.31783, 285.912, 120.589, 231.988, 73.8571, 0, 67.2782, 265.429, 179.389, 0, 0.754748, 219.471, 0, 4243.19, 39.2415, 0, 308.666, 66.7697, 0, 761.309, 1.03469, 0.961211, 695.635, 0, 541.073, 0, 0, 589.601, 99.4679, 8.10369, 520.242, 0.94185, 0.148459, 0.971483, 0, 309.675, 130.515, 15.5236, 678.039, 146.948, 296.171, 0, 0, 20.5916, 6.38857, 13.1367, 196.717, 19.8373, 0, 156.276, 0, 0, 1.52114, 0, 26.5563, 0.71359, 18.2633, 76.1513, 41.3987, 250.365, 0, 557.496, 356.218, 56.9622, 1.89822, 566.996, 83.4737, 44.9864, 0, 121.34, 585.369, 85.0405, 208.139, 227.205, 112.905, 0, 18.3506, 0, 24.4626, 0.836768, 240.558, 145.187, 113.027, 0, 27.3622, 0.566907, 78.7736, 252.69, 39.3982, 61.4447, 1.34359, 360.05, 0, 125.347, 0.799654, 309.232, 168.068, 116.569, 147.032, 10.3569, 0.979484, 256.149, 1.33831, 1.10891, 214.649, 0, 258.637, 0, 0, 756.287, 0, 42.0739, 3.21383, 0.101051, 1158.39, 0, 61.3479, 31.8842, 0, 145.263, 14.677, 0, 24.0604, 0, 121.112, 55.3058, 438.369, 64.3482, 203.712, 1.15995, 37.877, 0, 55.2814, 44.6983, 0, 0, 723.882, 16.7756, 322.695, 0, 0, 226.138, 0, 1.03076, 0, 1.38901, 71.1681, 0.837576, 0, 109.377, 80.0875, 20.424, 0, 29.589, 0, 667.023, 80.4321, 248.48, 0.737124, 23.6405, 0, 0, 365.204, 292.579, 0, 100.847, 
n_nonzero: 162

Running time so far: 96.0861s

