n_tets: 300
relErr: 0.13193
Selected tets: 11653, 17340, 29124, 23576, 14512, 19181, 26439, 14755, 7643, 20581, 27376, 9208, 22436, 17370, 29530, 12686, 9765, 5093, 27829, 5223, 10587, 2282, 28753, 4945, 11956, 10685, 27251, 12253, 14924, 23185, 4460, 21799, 19166, 25112, 6928, 19480, 3092, 14022, 13107, 26027, 22837, 24849, 10400, 3918, 14873, 8521, 25376, 16928, 21411, 12601, 15774, 17871, 16874, 12159, 211, 14017, 13163, 9065, 1531, 2956, 17173, 3391, 5773, 4144, 21586, 2015, 4242, 10516, 3130, 9781, 17745, 21040, 4087, 6192, 18687, 12445, 18806, 18181, 18118, 29685, 25223, 29272, 14235, 13331, 14252, 7433, 4876, 27465, 26924, 24111, 15127, 12545, 1301, 12638, 17226, 27963, 13006, 8509, 4076, 4090, 17307, 29291, 13065, 25831, 13257, 13249, 11066, 17692, 8294, 22721, 58, 16989, 21930, 4862, 19164, 12648, 19562, 21931, 13189, 17545, 21566, 26415, 4158, 3086, 11038, 3042, 25613, 20749, 6798, 3708, 13372, 7471, 1543, 28971, 27681, 20835, 17875, 24336, 41, 6697, 6692, 13255, 24075, 4099, 2562, 1210, 2438, 4138, 5887, 20612, 28775, 29564, 9209, 19028, 18599, 26770, 14870, 2871, 8964, 23758, 2988, 15131, 18547, 25219, 3468, 12293, 2092, 9272, 13333, 7319, 3212, 7494, 24074, 25468, 22122, 4379, 247, 6064, 4978, 10886, 1939, 13594, 21540, 14869, 3129, 14108, 8963, 12795, 29093, 5006, 19188, 10087, 8534, 2248, 27931, 2446, 25795, 18900, 8653, 14943, 2812, 2217, 29296, 28782, 9559, 21178, 14879, 23894, 5282, 2822, 25722, 12930, 20491, 21116, 12983, 19992, 13827, 21708, 28958, 22121, 6263, 19404, 22329, 6814, 8573, 20234, 23818, 19328, 18177, 5968, 6880, 12045, 8298, 26308, 5523, 3844, 14012, 17228, 22549, 5417, 1089, 13268, 20166, 9028, 14082, 17803, 23957, 9103, 12580, 11286, 4089, 17783, 10398, 9770, 8898, 26851, 12458, 3704, 12429, 23889, 21585, 15058, 22223, 4268, 25935, 21521, 29497, 17787, 19071, 29269, 14269, 12395, 21236, 19231, 10217, 7849, 12474, 23614, 1895, 28185, 8462, 7228, 24113, 15098, 12330, 1493, 10891, 6287, 18809, 29432, 1143, 28821, 28722, 5269, 4550, 18203, 4038, 7142, 19171, 21288, 
Weights: 0, 241.508, 130.685, 0, 0, 204.509, 0, 0, 0, 3.7899, 0, 1.06978, 0, 148.871, 0, 0, 0, 0, 1.94785, 0, 0, 0, 0, 1.55793, 0.60711, 0, 1.0006, 0, 0, 0, 0, 0.953156, 0.968414, 33.5399, 0, 0, 0, 0, 0, 0, 102.093, 0, 0.980406, 691.476, 590.741, 0.542593, 0, 0, 62.3114, 8.07867, 0, 0, 0, 0, 1.06029, 1080.83, 0, 0, 180.013, 314.812, 45.1343, 0, 0, 0, 0.868072, 2732.95, 0.742115, 51.1919, 164.615, 0, 0, 0.585477, 0.949469, 408.12, 671.89, 0, 0, 1.21776, 1.48442, 0, 30.0586, 2.24302, 0, 1.12536, 4.25376, 0, 0, 218.252, 0, 32.6209, 44.2614, 0, 313.458, 0, 0, 0, 1.5781, 130.17, 335.768, 0.964935, 0, 0.325828, 0.993316, 10439.3, 0, 127.082, 0, 0, 0.990498, 1.12725, 0, 302.707, 0, 2774.84, 1.23885, 0, 2.83049, 0, 0, 0, 48.6124, 0, 0, 0, 0, 0.771842, 0, 171.411, 0, 0, 1958, 5.34227, 0.863405, 0, 534.435, 0, 1.00634, 0, 0, 0, 2.93285, 0, 0, 0.883891, 0.66183, 0, 74.8636, 0, 0, 0, 20.3964, 1.04973, 1.03046, 1.24269, 0, 0, 0.90947, 888.012, 8.95113, 0, 1.27222, 587.1, 2.5612, 0, 0, 0, 0, 0, 0.93034, 0, 0, 950.667, 0, 585.609, 22.8415, 438.615, 0, 0.821625, 0, 0, 0.997171, 0, 0, 0.899164, 156.085, 0, 0.275629, 1.01517, 3848.79, 19.722, 947.241, 0, 2.55992, 0.225262, 0, 0, 0, 1.5042, 39.2369, 0.985163, 11.5103, 0, 0, 1.4001, 1.00898, 1.03044, 0, 0.641613, 0, 0, 7.26577, 0, 0, 0, 4.98517, 0, 0, 337.477, 0, 49.172, 1.13085, 0, 1367.92, 327.423, 0, 0, 0, 0, 3.46416, 49.5656, 0, 2.20888, 35.279, 0, 0.875982, 353.056, 0, 0, 0, 0, 0.800263, 0, 0, 0, 0, 385.277, 0.484824, 0, 0, 549.874, 0.974312, 0, 0.89249, 5.81575, 0, 0, 0, 320.486, 0.950003, 94.9797, 1.00308, 0, 12.8168, 30.0498, 0.992606, 231.072, 0, 0, 0, 0, 2.79793, 220.979, 0, 0, 0, 1199.73, 0.829065, 0, 298.974, 0, 0, 279.491, 5.08203, 0, 0, 0, 665.693, 0, 0.961117, 0, 0, 209.597, 193.904, 226.649, 114.078, 0, 26.3973, 0, 0, 1936.2, 
n_nonzero: 147

Running time so far: 537.116s

