n_tets: 198
relErr: 0.151182
Selected tets: 10555, 21616, 12946, 21677, 4748, 6996, 23325, 27965, 4263, 12045, 17320, 25683, 19465, 9519, 19914, 12330, 23888, 5093, 21360, 28276, 21477, 726, 19503, 27247, 19660, 8811, 19456, 1518, 11035, 8328, 15796, 13232, 19166, 13409, 6928, 11618, 25707, 19162, 2547, 15300, 2987, 17874, 23620, 1861, 15479, 1269, 22785, 25329, 27418, 10401, 17509, 29299, 4195, 25933, 24111, 12388, 15089, 13391, 10002, 20247, 6697, 16256, 19800, 1543, 21586, 15012, 15261, 18244, 12419, 5851, 4114, 13262, 4087, 12118, 14799, 19346, 18806, 6050, 5897, 19548, 27873, 14866, 12204, 6574, 615, 23457, 14449, 24519, 11464, 5283, 27830, 26024, 26451, 4776, 3022, 22444, 1404, 20672, 4294, 25936, 21442, 23021, 19072, 15701, 2551, 3044, 25426, 22905, 8294, 5524, 10404, 21587, 2827, 14554, 27248, 9885, 14214, 11571, 26472, 15465, 14082, 21181, 14519, 12796, 17326, 12794, 9864, 13331, 4089, 4435, 22616, 14548, 27641, 5693, 1542, 1535, 17875, 11961, 22296, 17872, 25247, 21218, 19661, 3008, 4099, 19164, 2655, 24925, 11924, 26592, 11946, 14, 4806, 20118, 696, 28794, 37, 15723, 27439, 5905, 18733, 25223, 5289, 2367, 19468, 16, 23539, 22121, 13333, 12601, 6716, 14702, 777, 21756, 21881, 8553, 29295, 10155, 24700, 6444, 8653, 18908, 24011, 14869, 10233, 789, 8742, 15862, 8779, 4848, 5006, 28077, 14853, 20638, 18181, 1415, 25225, 19519, 
Weights: 4109.24, 1164.88, 465.227, 618.042, 0, 758.681, 634.743, 0, 1.67788, 13.77, 0.63083, 28.993, 1.02216, 1168.15, 29.8693, 170.179, 73.0719, 129.91, 0.962587, 2531.66, 2.02317, 1516.39, 60.8722, 1.42817, 58.4961, 0, 533.64, 0.909443, 51.3133, 252.948, 0, 6.26205, 0.509627, 0, 11.0589, 0, 289.058, 23.7465, 255.456, 0, 0, 0, 1176.21, 1.52505, 0, 0.433953, 1887.73, 146.737, 1856.62, 36.8865, 575.329, 264.551, 549.279, 0, 1.86336, 0, 1724.75, 195.478, 0.0953463, 570.65, 0, 0, 0.852233, 0.811093, 0.949571, 49.5541, 0, 1519.99, 0, 0, 5.71604, 0, 1.01279, 73.0276, 249.692, 214.337, 0, 0, 182.068, 0, 1037.28, 2.26079, 595.316, 512.934, 0, 2.39046, 52.738, 0, 450.061, 0, 16.5863, 0, 127.74, 0, 0, 0, 449.762, 0, 0, 61.3093, 1.13966, 2.33047, 0, 201.174, 0, 517.893, 0, 0, 1.03412, 3.57374, 50.4764, 0, 0, 0, 5.18651, 0, 33.718, 1.13343, 0, 0, 0, 81.8752, 5.67647, 0.802576, 0, 1.0032, 124.102, 20.2437, 0.992659, 741.623, 0, 1015.07, 934.473, 0, 1.38471, 0, 0, 1.12749, 96.5845, 0.933725, 53.8242, 100.677, 0.728314, 83.2875, 2.12477, 0.987122, 35.0849, 0, 5.67717, 0, 131.314, 584.225, 0, 0.976737, 1.03079, 286.67, 0.987222, 998.09, 0, 0, 0, 0, 1.58149, 0, 0.966938, 0, 0, 0, 1.76865, 0, 0, 3.97202, 37.2092, 0, 0.723037, 0, 20.6422, 0, 79.1497, 0, 1.03959, 0, 0, 0, 0, 0, 0, 0, 0, 1.06252, 0, 372.327, 647.319, 194.149, 0.983498, 0, 0, 552.823, 
n_nonzero: 124

Running time so far: 234.654s

