n_tets: 210
relErr: 0.321394
Selected tets: 32562, 2811, 43286, 18384, 24071, 43879, 16774, 30220, 11939, 42759, 7052, 32003, 35144, 42003, 33866, 29492, 8491, 24035, 42965, 39954, 22963, 4138, 31870, 3748, 12100, 37253, 43894, 39169, 3981, 8750, 28805, 7987, 34335, 1820, 3010, 14249, 41973, 33171, 1548, 5577, 44247, 15450, 16138, 30782, 15187, 2979, 15401, 42531, 22322, 39851, 12243, 20125, 42722, 36310, 10559, 17140, 2881, 18193, 35613, 6158, 14859, 20282, 1614, 20754, 22402, 21249, 44411, 37958, 12145, 31817, 27313, 1617, 8545, 42402, 2808, 34094, 17166, 22361, 20239, 23424, 25091, 3675, 44291, 41901, 22443, 43847, 36484, 32063, 21164, 23010, 44985, 22568, 29135, 16786, 15437, 31085, 15828, 20995, 8104, 29493, 19856, 34505, 8800, 31818, 41983, 22293, 38968, 41986, 38872, 13502, 13860, 9257, 15863, 35680, 13784, 23461, 13783, 22357, 34425, 4284, 44199, 1355, 31852, 39840, 21645, 10464, 44233, 43420, 5461, 18026, 12209, 36115, 3532, 39899, 1076, 44183, 27903, 38853, 29495, 23371, 4723, 14040, 6260, 41971, 3901, 20930, 30753, 44223, 42882, 27475, 18852, 7178, 11694, 20469, 7766, 7341, 15373, 38068, 32044, 32236, 9328, 15858, 4085, 23484, 310, 42311, 14263, 19369, 2382, 37423, 14447, 38754, 30837, 19854, 35495, 12085, 23553, 31828, 19012, 26974, 41990, 18853, 39167, 26374, 11315, 8391, 18714, 40986, 33727, 33142, 30949, 29702, 40118, 29905, 13322, 31833, 6572, 28587, 29286, 6594, 29913, 35515, 44066, 39021, 10420, 9923, 38661, 44055, 31995, 5221, 
Weights: 2219.18, 0, 63.9824, 0, 0, 1.20193, 4.25534, 3569.35, 0, 0, 0, 637.651, 292.782, 1.05065, 1.15031, 2.86837, 0, 383.966, 1095.19, 1.33471, 106.286, 0, 472.102, 1510.47, 1.58721, 0, 1.34497, 0.581002, 3769.48, 0, 0.825823, 0, 18.6382, 1.01545, 75.7715, 0, 1.78685, 101.475, 154.159, 293.798, 32.1895, 190.481, 1.98377, 248.679, 311.685, 0.963956, 814.143, 35.7682, 5.18503, 38.9932, 64.7729, 0, 0, 1765.42, 0, 0.906958, 27.4661, 842.939, 1.00545, 0, 0.813511, 189.774, 0, 0, 5.47412, 247.636, 3.00222, 881.273, 66.3701, 0, 28.9813, 75.057, 1.01396, 102.142, 0, 25.3184, 299.59, 1.64185, 359.153, 18.9786, 1479.86, 0, 0, 2251.88, 0, 52.4398, 0, 90.4111, 808.539, 0, 1.31899, 26.3733, 0.446644, 576.758, 399.392, 0, 0, 218.465, 1003.09, 0, 1.01657, 0, 22.3384, 2.24472, 3.99483, 0, 0, 0.688104, 3.59574, 2.53421, 1.00875, 233.349, 5.81925, 24.8577, 0.965164, 40.3896, 2.78588, 14.1381, 0, 834.211, 13.1047, 25.7566, 1.10179, 0, 328.802, 0, 0, 0, 0.94888, 5.79807, 1.24412, 0, 0, 0, 473.57, 0.881161, 0, 0, 537.088, 0, 1.03528, 0, 531.676, 1.50736, 0, 1.26661, 445.147, 10.5301, 1.08528, 872.427, 0.973003, 1.39511, 1470, 419.408, 5.45379, 0, 0, 153.39, 0, 0, 3.8648, 0.227382, 2.51961, 0.778361, 7.20329, 370.258, 0, 76.4758, 0, 0, 36.0931, 0, 0, 2.01392, 967.336, 0, 0, 0, 593.606, 0, 2.23708, 0, 0, 0, 2.41524, 0.5796, 570.879, 1.33723, 0.934965, 274.958, 5.90941, 0, 68.5226, 0.780599, 0, 2.16641, 0.679839, 28.3806, 1.74298, 0, 2.76934, 0, 22.956, 2.31086, 0.164347, 114.383, 0, 0, 379.96, 23.1227, 
n_nonzero: 144

Running time so far: 143.115s

