n_tets: 36
relErr: 0.165176
Selected tets: 11653, 17340, 29124, 23576, 14512, 19181, 26439, 14755, 7643, 20581, 27376, 9208, 22436, 17370, 29530, 12686, 9765, 5093, 27829, 5223, 10587, 2282, 28753, 4945, 11956, 10685, 27251, 12253, 14924, 23185, 4460, 21799, 19166, 25112, 6928, 19480, 
Weights: 3029.8, 2332.55, 493.007, 0, 0, 0, 1316.82, 0, 0, 5.13283, 1799.68, 1.1135, 0, 2141.36, 0.614142, 3549.5, 1263.66, 348.827, 1.92339, 1198.72, 5293.81, 532.188, 3989.54, 1.50983, 5.72627, 2098.84, 0.99981, 1964.12, 1425.29, 457.107, 1384.53, 1.16035, 0.962075, 26.6165, 545.082, 51.8766, 
n_nonzero: 30

Running time so far: 62.2173s

