n_tets: 177
relErr: 0.765508
Selected tets: 78587, 86988, 33623, 161188, 61692, 46546, 4150, 3641, 1909, 129669, 136564, 73277, 54333, 80171, 88747, 159206, 113565, 85058, 162054, 60598, 162377, 114235, 18061, 3247, 155797, 52848, 155062, 157078, 18091, 40727, 53028, 62263, 45610, 94685, 77350, 69024, 63840, 161161, 115874, 71157, 50678, 3857, 143191, 40776, 126955, 18636, 107290, 146744, 2383, 127460, 39128, 63921, 142523, 2001, 114120, 77067, 70859, 159371, 6198, 1214, 85313, 75546, 310, 98650, 146673, 86030, 46542, 145603, 7828, 134066, 43459, 162252, 128179, 5652, 3520, 131468, 114102, 115471, 73094, 147347, 146275, 49752, 83287, 11731, 114738, 77696, 84102, 101306, 13770, 2937, 47424, 144049, 161522, 76689, 115284, 75410, 5353, 114140, 88234, 27023, 117788, 148327, 75370, 115468, 116752, 65019, 155148, 31474, 146684, 159415, 103372, 67703, 4678, 104618, 73014, 137859, 30689, 37747, 70179, 961, 73999, 125870, 47323, 121160, 103706, 156221, 111771, 85199, 82021, 81976, 104377, 162099, 122340, 50690, 3931, 76918, 3383, 104102, 542, 20059, 164194, 5379, 94329, 75443, 670, 37310, 87714, 38667, 104258, 100633, 4065, 74158, 74245, 87553, 96708, 71307, 159860, 4607, 133263, 134218, 150755, 138167, 21881, 55885, 61709, 34911, 98604, 113122, 126234, 64575, 157359, 150252, 162736, 1674, 3010, 131553, 98127, 
Weights: 2862.91, 8.85812, 8540.53, 398.236, 333.486, 265.366, 10.1187, 20.8797, 0.90168, 1020.71, 0.968463, 4.21658, 114.67, 306.92, 1.10564, 5512.39, 13.8936, 630.211, 1.00868, 0.723073, 3.73842, 4.1753, 16818, 0.214698, 24946.2, 1.77089, 5.62161, 3.09611, 1.58228, 12.0913, 0.509563, 1.26511, 775.831, 1.25186, 1.11499, 1.02773, 903.116, 0.764494, 1.67775, 2.31205, 8.14377, 1604.98, 75.6375, 595.288, 0.810887, 25457.4, 1.11718, 15601, 0.802488, 59.2573, 54.7106, 4.79, 0.440978, 212.806, 0.808036, 1156.68, 4.65014, 15.0333, 36.8248, 308.536, 3.22101, 0.875594, 3.99309, 13.2245, 622.729, 5.37277, 10.414, 10.7131, 685.539, 0.92826, 1.25136, 1295.93, 13.7962, 7.12187, 42.6047, 553.469, 0.980473, 2.15524, 3140.92, 1.04494, 3.37478, 2.85552, 65.0181, 1.35836, 1.03382, 1.01045, 22.429, 1.39231, 1.63311, 0.595306, 1.98872, 1.35123, 190.471, 0.487163, 232.752, 1.05599, 1.8273, 0.603941, 7.67878, 1.04977, 5.3553, 3.27854, 0.136491, 245.138, 102.663, 1.00773, 53.8871, 8.0044, 1.08971, 15903.6, 11773, 8.13029, 0.688019, 9.98939, 1052.72, 1.68045, 77.1571, 3.43319, 0.0296622, 0.919867, 108.101, 1.45955, 0.755077, 1.08816, 11895, 13.6428, 516.732, 0.000925098, 0.953645, 332.79, 8.03201, 175.027, 1047.91, 2280.83, 4021.83, 1.00931, 85.1726, 1750.31, 1.11628, 0.892293, 12.0278, 6277.39, 1.03116, 25920.5, 134.829, 49.0295, 1.76648, 16.8468, 1.02975, 0.781626, 1.82659, 1.09654, 1.97959, 0.954727, 1.26981, 0.771609, 17.0079, 28.8298, 364.792, 0.948152, 3.29429, 0.420749, 5559.75, 0.994163, 1.03876, 21.8595, 1.33181, 1.0342, 0.423129, 1.0004, 1.2876, 626.926, 413.293, 171.448, 0.919326, 2064.97, 5.07096, 
n_nonzero: 177

Running time so far: 756.826s

