n_tets: 36
relErr: 0.378966
Selected tets: 995, 6736, 3302, 3987, 3394, 5919, 5053, 3766, 4748, 2193, 2122, 6506, 5764, 1865, 4146, 1481, 7325, 7320, 3959, 6094, 983, 4455, 1823, 6731, 3811, 2352, 488, 6772, 7227, 66, 6257, 6007, 3897, 2837, 6381, 2097, 
Weights: 929.923, 312.089, 377.776, 114.655, 123.895, 458.887, 85.8783, 1006.27, 484.914, 267.876, 109.173, 688.859, 99.0862, 273.018, 130.092, 235.8, 0.534122, 0.911083, 163.847, 141.587, 194.78, 0.570361, 169.326, 556.018, 131.86, 1.01195, 1.01344, 322.539, 14.2103, 560.032, 52.9114, 100.845, 23.1697, 2.83652, 197.809, 1.12731, 
n_nonzero: 36

