n_tets: 70
relErr: 0.155162
Selected tets: 995, 6736, 3302, 3987, 3394, 5919, 5053, 3766, 4748, 2193, 2122, 6506, 5764, 1865, 4146, 1481, 7325, 7320, 3959, 6094, 983, 4455, 1823, 6731, 3811, 2352, 488, 6772, 7227, 66, 6257, 6007, 3897, 2837, 6381, 2097, 2003, 2113, 6822, 854, 5717, 2379, 5482, 929, 4260, 5442, 5647, 3953, 7480, 3285, 2645, 3423, 7447, 205, 7291, 3554, 1134, 5283, 2773, 7449, 4780, 2781, 2964, 1828, 1942, 5356, 7446, 2662, 7378, 1587, 
Weights: 830.892, 211.261, 129.228, 160.199, 117.707, 416.795, 62.3779, 216.745, 396.475, 123.878, 142.189, 823.158, 70.0863, 144.341, 53.1812, 33.5666, 1.07915, 0.92377, 76.044, 120.244, 113.603, 0.68028, 0, 521.155, 105.603, 1.00901, 1.02324, 254.016, 15.9442, 195.973, 30.5538, 137.821, 25.1382, 1.44836, 350.825, 1.01897, 0.997279, 42.1829, 24.7375, 203.957, 1.05475, 1.37543, 0.272734, 0.998629, 234.9, 0.987806, 0.991622, 1.62831, 0.656596, 0.984595, 231.595, 282.992, 0.933693, 0.968902, 66.9271, 5.10911, 369.652, 1.02141, 142.317, 0.471155, 284.82, 0.995688, 51.488, 66.2882, 2.75545, 11.0121, 3.19049, 1.00337, 96.2523, 97.2979, 
n_nonzero: 69

