n_tets: 40
relErr: 0.376778
Selected tets: 995, 6736, 3302, 3987, 3394, 5919, 5053, 3766, 4748, 2193, 2122, 6506, 5764, 1865, 4146, 1481, 7325, 7320, 3959, 6094, 983, 4455, 1823, 6731, 3811, 2352, 488, 6772, 7227, 66, 6257, 6007, 3897, 2837, 6381, 2097, 2003, 2113, 6822, 854, 
Weights: 948.345, 306.455, 324.801, 146.384, 119.205, 509.823, 114.327, 758.398, 415.753, 267.754, 122.394, 878.265, 77.0314, 220.443, 75.315, 262.764, 0.535153, 0.911513, 142.569, 127.64, 159.779, 0.573004, 51.1805, 589.186, 121.356, 1.01749, 1.0139, 306.258, 14.2315, 560.1, 60.096, 111.319, 23.3572, 2.56631, 190.374, 1.13572, 1.00124, 149.099, 28.5298, 110.801, 
n_nonzero: 40

