n_tets: 84
relErr: 0.134111
Selected tets: 995, 6736, 3302, 3987, 3394, 5919, 5053, 3766, 4748, 2193, 2122, 6506, 5764, 1865, 4146, 1481, 7325, 7320, 3959, 6094, 983, 4455, 1823, 6731, 3811, 2352, 488, 6772, 7227, 66, 6257, 6007, 3897, 2837, 6381, 2097, 2003, 2113, 6822, 854, 5717, 2379, 5482, 929, 4260, 5442, 5647, 3953, 7480, 3285, 2645, 3423, 7447, 205, 7291, 3554, 1134, 5283, 2773, 7449, 4780, 2781, 2964, 1828, 1942, 5356, 7446, 2662, 7378, 1587, 757, 3561, 5450, 489, 7483, 2988, 2756, 1944, 1782, 3087, 838, 1882, 3553, 198, 
Weights: 823.492, 330.902, 68.0277, 163.692, 105.241, 358.281, 37.1723, 0, 370.806, 82.7883, 77.0324, 746.291, 76.7797, 133.068, 48.6934, 41.264, 1.04087, 0.943262, 82.6737, 109.998, 74.972, 0.675788, 27.5316, 496.612, 110.727, 1.00934, 1.06065, 265.934, 14.358, 160.245, 36.5615, 135.012, 10.8552, 1.89973, 329.011, 1.00249, 1.05522, 0, 24.7564, 174.208, 1.00573, 1.35444, 0.368228, 1.00738, 250.476, 0.986463, 0.953817, 0.975381, 0.909683, 0.99107, 221.759, 235.346, 0.954322, 0.960327, 73.3922, 5.9064, 513.605, 1.02257, 37.8846, 0.336228, 338.447, 0.994473, 94.7685, 77.2816, 2.63805, 0, 0.144564, 1.00409, 137.006, 109.655, 11.1976, 3.4875, 1.19357, 208.899, 9.78047, 0.854552, 98.2233, 2.60299, 0.958921, 2425.77, 1.42353, 0.972405, 220.536, 0.371832, 
n_nonzero: 81

