n_tets: 242
relErr: 0.0595048
Selected tets: 13986, 9874, 28312, 13284, 1214, 27342, 6233, 24777, 25350, 11692, 1312, 15251, 11970, 6638, 15836, 26177, 12232, 22738, 4998, 19909, 19835, 19799, 18800, 1088, 9388, 8792, 10521, 18579, 21869, 15721, 6623, 9788, 186, 26553, 20056, 12458, 20950, 21067, 20597, 24495, 27104, 6222, 215, 3129, 4136, 8521, 23166, 15194, 25355, 2064, 2824, 7633, 5419, 1906, 17492, 17558, 1541, 191, 20393, 11877, 24089, 7382, 27757, 10960, 21177, 9228, 11678, 14312, 13939, 5052, 4979, 13407, 22993, 20059, 21061, 17591, 18961, 24762, 19733, 8776, 21175, 19188, 4395, 18922, 17562, 8507, 21683, 13200, 21730, 7716, 4176, 16017, 12656, 29389, 2291, 10248, 22502, 16225, 24080, 4511, 10807, 9106, 23911, 9840, 25841, 5362, 28931, 256, 3857, 23843, 15303, 24964, 723, 22646, 3114, 1210, 24852, 29425, 6932, 14520, 11434, 21181, 12534, 293, 21755, 22435, 17221, 17785, 14797, 29482, 22609, 8294, 19923, 11702, 19083, 26436, 2840, 8550, 18423, 21044, 4142, 2781, 19575, 15904, 1539, 2282, 5816, 8298, 21427, 24205, 14012, 14015, 4153, 22113, 17390, 24144, 23891, 4489, 21777, 23887, 19517, 7318, 6878, 15772, 9748, 8520, 7316, 14262, 8556, 11055, 18952, 17968, 8629, 2784, 11945, 25049, 20607, 17308, 25544, 19082, 6007, 9138, 21586, 20054, 10659, 17522, 12008, 12284, 876, 1206, 9900, 9316, 21517, 12268, 8094, 6436, 20072, 20067, 10455, 24660, 28910, 27456, 19326, 4090, 3312, 6512, 6302, 29350, 18929, 2822, 19510, 8921, 16411, 4324, 10938, 20449, 23880, 16312, 24932, 11895, 5901, 4188, 9112, 12115, 9029, 13771, 12299, 19328, 17994, 11961, 20995, 13923, 8186, 6265, 17302, 16092, 20487, 14988, 10998, 24132, 7317, 22355, 
Weights: 329.793, 0, 150.038, 0, 0, 103.991, 282.766, 1904.94, 367.666, 182.699, 1533.78, 0, 0, 11.3859, 153.721, 211.67, 34.213, 0, 158.5, 0, 54.8389, 0, 0, 0, 0, 347.774, 7.08801, 106.107, 0, 861.234, 0, 0, 53.4008, 14.873, 19.6422, 0, 864.839, 0, 0, 641.709, 0, 807.531, 0, 20.2024, 170.034, 42.7555, 129.092, 392.834, 381.169, 348.112, 0, 403.442, 0, 220.669, 0, 0, 0, 0, 0, 0, 0, 0, 326.575, 21.6855, 1.7084, 0, 358.484, 0, 0, 22.0587, 0, 79.2471, 37.3104, 117.444, 756.446, 138.739, 263.439, 660.046, 35.4093, 0, 0, 275.688, 255.479, 319.424, 338.928, 0, 76.6757, 120.112, 13.5646, 77.5367, 0, 259.783, 287.22, 0, 0, 793.534, 0, 0, 10.7361, 596.856, 107.552, 2074.12, 0, 194.198, 23.4238, 1312.02, 312.208, 153.724, 32.5463, 199.111, 0, 0, 0, 150.643, 51.7776, 0, 0, 0, 0, 379.273, 162.279, 0, 46.3203, 0, 0, 0, 98.8692, 194.356, 79.436, 0, 231.321, 26.1859, 0, 111.996, 0, 6.20949, 319.943, 56.2569, 302.513, 0, 7.00574, 76.7133, 65.532, 198.941, 55.1485, 0, 769.574, 362.548, 665.016, 0, 0, 0, 41.0229, 0, 0.615052, 0, 0, 493.947, 0, 29.3922, 0, 28.9212, 0, 0, 0, 75.6895, 0, 0, 8.43536, 264.522, 87.2699, 0, 110.122, 100.1, 18.43, 0, 268.224, 0, 0, 0, 354.539, 30.562, 0.687627, 32.1861, 763.625, 0, 89.2426, 92.5613, 16.775, 0, 0, 0, 87.3674, 900.002, 128.117, 44.7766, 0, 0, 1059.36, 0, 0, 200.646, 0, 0, 0, 0, 131.199, 0, 328.588, 275.39, 0, 0, 0, 72.9708, 0, 0, 21.7762, 122.305, 83.3096, 47.4457, 61.3785, 0, 0, 87.4475, 0, 97.9165, 44.4664, 39.553, 31.6168, 0, 328.914, 259.426, 156.98, 156.233, 0, 0, 11.0186, 5.74334, 0, 15.5393, 0, 0, 
n_nonzero: 139

Running time so far: 67.2442s

