n_tets: 22
relErr: 0.504878
Selected tets: 21500, 27848, 13245, 1062, 23629, 22890, 26439, 10395, 1762, 13239, 2064, 7179, 9472, 27723, 24981, 25538, 15997, 17901, 5546, 26161, 18850, 4761, 
Weights: 930.276, 18184, 11154, 0, 340.938, 2537.38, 468.235, 0.783374, 408.541, 0, 18.5484, 896.153, 1382.23, 9.91163, 0, 268.739, 290.284, 1821.75, 0, 245.186, 22.6001, 432.713, 
n_nonzero: 18

Running time so far: 7.96798s

