n_tets: 162
relErr: 0.147032
Selected tets: 11653, 17340, 29124, 23576, 14512, 19181, 26439, 14755, 7643, 20581, 27376, 9208, 22436, 17370, 29530, 12686, 9765, 5093, 27829, 5223, 10587, 2282, 28753, 4945, 11956, 10685, 27251, 12253, 14924, 23185, 4460, 21799, 19166, 25112, 6928, 19480, 3092, 14022, 13107, 26027, 22837, 24849, 10400, 3918, 14873, 8521, 25376, 16928, 21411, 12601, 15774, 17871, 16874, 12159, 211, 14017, 13163, 9065, 1531, 2956, 17173, 3391, 5773, 4144, 21586, 2015, 4242, 10516, 3130, 9781, 17745, 21040, 4087, 6192, 18687, 12445, 18806, 18181, 18118, 29685, 25223, 29272, 14235, 13331, 14252, 7433, 4876, 27465, 26924, 24111, 15127, 12545, 1301, 12638, 17226, 27963, 13006, 8509, 4076, 4090, 17307, 29291, 13065, 25831, 13257, 13249, 11066, 17692, 8294, 22721, 58, 16989, 21930, 4862, 19164, 12648, 19562, 21931, 13189, 17545, 21566, 26415, 4158, 3086, 11038, 3042, 25613, 20749, 6798, 3708, 13372, 7471, 1543, 28971, 27681, 20835, 17875, 24336, 41, 6697, 6692, 13255, 24075, 4099, 2562, 1210, 2438, 4138, 5887, 20612, 28775, 29564, 9209, 19028, 18599, 26770, 14870, 2871, 8964, 23758, 2988, 15131, 
Weights: 974.216, 189.444, 0, 0, 0, 0, 0, 0, 0, 3.6872, 0, 1.11851, 0, 1228.91, 0.487506, 948.668, 204.847, 0, 1.91915, 0, 0, 0, 0, 1.56373, 0.23047, 0, 0.99433, 0, 106.012, 0, 0, 1.08754, 0.970329, 34.9552, 38.8506, 37.9445, 0, 206.363, 0, 0, 463.864, 0, 0.976718, 262.926, 867.687, 0.470381, 0, 0, 58.385, 2.98652, 0, 0, 0, 0, 1.0519, 61.0053, 0, 0, 1400.84, 863.837, 540.156, 0, 0, 0, 0.700873, 2709.85, 0.662804, 340.874, 1434.87, 0, 0, 0.510717, 0.954621, 575.656, 133.554, 0, 0, 1.21931, 1.59939, 0, 138.491, 2.14465, 0, 1.12636, 3.90986, 146.116, 0, 922.306, 0, 29.8141, 25.7179, 0, 40.3852, 0, 501.907, 0, 9.00382, 65.7716, 231.097, 0.872508, 926.988, 0.326808, 0.979084, 0, 372.641, 1056.93, 0, 0, 1.44268, 61.9569, 0, 0, 0, 1069.98, 2.75723, 88.5948, 9.37174, 0, 0, 0, 42.8037, 0, 1491.97, 0, 0, 0.772828, 2.49178, 854.695, 185.818, 0, 1782.05, 5.81656, 0.864616, 238.184, 1622.55, 0, 0.997509, 0, 229.091, 523.513, 5.43483, 5225.2, 0, 0.792731, 0.68516, 43.8191, 0, 0, 0, 451.164, 10.0988, 1.04836, 1.02119, 1.35681, 0, 0, 0.748176, 1081.14, 11.1238, 0, 1.21636, 1589.16, 
n_nonzero: 96

Running time so far: 236.94s

