n_tets: 229
relErr: 0.748136
Selected tets: 78587, 86988, 33623, 161188, 61692, 46546, 4150, 3641, 1909, 129669, 136564, 73277, 54333, 80171, 88747, 60598, 162377, 114235, 18061, 3247, 155797, 52848, 155062, 18091, 53028, 45610, 69024, 161161, 115874, 50678, 3857, 40776, 126955, 18636, 107290, 146744, 2383, 127460, 39128, 63921, 2001, 114120, 77067, 159371, 6198, 1214, 75546, 310, 98650, 86030, 46542, 7828, 134066, 43459, 128179, 3520, 131468, 114102, 73094, 146275, 114738, 77696, 101306, 2937, 75410, 5353, 88234, 117788, 148327, 31474, 103372, 67703, 4678, 73014, 137859, 156221, 82021, 81976, 104377, 122340, 50690, 76918, 542, 5379, 75443, 87714, 38667, 100633, 74245, 96708, 150755, 55885, 61709, 34911, 98604, 126234, 162736, 3010, 98127, 19730, 68419, 61246, 161439, 37457, 148938, 157382, 63749, 43836, 155738, 3397, 7842, 125779, 108991, 48618, 122350, 5394, 23840, 83602, 140995, 159848, 48032, 37545, 59774, 84339, 71346, 155041, 131532, 77932, 20943, 91428, 45644, 142525, 122560, 80678, 147923, 73818, 84460, 44003, 41760, 161455, 146240, 1898, 75623, 3472, 19907, 138783, 153706, 54823, 60593, 11167, 563, 3459, 158265, 34073, 112180, 106095, 89874, 114105, 37649, 77160, 155610, 8853, 100767, 69500, 162300, 2426, 100732, 70653, 101261, 129376, 101583, 4963, 41668, 38290, 123453, 96885, 144583, 152255, 162180, 79449, 119747, 147516, 131170, 138881, 86029, 17797, 159253, 162776, 100165, 135162, 80685, 145928, 142434, 161319, 18559, 147922, 160332, 124796, 7888, 43265, 163281, 127811, 126805, 4864, 140784, 16, 47068, 37316, 1662, 135160, 430, 108475, 150284, 137540, 10623, 162833, 99914, 67439, 114361, 3300, 113121, 34518, 103416, 19949, 29007, 53290, 107664, 72884, 114249, 
Weights: 2888.03, 6.86387, 8456.83, 409.778, 332.905, 210.886, 10.2916, 59.9698, 0.877566, 1866.34, 0.967403, 3.09603, 123.608, 281.436, 1.08268, 5424.46, 12.3499, 691.379, 1.01035, 0.70587, 3.73624, 2.28972, 16451.2, 1.18097, 25707.6, 1.78025, 5.62909, 3.72114, 2.04957, 12.3406, 0.499748, 1.28696, 741.33, 2.27653, 1.11702, 1.02217, 754.152, 0.771344, 1.49738, 2.01446, 6.86413, 1257.59, 198.23, 584.896, 1.30329, 22514.8, 1.11765, 17314.7, 0.804996, 59.3942, 48.293, 4.63509, 0.439145, 193.856, 1.03938, 741.735, 4.70636, 15.4124, 35.7182, 408.608, 3.33065, 0.958433, 4.05892, 13.929, 324.562, 5.1868, 10.2666, 9.48668, 460.321, 0.935194, 1.17299, 1036.75, 14.5958, 8.04509, 43.1092, 457.975, 0.960917, 1.6934, 3076.22, 1.04673, 6.21764, 2.72463, 113.651, 1.35598, 1.04278, 1.00997, 33.2429, 1.56028, 1.60163, 0.5997, 6.27253, 1.3558, 185.754, 0.481414, 190.533, 1.03757, 1.81929, 0.613934, 7.80054, 133.02, 1.04204, 4.97771, 1.28201, 0.117111, 98.2981, 1.00266, 54.0069, 8.57272, 1.08885, 15442, 12057, 8.09861, 0.700319, 10.1774, 649.962, 1.79031, 72.4826, 3.42536, 0.0865993, 0.924334, 99.267, 1.47383, 0.752491, 1.11466, 12509.4, 14.6882, 315.133, 0.696367, 0.963333, 254.705, 5.03634, 174.074, 939.495, 2296.17, 3466.75, 1.00529, 78.278, 1441.49, 1.10229, 0.893835, 11.7521, 5714.02, 0.164748, 26598.4, 397.945, 44.7279, 1.73721, 16.3657, 1.0229, 0.795604, 1.45154, 0.987788, 1.68977, 1.15111, 160.996, 36.7748, 73.5722, 274.427, 135.344, 0.972136, 172.14, 6.41978, 137.144, 0.995727, 1.3144, 0.893908, 3.11112, 14.6045, 0.544201, 1.39864, 0.57435, 1.0979, 4.8364, 166.937, 0.045654, 3.43918, 27.8689, 4.22715, 66.3106, 0.858818, 4.29781, 935.507, 1.003, 815.121, 159.855, 68.6516, 93.7588, 1.1234, 0.931335, 1.39814, 1.25418, 5.21018, 336.779, 0.98696, 6.65785, 0.707404, 1.14632, 557.067, 1.96351, 3.46411, 1.05026, 61.7632, 0.356698, 1.03653, 0.961686, 65.1543, 0.176756, 1.00897, 0.968179, 185.115, 162.432, 1370, 29.9052, 1.22759, 10.4818, 21.3677, 0.914934, 134.38, 10.1456, 5.47841, 1.19671, 89.3257, 40.191, 0.832422, 1.05231, 24.2193, 3615.13, 10.9281, 1.42828, 
n_nonzero: 229

Running time so far: 1305.37s

