n_tets: 99
relErr: 0.428245
Selected tets: 21500, 27848, 13245, 1062, 23629, 22890, 26439, 10395, 1762, 13239, 2064, 7179, 9472, 27723, 24981, 25538, 15997, 17901, 5546, 26161, 18850, 4761, 5565, 27606, 22601, 20170, 12812, 17721, 2763, 14933, 20973, 11971, 24234, 3854, 16524, 4933, 15470, 7354, 20470, 23593, 2716, 26312, 15489, 22202, 6495, 19403, 4175, 26183, 25581, 28594, 14670, 7776, 16251, 26302, 4498, 13334, 10833, 23642, 26751, 15401, 6651, 28287, 27213, 10437, 19522, 5873, 5967, 9001, 797, 5789, 26177, 1249, 10457, 25105, 1041, 8851, 16236, 21990, 4960, 14700, 6339, 7218, 5056, 17417, 22733, 16473, 5270, 8120, 15142, 25168, 14245, 22838, 19706, 2303, 5541, 1787, 9988, 25121, 27307, 
Weights: 538.911, 0, 9734.84, 0, 482.685, 1855.94, 443.685, 0.948338, 435.603, 0, 4.1207, 636.093, 1040.81, 5.01243, 50.1862, 0, 269.53, 1017.24, 0, 274.859, 21.1362, 434.196, 133.342, 0.508016, 0, 35.9855, 0, 136.701, 1424.74, 0, 0.197461, 2.08995, 2.47177, 15.8362, 31.8069, 31.4754, 0, 2001.77, 0, 0, 90.8671, 3.6616, 0.790381, 74.6403, 1.91941, 610.309, 123.006, 1.00618, 0, 0, 54.8965, 0, 1.05199, 0, 150.615, 27.9612, 125.982, 33.7737, 345.421, 2.74411, 0.977058, 1.71172, 455.095, 953.032, 0.828602, 133.499, 1491.86, 0, 0, 2813.47, 239.371, 0, 0, 79.1351, 2453.26, 0, 0, 6.05964, 0, 0, 15.8884, 727.855, 2.08365, 0, 666.653, 39.6359, 65.1249, 15.1008, 124.081, 0, 0, 0, 6023.53, 96.7273, 0, 20.6937, 4836.93, 298.524, 0, 
n_nonzero: 70

Running time so far: 28.9191s

