n_tets: 20
relErr: 0.819246
Selected tets: 124375, 109225, 128391, 134415, 59101, 71726, 162993, 137162, 72274, 67506, 96731, 116739, 86123, 80435, 46542, 75932, 22431, 64178, 89393, 142635, 
Weights: 9756.24, 7092.35, 1660.38, 638.162, 4063.89, 6366.98, 28104.4, 31880.9, 4180.6, 8074.02, 2159.45, 13330.1, 897.774, 2245.44, 1.0437, 973745, 87.1887, 2723.33, 2.38517, 0.996375, 
n_nonzero: 20

Running time so far: 109.11s

