n_tets: 93
relErr: 0.131041
Selected tets: 995, 6736, 3302, 3987, 3394, 5919, 5053, 3766, 4748, 2193, 2122, 6506, 5764, 1865, 4146, 1481, 7325, 7320, 3959, 6094, 983, 4455, 1823, 6731, 3811, 2352, 488, 6772, 7227, 66, 6257, 6007, 3897, 2837, 6381, 2097, 2003, 2113, 6822, 854, 5717, 2379, 5482, 929, 4260, 5442, 5647, 3953, 7480, 3285, 2645, 3423, 7447, 205, 7291, 3554, 1134, 5283, 2773, 7449, 4780, 2781, 2964, 1828, 1942, 5356, 7446, 2662, 7378, 1587, 757, 3561, 5450, 489, 7483, 2988, 2756, 1944, 1782, 3087, 838, 1882, 3553, 198, 2212, 1505, 7445, 5823, 2668, 3188, 3426, 3122, 7048, 
Weights: 710.528, 377.806, 24.3772, 165.134, 95.7835, 160.383, 39.4311, 107.108, 337.359, 69.9713, 45.4885, 723.177, 71.1313, 94.8996, 66.342, 58.5767, 1.04306, 0.943241, 71.8496, 110.851, 72.6041, 0.678536, 0, 374.522, 92.0083, 1.00409, 1.06366, 303.209, 14.5241, 193.349, 41.5767, 147.806, 14.8417, 2.04886, 345.638, 1.00024, 1.04635, 31.6737, 11.2903, 176.828, 1.01039, 1.35788, 0.342508, 1.00932, 245.066, 0.990383, 0.954295, 1.561, 0.724085, 0.993104, 229.721, 227.996, 0.966125, 0.981619, 19.5771, 5.85026, 573.407, 1.01888, 0, 0.372423, 319.007, 0.99752, 87.2482, 72.2783, 2.68996, 0.0651521, 0.135184, 1.00399, 165.559, 86.1556, 0, 4.99049, 1.18123, 194.59, 8.65063, 0.820869, 124.763, 2.37211, 0.957642, 1671.99, 1.39858, 0.953006, 0, 0.370582, 141.955, 170.04, 1.14277, 2.28299, 1.27079, 89.4386, 14.6092, 95.326, 13.9418, 
n_nonzero: 89

