n_tets: 70
relErr: 0.0691564
Selected tets: 29127, 663, 19334, 2539, 17312, 25934, 6233, 15770, 23150, 23393, 21534, 19440, 9499, 12040, 9900, 8286, 14089, 5132, 29637, 16013, 9885, 6439, 27103, 1556, 11950, 19167, 26536, 17860, 2187, 12207, 13680, 29504, 14520, 12427, 5898, 3575, 24294, 4103, 1539, 9627, 13058, 17874, 21181, 14917, 6858, 15734, 15047, 8963, 4109, 22990, 12018, 8391, 13923, 11980, 10161, 1221, 6571, 21511, 6642, 14605, 2433, 18051, 2317, 4136, 21177, 25650, 4112, 25027, 11085, 22722, 
Weights: 3057.16, 3311.54, 413.414, 85.7314, 0, 246.754, 921.39, 0, 0, 0, 0, 0, 37.2867, 0, 0, 2056.31, 451.121, 414.64, 467.858, 840.26, 5084.61, 370.065, 0, 581.498, 0, 6.51206, 0, 0, 108.41, 182.442, 724.476, 994.674, 0, 0, 0, 499.013, 0, 0, 328.158, 457.638, 0, 177.554, 74.6518, 0, 368.585, 2845.17, 1805.97, 0.667881, 0, 31782, 151.651, 401.828, 0, 227.187, 2338.37, 138.769, 0, 353.526, 595.791, 692.333, 200.521, 1550.15, 1870.65, 1141.19, 372.669, 303.622, 638.949, 488.295, 0, 0, 
n_nonzero: 46

Running time so far: 41.358s

