n_tets: 11
relErr: 0.418458
Selected tets: 32562, 42675, 7400, 38757, 28732, 43879, 34020, 14663, 14859, 42759, 22443, 
Weights: 5387.24, 9790.36, 8556.83, 1.24981, 10003, 20.2325, 189.358, 1.01102, 2.46967, 38.945, 52.874, 
n_nonzero: 11

Running time so far: 14.8342s

