n_tets: 44
relErr: 0.0640049
Selected tets: 13986, 9874, 28312, 13284, 1214, 27342, 6233, 24777, 25350, 11692, 1312, 15251, 11970, 6638, 15836, 26177, 12232, 22738, 4998, 19909, 19835, 19799, 18800, 1088, 9388, 8792, 10521, 18579, 21869, 15721, 6623, 9788, 186, 26553, 20056, 12458, 20950, 21067, 20597, 24495, 27104, 6222, 215, 3129, 
Weights: 660.92, 667.456, 822.796, 842.4, 0, 2079.11, 762.356, 3336.7, 2830.91, 939.074, 4430.14, 0, 237.549, 435.666, 498.801, 1187.8, 0, 0, 74.8336, 237.661, 192.469, 1091.68, 1248.08, 303.294, 926.439, 1335.09, 449.636, 89.7122, 0, 1433.35, 508.435, 1125.17, 1910.03, 0, 271.895, 792.818, 1322.2, 567.772, 55.2121, 842.864, 221.295, 3379.51, 1316, 72.9832, 
n_nonzero: 38

Running time so far: 9.13303s

