n_tets: 209
relErr: 0.345934
Selected tets: 32562, 42675, 7400, 38757, 28732, 43879, 34020, 14663, 14859, 42759, 22443, 10634, 5978, 37804, 28795, 28803, 32402, 41971, 29320, 20127, 20195, 11336, 44942, 27216, 22250, 1961, 39019, 20950, 16309, 24941, 28091, 39255, 43258, 1820, 33980, 29553, 38698, 38867, 4042, 8391, 31826, 7766, 16138, 3845, 43883, 2979, 24124, 29217, 10435, 21177, 4725, 20125, 17790, 22361, 19515, 36163, 28351, 29877, 21975, 13782, 29410, 18013, 10363, 4301, 8559, 33077, 16720, 37321, 12683, 5310, 10419, 1617, 8545, 39181, 19418, 34555, 18584, 44231, 1634, 2543, 15819, 38626, 28706, 19861, 19504, 38079, 24500, 34060, 33978, 25061, 12813, 42805, 38847, 24400, 43881, 44735, 15828, 26515, 9529, 38938, 38101, 6030, 4723, 31818, 31854, 44288, 21500, 41986, 6077, 13145, 35241, 13885, 43848, 22347, 16513, 13068, 13783, 9176, 13091, 24881, 39288, 16805, 14512, 15569, 4205, 11311, 37438, 6488, 4814, 18026, 14017, 3963, 41982, 18898, 34055, 39884, 41978, 33025, 12113, 1783, 27313, 6489, 6721, 9870, 34337, 28612, 8199, 17061, 8928, 23481, 18852, 39187, 1686, 12138, 18358, 8544, 43702, 38068, 3687, 2802, 29330, 30897, 1953, 23484, 31074, 22114, 29197, 39020, 59, 44638, 16518, 25334, 34016, 28904, 18588, 12085, 1320, 31828, 22894, 23634, 44291, 19841, 39167, 32548, 35144, 43894, 35158, 12876, 34184, 42425, 11176, 29906, 1339, 29905, 765, 18854, 903, 28587, 982, 8810, 12923, 15917, 20428, 39001, 6803, 15327, 2153, 27254, 43889, 
Weights: 1780.68, 6828.94, 47.1403, 0.875974, 4183.95, 18.3228, 88.2142, 0.999295, 2.41544, 0, 64.6365, 1612.63, 167.982, 1.15119, 0.44099, 42.6947, 830.291, 23.0676, 0, 0, 0, 0.493433, 0, 0, 986.419, 1.57416, 0, 420.23, 0, 0, 779.342, 0, 0, 1.09624, 2.43399, 115.093, 0.922855, 0.360113, 539.877, 1.07857, 224.489, 0, 0, 2393.84, 0.78529, 7.38322, 0, 0.879472, 13.8769, 0, 27.0712, 1.0084, 5.41693, 0, 15.4607, 7.20754, 294.38, 0, 28.8305, 0, 0, 1083.58, 999.668, 0, 371.077, 0.918707, 0.958998, 4876.88, 0.699896, 8.17349, 0, 14.1931, 3.28021, 76.8588, 1006.81, 65.7692, 0, 45.1078, 889.962, 0, 716.881, 4.22581, 199.207, 298.549, 193.313, 2709.42, 358.089, 105.618, 139.367, 25.2991, 1.66164, 0, 1.29789, 0, 1.05134, 0, 732.068, 1.13733, 0.942691, 0.956974, 3.76456, 0, 0.388148, 40.7919, 138.215, 0, 2369.74, 0, 0, 1.91564, 1.00849, 2376.09, 4.02841, 0.992776, 63.6421, 0, 4.2689, 1707.71, 0, 515.074, 0, 95.1552, 1082.83, 251.526, 3173.76, 8.69106, 0.205736, 371.555, 2.06442, 17.0042, 0, 1.122, 33.1721, 0, 6.32326, 220.311, 1.3508, 245.547, 1.0407, 12.3099, 3.99604, 0.510754, 112.24, 2.34179, 32.9483, 25.6171, 1041.81, 77.972, 236.693, 18.57, 1.04585, 0.931923, 0, 134.961, 2.09514, 0.981952, 0, 0, 0, 4.53905, 0, 27.5907, 147.969, 2.6878, 0, 0.856796, 0, 0, 48.652, 1.57359, 18.8811, 8.97318, 0, 0, 10.0419, 0, 1.05783, 3.86488, 0.666793, 0, 10.9289, 1.07164, 0.960422, 5.35436, 474.338, 1.03317, 29.5041, 30.5924, 0, 0, 11.269, 0, 0.371039, 1.0205, 0, 0.9775, 0, 1.51648, 0.826122, 352.876, 1.01229, 217.284, 1496.11, 0, 5.76833, 2.79185, 1.38917, 7.13099, 0, 
n_nonzero: 155

Running time so far: 129.352s

