n_tets: 154
relErr: 0.0602753
Selected tets: 13986, 9874, 28312, 13284, 1214, 27342, 6233, 24777, 25350, 11692, 1312, 15251, 11970, 6638, 15836, 26177, 12232, 22738, 4998, 19909, 19835, 19799, 18800, 1088, 9388, 8792, 10521, 18579, 21869, 15721, 6623, 9788, 186, 26553, 20056, 12458, 20950, 21067, 20597, 24495, 27104, 6222, 215, 3129, 4136, 8521, 23166, 15194, 25355, 2064, 2824, 7633, 5419, 1906, 17492, 17558, 1541, 191, 20393, 11877, 24089, 7382, 27757, 10960, 21177, 9228, 11678, 14312, 13939, 5052, 4979, 13407, 22993, 20059, 21061, 17591, 18961, 24762, 19733, 8776, 21175, 19188, 4395, 18922, 17562, 8507, 21683, 13200, 21730, 7716, 4176, 16017, 12656, 29389, 2291, 10248, 22502, 16225, 24080, 4511, 10807, 9106, 23911, 9840, 25841, 5362, 28931, 256, 3857, 23843, 15303, 24964, 723, 22646, 3114, 1210, 24852, 29425, 6932, 14520, 11434, 21181, 12534, 293, 21755, 22435, 17221, 17785, 14797, 29482, 22609, 8294, 19923, 11702, 19083, 26436, 2840, 8550, 18423, 21044, 4142, 2781, 19575, 15904, 1539, 2282, 5816, 8298, 21427, 24205, 14012, 14015, 4153, 22113, 
Weights: 334.049, 0, 885.856, 0, 0, 210.931, 498.117, 2206.17, 625.745, 0, 1663.7, 199.172, 62.3904, 0, 223.363, 749.868, 0, 0, 207.973, 7.25287, 39.924, 59.961, 0, 0, 0, 241.239, 99.6429, 83.5723, 93.32, 990.647, 0, 0, 0, 178.116, 0, 0, 1228.38, 0, 23.9589, 573.934, 0, 1819.31, 0, 21.2275, 11.9065, 59.3779, 110.268, 643.678, 564.771, 133.893, 0, 458.468, 331.87, 0, 0, 425.717, 0, 37.7467, 0, 368.836, 0, 330.883, 308.61, 15.9561, 1.4333, 0, 80.0122, 86.0915, 0, 65.3019, 0, 128.065, 185.742, 445.11, 416.428, 128.689, 130.279, 696.785, 0, 0, 0, 409.461, 72.1412, 343.862, 957.05, 0, 163.902, 0, 218.562, 0, 0, 783.156, 287.272, 76.4992, 0, 751.328, 0, 0, 17.5823, 1141.64, 14.2167, 1894.92, 323.825, 193.525, 0, 1068.4, 351.303, 71.3325, 340.548, 317.076, 0, 0, 0, 126.97, 153.54, 0, 0, 1119.63, 0, 173.91, 170.495, 28.9429, 79.7738, 66.3098, 0, 1590.03, 144.45, 212.697, 154.908, 0, 0, 0, 0, 97.2732, 112.248, 0, 402.538, 53.8032, 416.125, 0, 0, 83.5438, 153.922, 382.288, 180.447, 0, 503.833, 237.64, 342.062, 233.768, 0, 0, 0, 19.4247, 
n_nonzero: 98

Running time so far: 33.5322s

