n_tets: 252
relErr: 0.568614
Selected tets: 109225, 86416, 19065, 23959, 20611, 46163, 21172, 5626, 164053, 22911, 207, 145016, 5469, 587, 71853, 47093, 20132, 124881, 74601, 43764, 43954, 116136, 70744, 162421, 47365, 109863, 158477, 87902, 162730, 154546, 122013, 113089, 120044, 107669, 146025, 70309, 155917, 51586, 125604, 63079, 148199, 108684, 110284, 101291, 142233, 72943, 98066, 43744, 104180, 30846, 151967, 107631, 84390, 37805, 38015, 132317, 108138, 131378, 61009, 15, 42903, 138783, 5580, 46902, 102208, 68774, 1766, 2263, 61608, 140583, 53294, 144318, 6834, 38130, 153555, 98026, 33087, 48465, 48720, 17829, 61700, 68456, 140313, 36366, 100353, 153169, 3323, 92345, 38664, 135343, 91724, 154512, 138093, 67703, 132508, 24866, 97435, 22601, 5566, 70856, 150193, 30365, 93960, 2590, 73191, 143849, 74732, 77903, 27802, 3399, 143398, 112271, 90721, 95987, 7928, 62453, 60117, 62759, 5060, 123520, 88121, 147659, 4987, 143477, 84170, 154499, 24941, 4340, 1471, 36979, 47229, 145213, 88219, 150243, 158937, 96788, 117083, 160024, 100265, 80171, 5807, 107301, 136268, 132250, 23033, 149803, 140786, 52963, 8072, 93715, 139956, 34985, 152543, 88760, 57707, 47526, 46316, 102696, 78203, 30837, 162704, 3659, 44188, 46893, 156760, 151938, 88191, 76003, 103246, 160730, 88690, 129183, 30985, 150391, 11242, 137114, 19060, 163475, 32235, 69240, 95534, 158396, 147927, 87789, 105341, 58928, 98898, 139115, 147926, 44211, 48843, 143092, 139866, 70286, 2012, 3155, 110398, 91837, 158252, 9862, 11135, 101922, 49213, 151829, 106327, 55244, 112961, 5126, 143663, 95554, 98585, 113613, 76742, 87904, 8234, 135389, 162334, 134921, 80069, 72911, 116521, 111133, 161699, 114650, 128017, 121684, 137062, 54734, 81491, 41138, 149092, 84005, 3884, 19076, 34992, 115436, 47068, 131404, 6644, 80727, 126786, 76268, 62786, 120909, 51003, 117426, 65346, 37025, 67438, 4819, 129575, 108754, 
Weights: 538.589, 766.922, 2266.87, 321.974, 1275.61, 0, 0, 3295.15, 0, 6303.33, 196.434, 0, 5069.74, 511.07, 17.0344, 17.4378, 4122.42, 54.6277, 7243.46, 1280.05, 5.07531, 0, 0, 98.9568, 1.28633, 0, 14.213, 13.2089, 29865.3, 2828.69, 22.9281, 2575.06, 362.46, 1224.38, 0, 129.981, 1347.31, 0, 193.592, 2.74858, 0, 0.827377, 6026.22, 0, 0, 96.8195, 127.505, 0, 0, 0.927519, 0, 69893.9, 0, 15149, 253.122, 20980.6, 163.138, 0, 67102.5, 0, 2073.8, 634.019, 0, 1799.07, 0, 1.24836, 0, 0.516795, 0, 230.194, 398.45, 0, 8.38484, 0, 3.24071, 300.698, 0, 0, 1.41743, 0, 11.9657, 1031.01, 707.081, 2093.27, 27.9198, 220.598, 7.44032, 2648.33, 1300.81, 9455.14, 3085.59, 0.727971, 2.62326, 131.528, 5705.5, 2.21913, 6385.51, 0, 0.0775716, 0, 288.197, 7.36546, 72.2035, 0.95471, 1.12327, 10.1096, 0, 0.850147, 321.752, 1.01871, 27.3462, 8364.73, 14.7315, 24.1188, 0, 4.15319, 1.02175, 46.442, 227.547, 3994.05, 0, 12139, 0.90392, 345.826, 3004.02, 10982.4, 9752.37, 0, 0, 0, 2.35367, 21092.2, 0.772644, 0, 0.401711, 24195, 34.4143, 0, 67.789, 1.15549, 2929.19, 0, 1904.11, 0, 18.5203, 0, 32.0474, 1.5145, 264.604, 0, 1.60928, 49.7206, 0, 0, 145.883, 1.0531, 218.252, 2.0453, 3533.11, 0, 1.12039, 330.177, 20.2436, 0, 10578.9, 0, 0.172012, 106.699, 2803.1, 133.706, 0, 67.01, 1.07114, 0, 3420.26, 532.568, 13.3917, 0.642663, 97.8371, 54.087, 1.25478, 6.54899, 0, 1.03051, 0, 0, 0, 276.376, 333.45, 235.306, 26.8891, 0, 1684.46, 0.90954, 0, 349.514, 1032.13, 3002.16, 0.895446, 205.202, 3122.62, 4.58388, 0.731298, 198.352, 856.664, 0, 0, 0, 17.7606, 10.8219, 0.840351, 0, 56842.7, 7655.79, 20.0279, 122830, 460.408, 0, 4.0175, 0, 51.5652, 1508.23, 0, 1.15572, 0, 6.79297, 0, 2075.69, 0, 8816.03, 0, 0, 410.278, 0, 17503.4, 247.523, 0.999196, 330.642, 0, 3.94152, 0, 11.908, 0, 40743.3, 181.458, 0, 0, 0, 238.089, 0, 77.0679, 0, 
n_nonzero: 177

Running time so far: 251.004s

