n_tets: 63
relErr: 0.171621
Selected tets: 10555, 21616, 12946, 21677, 4748, 6996, 23325, 27965, 4263, 12045, 17320, 25683, 19465, 9519, 19914, 12330, 23888, 5093, 21360, 28276, 21477, 726, 19503, 27247, 19660, 8811, 19456, 1518, 11035, 8328, 15796, 13232, 19166, 13409, 6928, 11618, 25707, 19162, 2547, 15300, 2987, 17874, 23620, 1861, 15479, 1269, 22785, 25329, 27418, 10401, 17509, 29299, 4195, 25933, 24111, 12388, 15089, 13391, 10002, 20247, 6697, 16256, 19800, 
Weights: 6360.11, 884.167, 592.842, 1604.45, 402.835, 447.445, 939.242, 0, 1.66398, 12.7393, 0, 861.479, 1.01905, 1425.59, 150.284, 990.73, 194.775, 94.578, 0.983934, 5267.39, 2.03367, 0, 395.564, 1.43642, 33.8815, 305.033, 2223.72, 0.880032, 0, 804.294, 1188.95, 6.14682, 0.508264, 0, 10.068, 419.392, 1416.21, 431.209, 266.236, 170.399, 345.845, 2.37144, 844.831, 1.55502, 50.3835, 0.461028, 3322.23, 3.48851, 1756.42, 32.7246, 175.805, 897.731, 1439.57, 0, 1.82034, 140.227, 1326.62, 204.97, 0.399187, 1103.78, 0, 2676.55, 0.853169, 
n_nonzero: 56

Running time so far: 71.6958s

