n_tets: 252
relErr: 0.136231
Selected tets: 11653, 17340, 29124, 23576, 14512, 19181, 26439, 14755, 7643, 20581, 27376, 9208, 22436, 17370, 29530, 12686, 9765, 5093, 27829, 5223, 10587, 2282, 28753, 4945, 11956, 10685, 27251, 12253, 14924, 23185, 4460, 21799, 19166, 25112, 6928, 19480, 3092, 14022, 13107, 26027, 22837, 24849, 10400, 3918, 14873, 8521, 25376, 16928, 21411, 12601, 15774, 17871, 16874, 12159, 211, 14017, 13163, 9065, 1531, 2956, 17173, 3391, 5773, 4144, 21586, 2015, 4242, 10516, 3130, 9781, 17745, 21040, 4087, 6192, 18687, 12445, 18806, 18181, 18118, 29685, 25223, 29272, 14235, 13331, 14252, 7433, 4876, 27465, 26924, 24111, 15127, 12545, 1301, 12638, 17226, 27963, 13006, 8509, 4076, 4090, 17307, 29291, 13065, 25831, 13257, 13249, 11066, 17692, 8294, 22721, 58, 16989, 21930, 4862, 19164, 12648, 19562, 21931, 13189, 17545, 21566, 26415, 4158, 3086, 11038, 3042, 25613, 20749, 6798, 3708, 13372, 7471, 1543, 28971, 27681, 20835, 17875, 24336, 41, 6697, 6692, 13255, 24075, 4099, 2562, 1210, 2438, 4138, 5887, 20612, 28775, 29564, 9209, 19028, 18599, 26770, 14870, 2871, 8964, 23758, 2988, 15131, 18547, 25219, 3468, 12293, 2092, 9272, 13333, 7319, 3212, 7494, 24074, 25468, 22122, 4379, 247, 6064, 4978, 10886, 1939, 13594, 21540, 14869, 3129, 14108, 8963, 12795, 29093, 5006, 19188, 10087, 8534, 2248, 27931, 2446, 25795, 18900, 8653, 14943, 2812, 2217, 29296, 28782, 9559, 21178, 14879, 23894, 5282, 2822, 25722, 12930, 20491, 21116, 12983, 19992, 13827, 21708, 28958, 22121, 6263, 19404, 22329, 6814, 8573, 20234, 23818, 19328, 18177, 5968, 6880, 12045, 8298, 26308, 5523, 3844, 14012, 17228, 22549, 5417, 1089, 13268, 20166, 9028, 14082, 17803, 23957, 9103, 12580, 11286, 4089, 17783, 
Weights: 0, 339.511, 0, 0, 0, 1054.53, 0, 0, 0, 3.87401, 0, 1.12457, 0, 404.187, 0, 400.786, 266.655, 0, 1.94778, 0, 0, 0, 0, 1.55232, 0.655924, 0, 0.999359, 40.1636, 49.2869, 0, 0, 0.964637, 0.96958, 32.9719, 0, 0, 0, 0, 0, 0, 422.28, 0, 0.980792, 365.202, 594.432, 0.540897, 0, 0, 63.4994, 7.95236, 0, 0, 287.05, 0, 1.05441, 850.118, 0, 0, 989.089, 1128.46, 0, 0, 0, 0, 0.752639, 2386.34, 0.761982, 62.245, 738.558, 0, 80.1853, 0.58542, 0.956204, 824.649, 515.033, 0, 0, 1.2157, 1.42086, 0, 43.8625, 2.1736, 0, 1.1256, 3.90699, 0, 0, 492.375, 0, 29.7251, 44.0054, 0, 161.708, 0, 278.909, 0, 2.03484, 91.3078, 290.134, 0.962571, 0, 0.326101, 0.979158, 4015.89, 0, 526.01, 0, 0, 0.995439, 5.51457, 0, 0, 0, 1140.57, 2.74668, 0, 8.79385, 0, 0, 108.142, 48.4971, 0, 0, 0, 0, 0.766551, 0, 721.174, 0, 0, 2018.34, 6.07824, 0.865587, 270.127, 727.656, 0, 1.00403, 0, 150.161, 0, 2.14208, 0, 0, 0.886457, 0.685913, 0, 55.8039, 0, 0, 309.796, 18.231, 1.04891, 1.02552, 1.30688, 0, 0, 0.911014, 616.91, 10.9731, 0, 1.20323, 794.96, 0, 29.8651, 0, 0, 0, 0, 0.930697, 0, 0, 295.381, 224.491, 365.329, 53.0331, 394.4, 0, 1.3313, 0, 0, 0.995486, 0, 0, 0.924191, 0, 0, 0.280546, 1.00835, 3798.13, 19.4961, 978.875, 0, 4.68272, 0.221335, 0, 0, 35.1187, 1.50477, 39.1625, 0.982439, 11.4544, 0, 0, 1.40401, 1.00869, 1.03378, 135.375, 0.637053, 0, 0, 7.3489, 0, 72.8255, 39.9611, 4.98762, 0, 2792.89, 581.11, 0, 58.7672, 1.09324, 0, 866.028, 969.863, 0, 0, 0, 0, 3.47128, 34.5379, 0, 1.88427, 34.1043, 0, 0.846142, 426.856, 0, 0, 0, 0, 0.988394, 232.546, 13.4607, 0, 0, 149.705, 0.484018, 0, 0, 373.382, 0.973147, 0, 
n_nonzero: 137

Running time so far: 416.9s

