n_tets: 126
relErr: 0.170605
Selected tets: 249002, 300504, 115294, 173416, 216464, 67661, 381863, 388822, 307228, 161633, 259931, 386542, 166703, 73861, 16052, 159116, 209093, 50939, 51631, 34542, 253661, 2257, 155159, 213606, 343630, 417567, 185388, 220283, 135203, 246536, 211127, 388422, 38346, 15029, 127251, 390, 271020, 248004, 126519, 314260, 199316, 125865, 249141, 152948, 80674, 232911, 194442, 7265, 258789, 387932, 93220, 308533, 301075, 213596, 104085, 13444, 368449, 27328, 275890, 204986, 48458, 302146, 312336, 20156, 422593, 313811, 367720, 228208, 21213, 328721, 319118, 93254, 339994, 221968, 373921, 144535, 312385, 251749, 1379, 372877, 73401, 328756, 244, 428170, 250468, 143266, 420411, 395462, 139570, 130436, 353062, 371551, 224135, 401702, 225648, 398601, 4787, 416749, 155955, 14323, 83190, 19673, 17540, 87189, 40205, 615, 99341, 347967, 371558, 327987, 340722, 196739, 361950, 192590, 318882, 349706, 404042, 17341, 419208, 212437, 91467, 353886, 280245, 60530, 376002, 51697, 
Weights: 0, 11911.2, 0, 10991.9, 1066.01, 1035.03, 969.324, 934.361, 3130.23, 8.46382, 733.897, 0, 5585.09, 0, 615.03, 0, 0, 0, 6096.88, 0, 114.25, 0, 0, 381.56, 1426.74, 1917.4, 0, 0, 94.5159, 6484, 0, 0, 0, 471.865, 0, 413.51, 0, 438.112, 0, 0, 2826.29, 41757.3, 1676.88, 7345.02, 0, 20321.3, 0, 283.775, 3124.61, 1772.17, 0, 0, 870.04, 0, 0, 0, 6900, 818.956, 553.188, 0, 0, 0, 0, 279.129, 348.227, 0, 428.587, 0, 0, 0, 1378.21, 0, 0, 271.733, 0, 353.789, 0, 0, 51181.7, 0, 789.584, 0, 0, 7328.8, 47.6942, 0, 0, 555.945, 0, 0, 0, 0, 0, 0, 0, 0, 0, 58237.8, 4129.17, 3913.21, 1787.71, 1256.3, 2074.07, 774.864, 0, 639.521, 0, 0, 3881.57, 3138.33, 31859.7, 0, 56.7307, 27266, 287751, 89.7638, 1568.31, 7962.4, 1986.6, 0, 0, 405257, 0, 51775.2, 0, 0, 
n_nonzero: 64

Running time so far: 164.46s

