n_tets: 228
relErr: 0.139033
Selected tets: 11653, 17340, 29124, 23576, 14512, 19181, 26439, 14755, 7643, 20581, 27376, 9208, 22436, 17370, 29530, 12686, 9765, 5093, 27829, 5223, 10587, 2282, 28753, 4945, 11956, 10685, 27251, 12253, 14924, 23185, 4460, 21799, 19166, 25112, 6928, 19480, 3092, 14022, 13107, 26027, 22837, 24849, 10400, 3918, 14873, 8521, 25376, 16928, 21411, 12601, 15774, 17871, 16874, 12159, 211, 14017, 13163, 9065, 1531, 2956, 17173, 3391, 5773, 4144, 21586, 2015, 4242, 10516, 3130, 9781, 17745, 21040, 4087, 6192, 18687, 12445, 18806, 18181, 18118, 29685, 25223, 29272, 14235, 13331, 14252, 7433, 4876, 27465, 26924, 24111, 15127, 12545, 1301, 12638, 17226, 27963, 13006, 8509, 4076, 4090, 17307, 29291, 13065, 25831, 13257, 13249, 11066, 17692, 8294, 22721, 58, 16989, 21930, 4862, 19164, 12648, 19562, 21931, 13189, 17545, 21566, 26415, 4158, 3086, 11038, 3042, 25613, 20749, 6798, 3708, 13372, 7471, 1543, 28971, 27681, 20835, 17875, 24336, 41, 6697, 6692, 13255, 24075, 4099, 2562, 1210, 2438, 4138, 5887, 20612, 28775, 29564, 9209, 19028, 18599, 26770, 14870, 2871, 8964, 23758, 2988, 15131, 18547, 25219, 3468, 12293, 2092, 9272, 13333, 7319, 3212, 7494, 24074, 25468, 22122, 4379, 247, 6064, 4978, 10886, 1939, 13594, 21540, 14869, 3129, 14108, 8963, 12795, 29093, 5006, 19188, 10087, 8534, 2248, 27931, 2446, 25795, 18900, 8653, 14943, 2812, 2217, 29296, 28782, 9559, 21178, 14879, 23894, 5282, 2822, 25722, 12930, 20491, 21116, 12983, 19992, 13827, 21708, 28958, 22121, 6263, 19404, 22329, 6814, 8573, 20234, 23818, 19328, 
Weights: 0, 183.43, 66.1371, 0, 0, 1032.35, 0, 0, 0, 3.35525, 0, 1.11805, 0, 480.581, 0, 310.324, 206.565, 0, 1.95156, 0, 0, 0, 0, 1.554, 0.736782, 0, 0.999537, 0, 0, 0, 0, 0.963952, 0.969701, 28.0624, 0, 0, 0, 0, 0, 0, 698.184, 0, 0.977081, 241.251, 553.938, 0.511008, 0, 0, 63.0231, 5.46746, 0, 0, 106.344, 0, 1.05334, 364.814, 0, 0, 1114.27, 1342.33, 0, 0, 0, 0, 0.699425, 2424.62, 0.761806, 87.0649, 155.552, 0, 0, 0.58563, 0.955797, 785.877, 472.767, 0, 0, 1.21609, 1.66755, 0, 58.339, 2.14153, 11.6839, 1.12543, 3.89709, 0, 0, 639.079, 0, 29.6928, 42.7425, 0, 36.4814, 0, 510.184, 0, 1.9529, 102.923, 273.313, 0.876405, 0, 0.326025, 0.979758, 4257.32, 427.754, 483.932, 0, 0, 0.99307, 12.8816, 0, 0, 0, 1669.21, 2.7471, 0, 8.70759, 0, 0, 412.337, 48.3823, 0, 0, 0, 0, 0.768936, 3.29845, 854.651, 0, 0, 2123.25, 5.70224, 0.865349, 424.932, 1384.77, 0, 1.00247, 0, 164.055, 0, 2.63124, 0, 0, 0.87691, 0.686516, 0, 313.941, 0, 0, 414.917, 18.1819, 1.05053, 1.02548, 1.32029, 0, 0, 0.929336, 653.432, 11.0425, 1.91147, 1.20871, 916.719, 0, 2.10449, 0, 0, 0, 0, 0.927366, 0, 0, 395.107, 153.484, 108.311, 45.4246, 211.709, 0, 1.25668, 0, 0, 0.995472, 8.18295, 0, 0.91025, 0, 0, 0.283114, 1.04801, 3876.68, 20.0457, 1146.97, 0, 4.4698, 0.245136, 0, 0, 50.901, 1.50144, 39.3289, 0.982744, 11.4062, 0, 0, 1.40348, 1.00994, 1.03237, 149.502, 0.637893, 0, 0, 7.28989, 0, 52.2731, 0, 4.97869, 0, 2945.54, 478.52, 0, 113.856, 1.09321, 0, 756.879, 891.5, 0, 0, 0, 0, 
n_nonzero: 126

Running time so far: 362.643s

