n_tets: 71
relErr: 0.154689
Selected tets: 995, 6736, 3302, 3987, 3394, 5919, 5053, 3766, 4748, 2193, 2122, 6506, 5764, 1865, 4146, 1481, 7325, 7320, 3959, 6094, 983, 4455, 1823, 6731, 3811, 2352, 488, 6772, 7227, 66, 6257, 6007, 3897, 2837, 6381, 2097, 2003, 2113, 6822, 854, 5717, 2379, 5482, 929, 4260, 5442, 5647, 3953, 7480, 3285, 2645, 3423, 7447, 205, 7291, 3554, 1134, 5283, 2773, 7449, 4780, 2781, 2964, 1828, 1942, 5356, 7446, 2662, 7378, 1587, 757, 
Weights: 828.633, 266.756, 119.735, 161.904, 117.893, 408.487, 59.0427, 188.546, 400.731, 133.638, 79.4461, 778.459, 71.0591, 140.171, 61.1862, 28.8841, 1.07921, 0.924146, 83.4308, 122.043, 107.026, 0.679486, 22.1276, 508.965, 104.736, 1.00891, 1.02331, 259.515, 15.927, 150.607, 32.37, 136.584, 25.2466, 1.3297, 347.457, 0.998672, 0.994843, 50.8471, 24.1107, 183.345, 1.05334, 1.37566, 0.256569, 0.997975, 191.027, 0.987578, 0.994252, 1.12288, 0.659738, 0.983101, 217.23, 278.206, 0.934714, 0.96305, 58.6967, 5.11232, 405.268, 1.02064, 149.098, 0.472209, 301.592, 0.994106, 59.4073, 57.0104, 2.79946, 11.0514, 3.20711, 1.00295, 104.628, 115.226, 10.8415, 
n_nonzero: 71

