n_tets: 12
relErr: 0.105434
Selected tets: 56193, 42941, 60605, 13923, 53338, 51984, 61057, 31273, 33536, 8007, 58606, 55505, 
Weights: 718.479, 914.576, 6312.11, 1925.25, 5461.79, 251.61, 129501, 259298, 37710.6, 0, 249.331, 74976.3, 
n_nonzero: 11

Running time so far: 9.79339s

