n_tets: 216
relErr: 0.139509
Selected tets: 11653, 17340, 29124, 23576, 14512, 19181, 26439, 14755, 7643, 20581, 27376, 9208, 22436, 17370, 29530, 12686, 9765, 5093, 27829, 5223, 10587, 2282, 28753, 4945, 11956, 10685, 27251, 12253, 14924, 23185, 4460, 21799, 19166, 25112, 6928, 19480, 3092, 14022, 13107, 26027, 22837, 24849, 10400, 3918, 14873, 8521, 25376, 16928, 21411, 12601, 15774, 17871, 16874, 12159, 211, 14017, 13163, 9065, 1531, 2956, 17173, 3391, 5773, 4144, 21586, 2015, 4242, 10516, 3130, 9781, 17745, 21040, 4087, 6192, 18687, 12445, 18806, 18181, 18118, 29685, 25223, 29272, 14235, 13331, 14252, 7433, 4876, 27465, 26924, 24111, 15127, 12545, 1301, 12638, 17226, 27963, 13006, 8509, 4076, 4090, 17307, 29291, 13065, 25831, 13257, 13249, 11066, 17692, 8294, 22721, 58, 16989, 21930, 4862, 19164, 12648, 19562, 21931, 13189, 17545, 21566, 26415, 4158, 3086, 11038, 3042, 25613, 20749, 6798, 3708, 13372, 7471, 1543, 28971, 27681, 20835, 17875, 24336, 41, 6697, 6692, 13255, 24075, 4099, 2562, 1210, 2438, 4138, 5887, 20612, 28775, 29564, 9209, 19028, 18599, 26770, 14870, 2871, 8964, 23758, 2988, 15131, 18547, 25219, 3468, 12293, 2092, 9272, 13333, 7319, 3212, 7494, 24074, 25468, 22122, 4379, 247, 6064, 4978, 10886, 1939, 13594, 21540, 14869, 3129, 14108, 8963, 12795, 29093, 5006, 19188, 10087, 8534, 2248, 27931, 2446, 25795, 18900, 8653, 14943, 2812, 2217, 29296, 28782, 9559, 21178, 14879, 23894, 5282, 2822, 25722, 12930, 20491, 21116, 12983, 19992, 
Weights: 0, 249.511, 284.781, 0, 0, 1008.59, 0, 0, 0, 3.34375, 0, 1.11806, 0, 237.842, 0, 67.9922, 131.989, 0, 1.95143, 0, 0, 0, 0, 1.55362, 0.364392, 0, 0.999245, 0, 0, 0, 0, 0.962845, 0.969663, 27.7655, 0, 0, 0, 41.9256, 0, 0, 130.363, 0, 0.977221, 391.689, 710.017, 0.510773, 0, 0, 62.0707, 5.49298, 0, 0, 135.748, 0, 1.05344, 747.071, 0, 0, 1153.25, 1230.64, 1443.22, 0, 0, 0, 0.698875, 2972.32, 0.760813, 170.114, 0, 0, 0, 0.583814, 0.95594, 674.441, 438.895, 0, 0, 1.21586, 1.66453, 0, 70.4589, 2.1417, 0, 1.1256, 3.91268, 111.764, 0, 896.386, 0, 28.9671, 42.8112, 0, 59.3577, 0, 307.984, 0, 1.80444, 39.6339, 323.938, 0.875931, 0, 0.3261, 0.980117, 0, 615.216, 233.487, 0, 0, 0.992958, 73.1139, 0, 0, 0, 1337.65, 2.74679, 0, 8.68237, 0, 0, 831.706, 48.3842, 0, 0, 0, 0, 0.772866, 3.29949, 336.738, 0, 0, 2224.43, 5.24363, 0.865306, 664.285, 1463.03, 0, 1.00181, 0, 145.534, 0, 2.63591, 1761.16, 0, 0.877855, 0.69408, 0, 48.2953, 0, 0, 257.067, 18.234, 1.05024, 1.02541, 1.3218, 0, 0, 0.932721, 595.519, 11.0319, 0, 1.19562, 1513.18, 0, 6.53184, 0, 0, 0, 620.112, 0.927346, 0, 0, 487.589, 68.9492, 434.843, 194.133, 244.187, 0, 1.25294, 0, 0, 0.995343, 0, 0, 0.917657, 0, 0, 0.284612, 1.04799, 5219.06, 20.3048, 1078.04, 0, 4.47233, 0.244871, 0, 0, 67.7148, 1.5015, 39.558, 0.981807, 11.3425, 0, 0, 0, 1.0097, 1.03313, 108.049, 0.637885, 0, 0, 7.24923, 44.5274, 0, 0, 4.97817, 0, 
n_nonzero: 119

Running time so far: 337.293s

