n_tets: 189
relErr: 0.064158
Selected tets: 19769, 26370, 25715, 13923, 23203, 22574, 27025, 9146, 28769, 8502, 10745, 18639, 29465, 21592, 5495, 3716, 21991, 3083, 27733, 23928, 27103, 20392, 19595, 9764, 18971, 27882, 12327, 19555, 5285, 18949, 4172, 29299, 13223, 12721, 6078, 28816, 1404, 7754, 12744, 9846, 27990, 17874, 19028, 20877, 10754, 1537, 27514, 15823, 14157, 4354, 2824, 27159, 29186, 9490, 11045, 23341, 5609, 15235, 8071, 20229, 22980, 8572, 21788, 12363, 2402, 10973, 27416, 2289, 22727, 22722, 24552, 18922, 4087, 17761, 18891, 14988, 18731, 20598, 17718, 1415, 6437, 815, 7470, 5543, 12533, 20058, 17875, 13200, 8254, 4561, 12186, 7344, 22465, 27460, 23148, 6472, 22767, 18168, 26850, 4090, 23238, 23021, 17148, 3607, 26409, 12910, 11066, 15696, 3086, 5783, 37, 15624, 11602, 6015, 18991, 13408, 7454, 29075, 19394, 3034, 12117, 21181, 17621, 5200, 21755, 1244, 5797, 32, 6497, 14451, 8691, 11659, 6548, 18733, 24134, 3867, 21930, 24583, 41, 25843, 19617, 2188, 21088, 20615, 2562, 19164, 23762, 19722, 11924, 23082, 7590, 9315, 24075, 11285, 29137, 7377, 11051, 6227, 27439, 6210, 21627, 7228, 25473, 20883, 19471, 1381, 4979, 24007, 19501, 22405, 12583, 4723, 29044, 6587, 19448, 15401, 15001, 16411, 27841, 4037, 4236, 12413, 21586, 6619, 3129, 1016, 8963, 6932, 16832, 
Weights: 1544.52, 1020.99, 489.591, 0, 135.233, 225.633, 0, 0, 762.938, 429.543, 82.5373, 33.2446, 0, 0, 184.034, 172.552, 0, 0, 0, 34.4024, 0, 5.50065, 0, 199.294, 264.288, 0, 313.057, 22.731, 0, 64.3891, 237.915, 120.066, 145.897, 0, 421.102, 0, 507.531, 703.463, 198.363, 138.334, 877.122, 0, 0, 221.25, 0, 57.1842, 187.953, 0, 64.6118, 176.086, 0, 497.226, 371.532, 405.594, 196.282, 90.6929, 0, 43.5045, 0, 125.319, 0, 0, 0, 12.5067, 0.277158, 119.657, 0, 43.9235, 0, 0, 8.84031, 1242.2, 0.971933, 154.219, 0, 0, 0, 0, 3.19507, 260.91, 0, 145.761, 0, 0, 0, 67.8155, 0.844231, 0, 0, 64.7649, 338.108, 21.3273, 1113.06, 115.072, 61.0226, 0, 827.233, 0, 0, 0.957573, 0, 0, 70.9942, 236.809, 0, 270.048, 153.407, 595.59, 0, 0, 222.184, 54.6366, 0, 207.695, 38.3411, 0, 0, 137.063, 0, 237.197, 4.59018, 0, 785.794, 18.4844, 0, 82.5581, 0.0412008, 69.9108, 0, 0, 509.022, 0, 0, 0, 0, 1175.91, 32.5511, 55.1132, 0, 77.4934, 12.0089, 0, 800.161, 41.7098, 123.212, 83.4067, 208.376, 0, 94.4632, 741.549, 0, 0, 0, 732.694, 295.679, 47.7489, 141.315, 0, 221.29, 866.708, 11.1906, 741.733, 242.458, 255.638, 169.659, 189.561, 8692.57, 405.843, 0, 61.6075, 105.595, 661.437, 1161.99, 0, 696.874, 0, 1563.97, 433.666, 0, 0, 149.996, 0, 0, 0, 0, 37.808, 0, 0, 376.758, 
n_nonzero: 114

Running time so far: 93.8555s

