n_tets: 81
relErr: 0.272987
Selected tets: 99, 89, 141, 93, 171, 185, 186, 65, 77, 57, 53, 2, 172, 119, 137, 18, 135, 168, 84, 194, 202, 101, 200, 14, 138, 107, 166, 155, 111, 198, 63, 189, 3, 72, 58, 203, 95, 49, 183, 30, 130, 146, 81, 67, 142, 123, 43, 201, 71, 157, 118, 122, 193, 0, 149, 86, 69, 92, 25, 96, 175, 151, 197, 64, 167, 27, 104, 7, 29, 37, 4, 23, 61, 100, 102, 154, 116, 112, 13, 113, 40, 
Weights: 0, 1.02271, 22.5252, 1.00381, 0, 0.950341, 0.930337, 4.75221, 1.01584, 1.4333, 0, 0, 18.0999, 0.51028, 0.981084, 1.33989, 25.338, 9.48227, 1.00586, 1.00274, 1.23569, 1.93806, 0.591846, 0.394905, 0.233619, 0.941802, 0, 0, 1.03048, 0.838835, 1.12171, 1.89898, 15.3009, 3.83579, 1.55732, 0.849805, 8.46241, 1.53199, 0.971129, 12.0162, 2.20995, 0, 4.68006, 1.81664, 5.48281, 3.68168, 0, 0.144339, 14.3429, 15.1804, 4.16778, 2.98264, 2.28338, 0.406142, 4.33161, 8.87497, 9.30016, 1.48828, 2.4138, 19.28, 18.2219, 2.12115, 0.531809, 149.011, 14.8825, 6.73867, 4.37919, 24.9029, 0.616238, 15.6426, 3.84754, 28.0462, 9.08279, 4.41171, 1.50566, 2.41842, 4.05372, 2.95465, 0.0164892, 4.2277, 4.20895, 
n_nonzero: 73

