n_tets: 63
relErr: 0.192765
Selected tets: 995, 6736, 3302, 3987, 3394, 5919, 5053, 3766, 4748, 2193, 2122, 6506, 5764, 1865, 4146, 1481, 7325, 7320, 3959, 6094, 983, 4455, 1823, 6731, 3811, 2352, 488, 6772, 7227, 66, 6257, 6007, 3897, 2837, 6381, 2097, 2003, 2113, 6822, 854, 5717, 2379, 5482, 929, 4260, 5442, 5647, 3953, 7480, 3285, 2645, 3423, 7447, 205, 7291, 3554, 1134, 5283, 2773, 7449, 4780, 2781, 2964, 
Weights: 899.352, 202.738, 143.052, 176.301, 178.722, 454.275, 85.7527, 305.41, 408.944, 129.435, 139.386, 814.282, 61.0491, 150.968, 36.9984, 102.638, 1.08036, 0.923107, 86.95, 109.085, 109.24, 0.681066, 6.94563, 633.239, 99.7423, 1.00465, 1.02283, 299.516, 16.0624, 249.916, 34.9516, 127.573, 24.1202, 1.67177, 311.27, 1.02951, 1.00331, 27.5975, 31.3782, 209.521, 1.06029, 1.37374, 1.17567, 0.98041, 164.325, 0.981503, 0.996201, 1.33494, 0.681532, 0.99115, 231.365, 303.641, 0.914251, 0.965727, 54.5811, 5.08424, 341.75, 1.02022, 139.085, 0.461818, 252.86, 0.994132, 84.4386, 
n_nonzero: 63

