n_tets: 176
relErr: 0.376842
Selected tets: 21500, 27848, 13245, 1062, 23629, 22890, 26439, 10395, 1762, 13239, 2064, 7179, 9472, 27723, 24981, 25538, 15997, 17901, 5546, 26161, 18850, 4761, 5565, 27606, 22601, 20170, 12812, 17721, 2763, 14933, 20973, 11971, 24234, 3854, 16524, 4933, 15470, 7354, 20470, 23593, 2716, 26312, 15489, 22202, 6495, 19403, 4175, 26183, 25581, 28594, 14670, 7776, 16251, 26302, 4498, 13334, 10833, 23642, 26751, 15401, 6651, 28287, 27213, 10437, 19522, 5873, 5967, 9001, 797, 5789, 26177, 1249, 10457, 25105, 1041, 8851, 16236, 21990, 4960, 14700, 6339, 7218, 5056, 17417, 22733, 16473, 5270, 8120, 15142, 25168, 14245, 22838, 19706, 2303, 5541, 1787, 9988, 25121, 27307, 22758, 27118, 5367, 28123, 24230, 19701, 5322, 6105, 22447, 788, 24371, 514, 5611, 12546, 18677, 22399, 17584, 15196, 5272, 26570, 6448, 7782, 6001, 9622, 19954, 24762, 16167, 24682, 4553, 6030, 2808, 6023, 1436, 6382, 28429, 28325, 17138, 24418, 21635, 3390, 10128, 4570, 15492, 18878, 1948, 13220, 3996, 7089, 20070, 4447, 18428, 24740, 635, 10056, 6121, 27609, 11030, 4054, 21875, 13512, 21400, 17943, 14408, 10462, 21780, 12015, 24751, 19324, 26859, 5433, 2058, 6842, 27812, 13430, 18084, 17718, 24435, 
Weights: 28.982, 0, 3698.52, 0, 0, 2171.27, 407.634, 1.07195, 374.749, 0, 7.1174, 267.802, 755.573, 0, 18.3836, 0, 272.92, 791.544, 0, 319.074, 24.9478, 314.246, 134.255, 0, 0, 0, 0, 48.5799, 450.847, 0, 0.140701, 6.2569, 5.53654, 11.8711, 36.6209, 20.0835, 0, 1946.49, 0, 0.962022, 0, 3.19815, 0.707338, 47.3399, 1.76309, 432.14, 105.542, 1.00647, 0, 0, 0, 0, 1.13914, 0, 8.17266, 26.6941, 449.747, 40.7036, 388.339, 0, 0.973778, 1.67895, 409.348, 0, 0, 103.389, 1230.06, 0, 0, 3462.88, 137.455, 148.259, 0, 81.6059, 728.398, 0, 0, 5.48699, 0, 0, 16.5341, 0, 2.82167, 0, 1446.65, 40.4548, 67.5914, 14.0169, 149.885, 0, 0, 1.33718, 10369.3, 0, 0, 45.4429, 2570.28, 132.535, 0, 3.50156, 31.1753, 492.92, 0.29922, 239.588, 0, 38.3937, 1.249, 22.7941, 1146.96, 41.122, 103.428, 488.146, 904.693, 0, 0, 0.968778, 0, 0, 32.6152, 0, 0, 8.94456, 0, 467.491, 15.3905, 0, 3197.07, 406.174, 0.832615, 114.125, 0, 387.586, 39.6895, 101.141, 75.5202, 0, 0, 530.833, 2.87386, 0, 0, 1.05875, 155.705, 0, 7.79423, 9.73402, 0.737996, 0, 15506.2, 0, 1339.7, 649.608, 894.699, 0.928449, 13.2935, 0, 8.77101, 0, 2247.58, 0, 3.38047, 550.167, 2.63944, 0, 0, 499.114, 0.841826, 0, 1473.96, 0, 116.953, 399.777, 0, 9.42117, 277.986, 2.53472, 
n_nonzero: 114

Running time so far: 55.5097s

