n_tets: 46
relErr: 0.279515
Selected tets: 99, 89, 141, 93, 171, 185, 186, 65, 77, 57, 53, 2, 172, 119, 137, 18, 135, 168, 84, 194, 202, 101, 200, 14, 138, 107, 166, 155, 111, 198, 63, 189, 3, 72, 58, 203, 95, 49, 183, 30, 130, 146, 81, 67, 142, 123, 
Weights: 24.8796, 1.02602, 35.792, 1.00431, 14.3661, 0.960545, 0.954637, 2.06406, 1.0299, 1.44671, 39.0207, 2.0206, 12.9645, 0.478544, 0.988332, 1.3708, 23.5873, 26.4695, 1.0194, 1.0033, 1.28044, 2.02708, 0.569066, 0.389561, 0.240593, 0.957956, 44.5806, 2.54906, 1.02237, 0.866713, 1.19332, 2.17403, 15.4725, 4.34683, 6.05748, 0.902691, 18.9821, 1.73511, 0.947344, 17.6817, 12.5995, 8.86347, 4.88222, 4.66501, 3.7728, 1.75543, 
n_nonzero: 46

