n_tets: 180
relErr: 0.580636
Selected tets: 109225, 86416, 19065, 23959, 20611, 46163, 21172, 5626, 164053, 22911, 207, 145016, 5469, 587, 71853, 47093, 20132, 124881, 74601, 43764, 43954, 116136, 70744, 162421, 47365, 109863, 158477, 87902, 162730, 154546, 122013, 113089, 120044, 107669, 146025, 70309, 155917, 51586, 125604, 63079, 148199, 108684, 110284, 101291, 142233, 72943, 98066, 43744, 104180, 30846, 151967, 107631, 84390, 37805, 38015, 132317, 108138, 131378, 61009, 15, 42903, 138783, 5580, 46902, 102208, 68774, 1766, 2263, 61608, 140583, 53294, 144318, 6834, 38130, 153555, 98026, 33087, 48465, 48720, 17829, 61700, 68456, 140313, 36366, 100353, 153169, 3323, 92345, 38664, 135343, 91724, 154512, 138093, 67703, 132508, 24866, 97435, 22601, 5566, 70856, 150193, 30365, 93960, 2590, 73191, 143849, 74732, 77903, 27802, 3399, 143398, 112271, 90721, 95987, 7928, 62453, 60117, 62759, 5060, 123520, 88121, 147659, 4987, 143477, 84170, 154499, 24941, 4340, 1471, 36979, 47229, 145213, 88219, 150243, 158937, 96788, 117083, 160024, 100265, 80171, 5807, 107301, 136268, 132250, 23033, 149803, 140786, 52963, 8072, 93715, 139956, 34985, 152543, 88760, 57707, 47526, 46316, 102696, 78203, 30837, 162704, 3659, 44188, 46893, 156760, 151938, 88191, 76003, 103246, 160730, 88690, 129183, 30985, 150391, 11242, 137114, 19060, 163475, 32235, 69240, 
Weights: 670.575, 1114.64, 2282.61, 328.114, 5514.47, 0, 0, 3557.99, 0, 11042.2, 211.512, 0, 13664, 413.001, 14.406, 0, 4238.62, 42.0863, 10330, 2743.91, 4.36035, 111.231, 0, 94.4587, 1.27896, 0, 15.5858, 6.97196, 29321.8, 2468.83, 21.8318, 2408.59, 395.661, 1602.15, 266.264, 130.66, 2906.14, 0, 244.832, 2.32278, 0, 0.883686, 5491.42, 0, 0, 116.022, 526.475, 0, 0, 1.96635, 0, 48910.3, 0, 36278, 392.385, 13377.2, 88.3347, 0, 47364.3, 0, 1766.15, 550.503, 818.711, 1033.02, 322.014, 1.07372, 0, 0.434612, 11.0147, 228.387, 22.3578, 0, 8.29818, 0, 2.98794, 283.719, 0, 0, 1.45859, 0.0767522, 10.3809, 1609.85, 1088.89, 1544.22, 105.498, 327.892, 8.1971, 3676.67, 0, 26863.4, 10209.3, 0.721357, 2.19523, 231.707, 5240.34, 2.17784, 6596.44, 7206.84, 2.35932, 0, 322.553, 6.49038, 387.201, 0.953344, 1.11889, 11.4755, 0, 0.850453, 314.467, 1.01713, 29.1647, 8677.33, 14.9932, 46.8269, 72.6712, 0.830526, 1.02517, 46.6255, 242.077, 6764.59, 0, 26237.5, 3.15788, 0, 2716.13, 9751.81, 7964.89, 0, 0, 0, 2.50419, 15873.5, 0.774933, 0, 2.09017, 65711.5, 0, 557.089, 75.372, 1.0687, 4041.15, 0, 2971.18, 0, 19.3008, 0, 21.5345, 1.52219, 111.304, 0, 1.59957, 49.8636, 0, 0, 74.3022, 1.06174, 137.154, 2.01628, 2639.99, 0, 1.11583, 335.705, 20.9491, 0, 13688.5, 0, 0.175272, 81.2656, 2554.19, 123.101, 0, 69.7475, 1.07178, 0, 2919.72, 226.591, 16.0197, 0.646606, 166.563, 103.547, 
n_nonzero: 137

Running time so far: 171.747s

