n_tets: 39
relErr: 0.404888
Selected tets: 25446, 10248, 10457, 5073, 26400, 4188, 19208, 5490, 23752, 17764, 10396, 18093, 21116, 11022, 27637, 23835, 14036, 27024, 11116, 23742, 11381, 23364, 1381, 24972, 18601, 13926, 6043, 13318, 897, 22844, 15735, 3129, 16526, 3854, 4266, 10273, 4054, 17245, 7116, 
Weights: 1802.56, 5489.24, 21.8593, 2113.49, 19940.7, 294.39, 11.4322, 159.421, 3982.52, 0, 0, 501.47, 136.482, 11.9153, 0, 1204.78, 0, 1729.06, 899.983, 25114.1, 0, 0, 0, 67.9887, 0, 53.0766, 2.44996, 0.354825, 0, 7.44612, 0.458577, 1293.22, 0.796323, 0, 715.49, 950.429, 0.331063, 0, 617.098, 
n_nonzero: 28

Running time so far: 12.5969s

