n_tets: 91
relErr: 0.0656126
Selected tets: 29127, 663, 19334, 2539, 17312, 25934, 6233, 15770, 23150, 23393, 21534, 19440, 9499, 12040, 9900, 8286, 14089, 5132, 29637, 16013, 9885, 6439, 27103, 1556, 11950, 19167, 26536, 17860, 2187, 12207, 13680, 29504, 14520, 12427, 5898, 3575, 24294, 4103, 1539, 9627, 13058, 17874, 21181, 14917, 6858, 15734, 15047, 8963, 4109, 22990, 12018, 8391, 13923, 11980, 10161, 1221, 6571, 21511, 6642, 14605, 2433, 18051, 2317, 4136, 21177, 25650, 4112, 25027, 11085, 22722, 20054, 13407, 2550, 16056, 10844, 28817, 29263, 7874, 1018, 2180, 12314, 14017, 18907, 21392, 17871, 17261, 25538, 21565, 5190, 4090, 4481, 
Weights: 2895.08, 2504.92, 272.445, 0, 0, 488.784, 839.573, 0, 108.198, 0, 0, 0, 0, 0, 0, 1604.39, 545.872, 0, 390.314, 813.993, 2659.06, 0, 0, 70.4371, 0, 0, 0, 0, 85.842, 0, 293.781, 993.796, 0, 0, 366.126, 908.16, 0, 0, 136.492, 390.444, 0, 189.72, 0, 0, 188.459, 2604.96, 1948.06, 0.649891, 0, 15137.7, 146.471, 0, 0, 230.089, 3518.74, 0, 0, 876.393, 412.099, 885.697, 0, 0, 2587.18, 1078.54, 325.211, 0, 0, 263.335, 0, 0, 147.164, 295.294, 0, 0, 391.216, 0, 71.4198, 36.0039, 0.349135, 194.896, 570.578, 506.016, 1767.22, 1436.37, 0.987638, 252.584, 0, 0, 283.451, 0, 11.2426, 
n_nonzero: 50

Running time so far: 51.3629s

