n_tets: 100
relErr: 0.22562
Selected tets: 99, 200, 141, 89, 164, 116, 93, 2, 77, 197, 63, 44, 194, 119, 185, 65, 18, 137, 145, 135, 169, 202, 186, 198, 172, 155, 25, 184, 138, 57, 189, 111, 146, 84, 123, 191, 118, 193, 127, 167, 69, 107, 86, 13, 187, 14, 0, 104, 142, 58, 67, 92, 201, 192, 72, 56, 122, 114, 61, 101, 153, 22, 102, 71, 130, 166, 183, 144, 113, 157, 4, 3, 62, 43, 105, 27, 175, 80, 7, 103, 143, 126, 96, 100, 74, 29, 121, 154, 41, 149, 128, 26, 168, 81, 19, 129, 82, 109, 151, 23, 
Weights: 0, 1.20877, 3.01434, 1.00813, 0, 9.95884, 1.07374, 0, 1.01416, 1.42197, 1.13013, 0, 0.861745, 0.504714, 0.916597, 8.71836, 4.30314, 1.06599, 0, 24.7423, 0, 2.86149, 1.03158, 1.06483, 14.0241, 0.874542, 4.36183, 0, 0.522631, 1.20306, 2.26012, 2.33774, 0, 0, 3.16827, 2.58742, 11.3067, 1.89479, 1.78784, 14.5523, 11.6384, 0, 8.18648, 0.0620968, 0.633524, 0, 2.54675, 5.80133, 3.20913, 1.29352, 1.82263, 2.31567, 0.824624, 0.451303, 33.0728, 0, 2.73047, 1.27193, 13.0809, 0, 0, 0, 12.8067, 13.6873, 11.3717, 0, 20.1286, 0, 3.03349, 14.6029, 5.96922, 0, 1.68613, 0, 0, 3.78981, 11.0817, 0, 50.9689, 0.621157, 68.9837, 12.9408, 16.2401, 5.37543, 0, 0.56685, 18.6977, 2.06883, 25.5794, 9.19065, 3.12273, 43.2485, 26.0907, 2.16049, 0.880518, 1.26502, 0.0249408, 0, 3.69295, 4.5841, 
n_nonzero: 77

