n_tets: 240
relErr: 0.112585
Selected tets: 51214, 33828, 1062, 17144, 34560, 57384, 71719, 24860, 79148, 18752, 26715, 54341, 55661, 18058, 79674, 58394, 47832, 65101, 75225, 78581, 38437, 11094, 31923, 65333, 25095, 40130, 52248, 14997, 55192, 55830, 47691, 20698, 60654, 45641, 58865, 6073, 6794, 65212, 50539, 8071, 42782, 6772, 53911, 40232, 61256, 1986, 27703, 1391, 9638, 22689, 60071, 57016, 31921, 26997, 30552, 60817, 40724, 7835, 41435, 40134, 5965, 55309, 16488, 75871, 33069, 59263, 79183, 47310, 65841, 43200, 16312, 77670, 5000, 2555, 33050, 19673, 43048, 4752, 10977, 41150, 66780, 34082, 28668, 46052, 29236, 79852, 6774, 24248, 65126, 40068, 76084, 42294, 2944, 71310, 78538, 42987, 13502, 57367, 12636, 22885, 63886, 51750, 7408, 24715, 9201, 40067, 6952, 57142, 72161, 24144, 23826, 23226, 78348, 22622, 14833, 10844, 60673, 43375, 34139, 76724, 24717, 1011, 67542, 41049, 21716, 45048, 37708, 41971, 52232, 58986, 53965, 12835, 58336, 27793, 52135, 46205, 18808, 67950, 56316, 13144, 65460, 9646, 47594, 56816, 74539, 72082, 16642, 14282, 55233, 36760, 52573, 41382, 40729, 24357, 15103, 15730, 71267, 35673, 44188, 78794, 19718, 57743, 79423, 71029, 7897, 57867, 78666, 14627, 3045, 4642, 50245, 45064, 52079, 9132, 5606, 50502, 46064, 65177, 65171, 71634, 79146, 80280, 26887, 43887, 16515, 54346, 40069, 10111, 35864, 13236, 4237, 22873, 37711, 47323, 76427, 40865, 49213, 41329, 8499, 71786, 63153, 20146, 64004, 75012, 2728, 44940, 31989, 47665, 60513, 24267, 22065, 60816, 63798, 2345, 43235, 11660, 16518, 23203, 64407, 12128, 36748, 50450, 5956, 7357, 45478, 62294, 68851, 63365, 23199, 28902, 22639, 14073, 25089, 47178, 40071, 55820, 29400, 13107, 53479, 2560, 
Weights: 0, 0, 0, 125.501, 0, 0, 0, 0, 0, 0, 143.769, 0, 0, 0, 0, 0, 0, 5684.6, 0, 0, 0, 0, 1.32725, 0, 0, 0, 0, 0, 0, 0, 0, 0, 0, 0, 0, 0, 0, 3.53253, 0, 0, 0, 99.4427, 0, 0, 0, 0, 0, 0, 0, 0, 0, 0, 0, 0, 50.275, 2114.09, 0, 0, 0, 0, 1216.08, 0, 0, 0, 0, 0, 4984.58, 0, 169.415, 68.7534, 977.264, 0, 201.03, 0, 0, 0, 862.041, 0, 0, 0, 0, 0, 0, 0, 0, 0, 0, 747.737, 0, 0.821209, 0.786652, 465.355, 0, 0, 0, 968.469, 5426.12, 62.5363, 0, 0, 0, 29.5801, 9.89042, 0, 0, 20.9302, 0, 0, 0, 0, 0, 0, 1607.25, 9748.57, 7508.42, 0, 995.501, 0, 0, 0, 0, 0, 0, 1353.32, 2347.46, 0, 1.15484, 0, 0, 0, 0, 0, 1241.55, 0, 290.75, 0, 0, 0, 0, 0, 0, 0, 0, 85.9849, 1738.5, 2704.66, 0, 0, 0, 0, 245.065, 0, 0, 0, 0, 125.607, 1821.58, 0, 0, 0, 0, 0, 0, 0, 0, 0, 0, 0, 0, 369.366, 0, 0, 5615.6, 0, 0, 0, 0, 0, 0, 0, 0, 0, 0, 0, 0, 0, 2.18617, 0, 0, 0, 0, 0, 356.208, 0, 0, 0, 0, 2540.99, 15688.6, 0, 0, 0, 0, 0, 1635.51, 93.346, 0, 0, 0, 0, 4187.53, 0, 0, 0, 2516.04, 0, 1.37889, 0, 0, 0, 0, 0, 1329.62, 0, 0, 0, 0, 0, 627.768, 0, 0, 0, 0, 6664.47, 0.777279, 0, 0, 0, 0, 0, 
n_nonzero: 55

Running time so far: 165.822s

