n_tets: 54
relErr: 0.277713
Selected tets: 99, 89, 141, 93, 171, 185, 186, 65, 77, 57, 53, 2, 172, 119, 137, 18, 135, 168, 84, 194, 202, 101, 200, 14, 138, 107, 166, 155, 111, 198, 63, 189, 3, 72, 58, 203, 95, 49, 183, 30, 130, 146, 81, 67, 142, 123, 43, 201, 71, 157, 118, 122, 193, 0, 
Weights: 17.5955, 1.02308, 27.6723, 1.00382, 0, 0.954185, 0.957859, 0, 1.03676, 1.43381, 17.9739, 0, 13.4228, 0.500758, 0.989598, 1.3635, 24.0347, 26.3086, 0.998625, 0.998668, 1.22373, 1.99137, 0.571674, 0.396006, 0.239916, 0.932044, 50.3324, 0.397428, 0.984951, 0.861787, 1.12962, 1.98958, 16.5335, 4.22153, 4.43223, 0.891323, 24.3106, 1.61402, 0.936367, 19.163, 13.8172, 6.88009, 5.24331, 2.43778, 5.32086, 3.39045, 4.78576, 0.124412, 19.0911, 18.4052, 4.9856, 9.2056, 2.45272, 0.44472, 
n_nonzero: 51

