n_tets: 46
relErr: 0.364981
Selected tets: 995, 6736, 3302, 3987, 3394, 5919, 5053, 3766, 4748, 2193, 2122, 6506, 5764, 1865, 4146, 1481, 7325, 7320, 3959, 6094, 983, 4455, 1823, 6731, 3811, 2352, 488, 6772, 7227, 66, 6257, 6007, 3897, 2837, 6381, 2097, 2003, 2113, 6822, 854, 5717, 2379, 5482, 929, 4260, 5442, 
Weights: 959.737, 161.471, 325.583, 140.132, 131.52, 523.664, 108.684, 714.408, 413.291, 253.09, 166.359, 883.738, 78.64, 207.06, 78.1247, 233.557, 1.00058, 0.919917, 128.372, 112.815, 181.729, 0.64834, 0, 586.664, 135.346, 1.01889, 1.01485, 265.854, 16.1729, 486.198, 41.0717, 106.372, 23.0033, 2.71611, 235.01, 1.13743, 1.00183, 156.219, 26.7969, 144.596, 0.945122, 1.36513, 1.21091, 0.974085, 329.398, 0.928905, 
n_nonzero: 45

