n_tets: 198
relErr: 0.0595178
Selected tets: 13986, 9874, 28312, 13284, 1214, 27342, 6233, 24777, 25350, 11692, 1312, 15251, 11970, 6638, 15836, 26177, 12232, 22738, 4998, 19909, 19835, 19799, 18800, 1088, 9388, 8792, 10521, 18579, 21869, 15721, 6623, 9788, 186, 26553, 20056, 12458, 20950, 21067, 20597, 24495, 27104, 6222, 215, 3129, 4136, 8521, 23166, 15194, 25355, 2064, 2824, 7633, 5419, 1906, 17492, 17558, 1541, 191, 20393, 11877, 24089, 7382, 27757, 10960, 21177, 9228, 11678, 14312, 13939, 5052, 4979, 13407, 22993, 20059, 21061, 17591, 18961, 24762, 19733, 8776, 21175, 19188, 4395, 18922, 17562, 8507, 21683, 13200, 21730, 7716, 4176, 16017, 12656, 29389, 2291, 10248, 22502, 16225, 24080, 4511, 10807, 9106, 23911, 9840, 25841, 5362, 28931, 256, 3857, 23843, 15303, 24964, 723, 22646, 3114, 1210, 24852, 29425, 6932, 14520, 11434, 21181, 12534, 293, 21755, 22435, 17221, 17785, 14797, 29482, 22609, 8294, 19923, 11702, 19083, 26436, 2840, 8550, 18423, 21044, 4142, 2781, 19575, 15904, 1539, 2282, 5816, 8298, 21427, 24205, 14012, 14015, 4153, 22113, 17390, 24144, 23891, 4489, 21777, 23887, 19517, 7318, 6878, 15772, 9748, 8520, 7316, 14262, 8556, 11055, 18952, 17968, 8629, 2784, 11945, 25049, 20607, 17308, 25544, 19082, 6007, 9138, 21586, 20054, 10659, 17522, 12008, 12284, 876, 1206, 9900, 9316, 21517, 12268, 8094, 6436, 20072, 20067, 
Weights: 365.824, 0, 492.537, 0, 0, 142.575, 454.983, 1981.24, 466.29, 60.0431, 1639.06, 0, 0, 0, 137.511, 396.718, 54.3077, 0, 179.772, 0, 49.9246, 0, 0, 0, 0, 320.761, 28.0616, 68.8425, 0, 891.409, 0, 386.996, 0, 48.1126, 31.4711, 0, 889.581, 0, 0, 776.413, 0, 1290.47, 0, 1.77029, 74.1509, 146.096, 86.936, 482.525, 429.993, 166.668, 51.0327, 249.669, 50.2887, 143.524, 0, 339.653, 0, 0, 0, 173.332, 0, 104.534, 304.661, 36.4606, 1.68891, 0, 82.1342, 0, 0, 20.9546, 0, 145.352, 71.2469, 158.899, 2421.3, 62.7726, 535.227, 692.239, 0, 0, 0, 323.777, 128.7, 453.994, 768.891, 61.178, 132.889, 98.9759, 101.899, 0, 0, 166.93, 505.676, 0, 0, 770.83, 13.8847, 0, 16.162, 967.538, 68.8318, 993.284, 0, 270.356, 0, 1049.11, 191.599, 80.8237, 6.72253, 309.844, 0, 0, 0, 152.582, 74.4708, 0, 0, 724.643, 0, 393.255, 179.947, 0, 75.8026, 0, 0, 0, 127.025, 145.061, 568.47, 0, 210.822, 0, 173.567, 73.5128, 0, 0, 0, 4.70144, 407.243, 0, 8.86583, 72.309, 0, 441.567, 37.8735, 0, 540.555, 418.015, 644.451, 0, 0, 91.3688, 0, 0, 0.615717, 2.79925, 0, 433.961, 52.8598, 50.4153, 0, 13.3766, 0, 5.49405, 253.586, 107.991, 8.30904, 84.8257, 44.8826, 259.632, 116.226, 51.6059, 117.279, 133.819, 50.8099, 0, 305.97, 0, 0, 151.446, 374.897, 19.4888, 0.689714, 0, 74.0579, 85.1738, 280.707, 46.2291, 19.0699, 50.4349, 1.27725, 0, 52.3408, 537.433, 127.878, 20.4355, 0, 0, 
n_nonzero: 127

Running time so far: 49.0202s

