n_tets: 51
relErr: 0.277991
Selected tets: 99, 89, 141, 93, 171, 185, 186, 65, 77, 57, 53, 2, 172, 119, 137, 18, 135, 168, 84, 194, 202, 101, 200, 14, 138, 107, 166, 155, 111, 198, 63, 189, 3, 72, 58, 203, 95, 49, 183, 30, 130, 146, 81, 67, 142, 123, 43, 201, 71, 157, 118, 
Weights: 17.7792, 1.02365, 29.3697, 1.00465, 0, 0.95416, 0.968822, 2.39542, 1.03103, 1.43624, 21.0704, 0, 13.7115, 0.498561, 0.992214, 1.35952, 24.9048, 26.3553, 0.999994, 1.0005, 1.23638, 1.97958, 0.575593, 0.398175, 0.239056, 0.939571, 48.8816, 0.580061, 1.01442, 0.852047, 1.13378, 1.99568, 15.5358, 4.12944, 4.75107, 0.890577, 23.6727, 1.61606, 0.935772, 19.4214, 13.4993, 6.84492, 4.95018, 2.13133, 3.73223, 3.40409, 5.57863, 0.12513, 16.8561, 18.7536, 3.14038, 
n_nonzero: 49

