n_tets: 114
relErr: 0.786911
Selected tets: 78587, 86988, 33623, 161188, 61692, 46546, 4150, 3641, 1909, 129669, 136564, 73277, 54333, 80171, 88747, 95341, 151770, 163843, 159206, 113565, 85058, 162054, 60598, 162377, 114235, 18061, 3247, 86300, 155797, 157, 52848, 132004, 155062, 157078, 18091, 140885, 40727, 53028, 53386, 62263, 45610, 94685, 77350, 69024, 63840, 161161, 115874, 71157, 50678, 3857, 143191, 40776, 100309, 126955, 18636, 18501, 107290, 146744, 2383, 53707, 127460, 39128, 63921, 142523, 2001, 114120, 77067, 101263, 70859, 159371, 6198, 53607, 1662, 1214, 85313, 75546, 19680, 310, 106383, 98650, 146673, 122407, 120600, 78261, 86030, 79452, 46542, 145603, 7828, 159546, 160880, 121501, 125396, 134066, 147792, 43459, 162252, 128179, 5652, 136800, 3520, 122519, 148583, 66792, 137605, 18989, 145326, 131468, 49774, 163656, 114102, 115471, 73094, 69463, 
Weights: 3477.43, 10.0494, 9616.27, 340.742, 351.579, 286.391, 10.2632, 59.8252, 0.903898, 2288.46, 0.96817, 4.12475, 118.658, 510.447, 1.10989, 4926.34, 12.2336, 676.962, 1.00676, 0.711335, 3.92435, 3.74126, 13473.6, 0.751674, 55007.5, 1.74201, 6.12687, 3.59933, 1.44797, 12.1852, 0.503821, 264.371, 1.28737, 1023.83, 1.2954, 1.11283, 1.02884, 963.969, 0.76488, 1.33292, 1.91946, 7.76507, 1845.19, 36.1266, 818.446, 0.906557, 27496.7, 1.11823, 16925.8, 0.797121, 419.015, 79.0887, 4.77516, 0.433863, 223.717, 0.937665, 1308.19, 4.70208, 13.9041, 38.6987, 285.208, 3.29665, 4.94746, 13.3827, 703.749, 5.35782, 9.85118, 10.4702, 801.938, 0.933248, 1.26214, 2168.13, 13.616, 6.45486, 46.5687, 536.586, 0.98029, 2.19056, 3705.33, 1.0458, 3.11718, 2.80128, 237.992, 52.4827, 1.31204, 1.02818, 1.01074, 18.0826, 1.35793, 1.53632, 0.588475, 11.3783, 1.38384, 207.498, 0.518482, 238.128, 1.05745, 1.83603, 0.344265, 7.68111, 190.464, 1118.02, 68.3917, 0.762084, 1.81864, 0.916654, 1.24027, 10.9036, 30.475, 2.34272, 430.395, 0.882936, 0.664389, 7.65519, 
n_nonzero: 114

Running time so far: 373.631s

