n_tets: 114
relErr: 0.154268
Selected tets: 11653, 17340, 29124, 23576, 14512, 19181, 26439, 14755, 7643, 20581, 27376, 9208, 22436, 17370, 29530, 12686, 9765, 5093, 27829, 5223, 10587, 2282, 28753, 4945, 11956, 10685, 27251, 12253, 14924, 23185, 4460, 21799, 19166, 25112, 6928, 19480, 3092, 14022, 13107, 26027, 22837, 24849, 10400, 3918, 14873, 8521, 25376, 16928, 21411, 12601, 15774, 17871, 16874, 12159, 211, 14017, 13163, 9065, 1531, 2956, 17173, 3391, 5773, 4144, 21586, 2015, 4242, 10516, 3130, 9781, 17745, 21040, 4087, 6192, 18687, 12445, 18806, 18181, 18118, 29685, 25223, 29272, 14235, 13331, 14252, 7433, 4876, 27465, 26924, 24111, 15127, 12545, 1301, 12638, 17226, 27963, 13006, 8509, 4076, 4090, 17307, 29291, 13065, 25831, 13257, 13249, 11066, 17692, 8294, 22721, 58, 16989, 21930, 4862, 
Weights: 2405.16, 1019.94, 0, 51.0342, 0, 0, 0, 0, 0, 3.92126, 337.435, 1.11774, 0, 1257.86, 0.554027, 1462.3, 643.793, 215.13, 1.92121, 136.266, 1003.59, 0, 815.415, 1.48334, 1.19296, 1288.56, 0.999274, 1889.19, 400.644, 68.7066, 0, 1.19341, 0.962528, 38.8993, 0, 21.3239, 48.3736, 199.265, 0, 0, 0, 131.401, 0.974081, 372.21, 149.37, 0.457803, 0, 0, 57.9096, 2.11581, 0, 0, 46.1719, 4.81558, 1.03928, 983.38, 403.63, 0, 1664.87, 1039.84, 0, 0, 0, 2020.55, 0.7003, 1478.4, 0.766727, 286.956, 1735.11, 0, 496.02, 0.52433, 0.96661, 1730.69, 456.959, 0, 0, 1.2314, 1.56646, 0, 0, 2.13892, 0, 1.13032, 4.0802, 237.337, 0, 1120.92, 0, 31.2193, 25.9069, 82.0392, 385.411, 0, 43.0752, 0, 9.07761, 104.853, 275.606, 0.873279, 362.16, 0.325586, 0.960669, 8565.87, 291.624, 972.854, 0, 0, 1.47391, 44.3764, 0, 0, 0, 0, 
n_nonzero: 77

Running time so far: 162.129s

