n_tets: 66
relErr: 0.379994
Selected tets: 32562, 42675, 7400, 38757, 28732, 43879, 34020, 14663, 14859, 42759, 22443, 10634, 5978, 37804, 28795, 28803, 32402, 41971, 29320, 20127, 20195, 11336, 44942, 27216, 22250, 1961, 39019, 20950, 16309, 24941, 28091, 39255, 43258, 1820, 33980, 29553, 38698, 38867, 4042, 8391, 31826, 7766, 16138, 3845, 43883, 2979, 24124, 29217, 10435, 21177, 4725, 20125, 17790, 22361, 19515, 36163, 28351, 29877, 21975, 13782, 29410, 18013, 10363, 4301, 8559, 33077, 
Weights: 2334.4, 8594.79, 2440.22, 1.14958, 4557.23, 13.8343, 146.031, 1.00395, 2.40385, 13.5258, 47.0638, 3587.96, 2714.17, 1.14734, 0.871183, 71.429, 1635.49, 23.4044, 0, 0, 0, 0.499339, 1261.37, 690.019, 5232.35, 1.58006, 1.10993, 456.546, 2.03069, 813.698, 1251.63, 0, 0, 1.07572, 2.90853, 1454.04, 0.937, 0, 458.186, 1.12867, 199.467, 2.99585, 4.98252, 2619.66, 0.570153, 7.09379, 0, 0.835406, 37.2653, 5368.83, 30.1249, 1.00102, 2.32239, 0, 14.1262, 5.77252, 255.472, 0, 26.5189, 6.93565, 0, 1056.03, 1457.22, 0, 376.962, 0.962185, 
n_nonzero: 55

Running time so far: 40.6943s

