n_tets: 91
relErr: 0.357035
Selected tets: 25446, 10248, 10457, 5073, 26400, 4188, 19208, 5490, 23752, 17764, 10396, 18093, 21116, 11022, 27637, 23835, 14036, 27024, 11116, 23742, 11381, 23364, 1381, 24972, 18601, 13926, 6043, 13318, 897, 22844, 15735, 3129, 16526, 3854, 4266, 10273, 4054, 17245, 7116, 23400, 25791, 2721, 15489, 6031, 5092, 7787, 27307, 28552, 4161, 10270, 5192, 8788, 17138, 13389, 21944, 22079, 16676, 23385, 11760, 13846, 17643, 17325, 11672, 22694, 9475, 15456, 4370, 768, 20704, 17529, 6474, 4846, 5565, 6278, 2593, 21998, 21795, 10679, 16158, 4676, 9945, 16454, 26415, 24946, 20654, 16473, 10380, 871, 13107, 19901, 6337, 
Weights: 404.542, 3461.24, 10.6042, 2041.33, 18025.9, 264.353, 11.1651, 96.6738, 4583.73, 0, 0, 493.426, 145.409, 9.62471, 0, 874.284, 0, 1725.3, 527.742, 16032.5, 0, 0, 0, 70.3347, 0, 50.5399, 3.01127, 1.10308, 0, 7.4581, 0.455961, 0, 0.80398, 49.033, 756.956, 2954.84, 0.373737, 0, 465.693, 92.0835, 2.31264, 48.1867, 279.408, 0, 0.148881, 33.4055, 10.4994, 686.258, 2901.35, 0, 0, 0, 6.04797, 11.6434, 240.129, 1226.98, 0, 0, 52.4536, 0, 25.9349, 10782.6, 317.635, 3091.86, 844.968, 1.46437, 0, 191.227, 470.021, 1.5253, 0, 36.692, 8.67397, 9.81917, 1264.96, 0, 9.63466, 10.0709, 52.9019, 0.058573, 6.48207, 0, 0, 29.6364, 16.8692, 250.948, 0, 0, 4.91588, 362.365, 11.4986, 
n_nonzero: 66

Running time so far: 26.4236s

