n_tets: 161
relErr: 0.772911
Selected tets: 78587, 86988, 33623, 161188, 61692, 46546, 4150, 3641, 1909, 129669, 136564, 73277, 54333, 80171, 88747, 163843, 159206, 113565, 85058, 162054, 60598, 162377, 114235, 18061, 3247, 155797, 52848, 132004, 155062, 157078, 18091, 40727, 53028, 53386, 62263, 45610, 94685, 77350, 69024, 63840, 161161, 115874, 71157, 50678, 3857, 143191, 40776, 126955, 18636, 107290, 146744, 2383, 53707, 127460, 39128, 63921, 142523, 2001, 114120, 77067, 70859, 159371, 6198, 1214, 85313, 75546, 310, 106383, 98650, 146673, 86030, 79452, 46542, 145603, 7828, 134066, 43459, 162252, 128179, 5652, 3520, 122519, 148583, 137605, 131468, 114102, 115471, 73094, 147347, 146275, 49752, 83287, 116645, 11731, 108145, 114738, 77696, 84102, 101306, 161828, 13770, 2937, 47424, 144049, 161522, 76689, 115284, 75410, 101527, 163475, 5353, 114140, 88234, 40864, 27023, 117788, 101299, 148327, 153541, 2211, 75370, 115468, 116752, 65019, 155148, 31474, 146684, 159415, 103372, 67703, 4678, 104618, 73014, 137859, 30689, 37747, 70179, 961, 73999, 125870, 47323, 121160, 103706, 156221, 111771, 85199, 82021, 81976, 141882, 104377, 141004, 162099, 122340, 4207, 50690, 3931, 76918, 115554, 3383, 104102, 542, 
Weights: 2737.35, 9.34931, 8515.6, 355.619, 343.578, 240.697, 10.1771, 57.5678, 0.905738, 1285.84, 0.96835, 4.19505, 38.1763, 392.865, 1.10236, 5459.05, 12.4312, 629.545, 1.00609, 0.711903, 3.62932, 3.82207, 16957.3, 0.816558, 17840.2, 1.74787, 6.12819, 1.28583, 1.03558, 12.2538, 0.501537, 1.27308, 804.392, 1.32994, 1.11434, 1.03199, 821.248, 0.777277, 1.67432, 2.25263, 7.88368, 1478.91, 69.4379, 690.194, 0.720548, 25039.2, 1.11729, 13752.5, 1.05505, 466.961, 75.7817, 4.8722, 0.434112, 193.703, 0.811721, 964.292, 4.6337, 14.2011, 35.6503, 254.345, 3.22869, 1.45267, 3.99191, 8.65103, 603.178, 5.25422, 10.0149, 10.3643, 655.909, 0.930568, 1.93191, 875.101, 13.1086, 6.73008, 46.2109, 541.974, 0.961136, 1.82135, 3338.57, 1.04677, 3.26686, 2.86303, 116.896, 1.35748, 1.02645, 1.00925, 22.1121, 1.3082, 1.59146, 0.588309, 6.65203, 1.35014, 190.476, 0.481251, 209.599, 1.05735, 1.83634, 0.592582, 7.70134, 246.514, 1.04973, 5.79323, 1.30198, 0.1104, 267.497, 96.8249, 1.00755, 55.5643, 8.83441, 1.08941, 17167.2, 11046, 8.56296, 0.647851, 10.2613, 922.378, 2.0561, 103.561, 3.45677, 0.115244, 0.927257, 103.319, 1.45633, 0.755805, 1.09103, 11511.6, 13.2634, 384.348, 0.951235, 336.813, 8.17035, 173.072, 1300.99, 1846.61, 4861.13, 1.01273, 79.3214, 1515.83, 1.11686, 27.0821, 1.50834, 113.014, 484.059, 0.99845, 1777.58, 891.691, 0.560335, 2.4676, 34.7675, 27.2467, 6963.69, 1779.96, 132417, 428.31, 6.37712, 1.06898, 0.769625, 0.273088, 1.86421, 1.53156, 58.7849, 
n_nonzero: 161

Running time so far: 628.076s

