n_tets: 31
relErr: 0.387978
Selected tets: 995, 6736, 3302, 3987, 3394, 5919, 5053, 3766, 4748, 2193, 2122, 6506, 5764, 1865, 4146, 1481, 7325, 7320, 3959, 6094, 983, 4455, 1823, 6731, 3811, 2352, 488, 6772, 7227, 66, 6257, 
Weights: 1059.38, 285.819, 456.508, 110.528, 139.961, 406.499, 124.626, 894.094, 485.192, 272.035, 121.896, 660.011, 105.377, 247.301, 164.673, 347.188, 0.531843, 0.911098, 172.619, 138.925, 210.61, 0.567373, 218.87, 571.026, 121.798, 1.01268, 1.00737, 258.47, 14.4377, 569.706, 38.9379, 
n_nonzero: 31

