n_tets: 88
relErr: 0.375755
Selected tets: 32562, 42675, 7400, 38757, 28732, 43879, 34020, 14663, 14859, 42759, 22443, 10634, 5978, 37804, 28795, 28803, 32402, 41971, 29320, 20127, 20195, 11336, 44942, 27216, 22250, 1961, 39019, 20950, 16309, 24941, 28091, 39255, 43258, 1820, 33980, 29553, 38698, 38867, 4042, 8391, 31826, 7766, 16138, 3845, 43883, 2979, 24124, 29217, 10435, 21177, 4725, 20125, 17790, 22361, 19515, 36163, 28351, 29877, 21975, 13782, 29410, 18013, 10363, 4301, 8559, 33077, 16720, 37321, 12683, 5310, 10419, 1617, 8545, 39181, 19418, 34555, 18584, 44231, 1634, 2543, 15819, 38626, 28706, 19861, 19504, 38079, 24500, 34060, 
Weights: 2888.08, 8066.64, 1370.39, 1.14634, 3950.4, 13.6427, 121.617, 0.996718, 2.39598, 0, 52.5842, 3083.06, 709.958, 1.14873, 0.513287, 63.2435, 0, 23.163, 0, 0, 0, 0.507339, 0, 500.328, 2602.57, 1.58122, 0.989029, 414.389, 1.8003, 3084.58, 1433.8, 0, 0, 1.07379, 2.90778, 666.376, 0.936935, 0, 377.706, 1.13172, 200.664, 2.59162, 0, 4965.63, 0.574471, 7.28804, 0, 0.837502, 41.0261, 2772.32, 28.5181, 0.99614, 2.2912, 0, 13.5997, 5.60226, 472.962, 0, 26.5139, 0, 0, 955.015, 681.939, 145.165, 269.349, 0.971851, 0.962259, 0, 0.672316, 8.19515, 0, 34.0606, 2.686, 76.32, 1367.1, 1789.09, 0, 60.762, 1215.23, 0, 1377.9, 1.34448, 0, 688.225, 446.981, 3969.33, 0, 99.0495, 
n_nonzero: 67

Running time so far: 51.8046s

