n_tets: 150
relErr: 0.150658
Selected tets: 11653, 17340, 29124, 23576, 14512, 19181, 26439, 14755, 7643, 20581, 27376, 9208, 22436, 17370, 29530, 12686, 9765, 5093, 27829, 5223, 10587, 2282, 28753, 4945, 11956, 10685, 27251, 12253, 14924, 23185, 4460, 21799, 19166, 25112, 6928, 19480, 3092, 14022, 13107, 26027, 22837, 24849, 10400, 3918, 14873, 8521, 25376, 16928, 21411, 12601, 15774, 17871, 16874, 12159, 211, 14017, 13163, 9065, 1531, 2956, 17173, 3391, 5773, 4144, 21586, 2015, 4242, 10516, 3130, 9781, 17745, 21040, 4087, 6192, 18687, 12445, 18806, 18181, 18118, 29685, 25223, 29272, 14235, 13331, 14252, 7433, 4876, 27465, 26924, 24111, 15127, 12545, 1301, 12638, 17226, 27963, 13006, 8509, 4076, 4090, 17307, 29291, 13065, 25831, 13257, 13249, 11066, 17692, 8294, 22721, 58, 16989, 21930, 4862, 19164, 12648, 19562, 21931, 13189, 17545, 21566, 26415, 4158, 3086, 11038, 3042, 25613, 20749, 6798, 3708, 13372, 7471, 1543, 28971, 27681, 20835, 17875, 24336, 41, 6697, 6692, 13255, 24075, 4099, 2562, 1210, 2438, 4138, 5887, 20612, 
Weights: 1351.77, 641.247, 0, 0, 0, 0, 0, 0, 0, 3.90507, 8.1931, 1.11822, 0, 1183.89, 0.49172, 1111.28, 242.162, 173.911, 1.91923, 0, 916.84, 0, 0, 1.56757, 1.73101, 697.185, 0.996521, 836.399, 259.194, 90.5525, 0, 1.10795, 0.961387, 39.1505, 74.448, 21.6488, 0, 167.418, 0, 0, 347.806, 0, 0.976129, 521.948, 592.455, 0.470515, 0, 0, 62.9317, 2.81147, 0, 0, 398.055, 0, 1.04091, 507.533, 372.785, 0, 2042.19, 1113.55, 0, 0, 0, 0, 0.70246, 1613.8, 0.748378, 320.127, 746.222, 0, 197.069, 0.543021, 0.961166, 1296.33, 0, 0, 0, 1.21977, 1.57316, 0, 121.247, 2.14511, 0, 1.12717, 3.9794, 94.0403, 14.1136, 364.424, 0, 22.5514, 26.1656, 0, 225.525, 0, 430.338, 0, 10.8003, 100.688, 273.274, 0.873628, 393.242, 0.325527, 0.982034, 0, 318.915, 1055.22, 0, 0, 1.46897, 54.2253, 0, 734.789, 0, 0, 2.82214, 0, 9.45031, 0, 0, 0, 42.9181, 0, 628.804, 0, 0, 0.760093, 2.47921, 0, 125.486, 0, 1326.13, 7.78411, 0.864159, 100.768, 970.106, 0, 0.998848, 0, 217.142, 975.481, 5.40066, 16662.4, 0, 0.796693, 0.756567, 0, 0, 0, 0, 759.89, 
n_nonzero: 92

Running time so far: 217.292s

