n_tets: 144
relErr: 0.150991
Selected tets: 11653, 17340, 29124, 23576, 14512, 19181, 26439, 14755, 7643, 20581, 27376, 9208, 22436, 17370, 29530, 12686, 9765, 5093, 27829, 5223, 10587, 2282, 28753, 4945, 11956, 10685, 27251, 12253, 14924, 23185, 4460, 21799, 19166, 25112, 6928, 19480, 3092, 14022, 13107, 26027, 22837, 24849, 10400, 3918, 14873, 8521, 25376, 16928, 21411, 12601, 15774, 17871, 16874, 12159, 211, 14017, 13163, 9065, 1531, 2956, 17173, 3391, 5773, 4144, 21586, 2015, 4242, 10516, 3130, 9781, 17745, 21040, 4087, 6192, 18687, 12445, 18806, 18181, 18118, 29685, 25223, 29272, 14235, 13331, 14252, 7433, 4876, 27465, 26924, 24111, 15127, 12545, 1301, 12638, 17226, 27963, 13006, 8509, 4076, 4090, 17307, 29291, 13065, 25831, 13257, 13249, 11066, 17692, 8294, 22721, 58, 16989, 21930, 4862, 19164, 12648, 19562, 21931, 13189, 17545, 21566, 26415, 4158, 3086, 11038, 3042, 25613, 20749, 6798, 3708, 13372, 7471, 1543, 28971, 27681, 20835, 17875, 24336, 41, 6697, 6692, 13255, 24075, 4099, 
Weights: 1345.09, 628.413, 0, 0, 0, 0, 0, 0, 0, 3.88424, 3.64445, 1.11822, 0, 1262.65, 0.492465, 1046.06, 233.403, 140.929, 1.91921, 0, 734.765, 0, 0, 1.56763, 1.28514, 621.132, 0.996507, 882.613, 266.666, 164.184, 0, 1.10816, 0.96138, 39.2715, 51.3662, 21.6801, 0, 143.395, 0, 0, 275.3, 78.8613, 0.976259, 414.596, 635.992, 0.470271, 0, 0, 62.846, 2.83595, 0, 0, 437.701, 0, 1.04083, 500.008, 368.26, 0, 1859.15, 1241.85, 0, 0, 0, 0, 0.702298, 1766.88, 0.747997, 343.035, 707.174, 0, 206.228, 0.543034, 0.960986, 1260.62, 90.6148, 0, 0, 1.21979, 1.57515, 42.2385, 111.742, 2.14502, 0, 1.12712, 4.04185, 144.193, 0, 347.255, 0, 31.7048, 26.3253, 0, 212.311, 0, 446.962, 0, 10.7667, 114.255, 271.535, 0.873525, 483.388, 0.325557, 0.963021, 0, 307.639, 942.562, 0, 0, 1.46899, 59.1728, 0, 744.335, 0, 130.432, 2.82166, 0, 9.44892, 0, 0, 0, 42.9053, 0, 505.156, 0, 0, 0.760518, 2.481, 221.103, 163.361, 0, 1355.84, 7.68889, 0.86413, 161.219, 971.159, 0, 0.998703, 0, 233.079, 857.27, 5.40234, 15670.8, 0, 0.796245, 
n_nonzero: 94

Running time so far: 207.767s

