n_tets: 28
relErr: 0.393866
Selected tets: 995, 6736, 3302, 3987, 3394, 5919, 5053, 3766, 4748, 2193, 2122, 6506, 5764, 1865, 4146, 1481, 7325, 7320, 3959, 6094, 983, 4455, 1823, 6731, 3811, 2352, 488, 6772, 
Weights: 1147.33, 522.259, 479.062, 106.956, 246.779, 396.536, 103.112, 920.87, 645.151, 286.33, 253.965, 619.137, 107.017, 241.408, 140.889, 412.995, 0.538255, 0.913683, 100.632, 143.195, 289.331, 0.576977, 250.611, 576.176, 120.006, 1.01885, 1.01357, 226.956, 
n_nonzero: 28

