n_tets: 7
relErr: 0.107022
Selected tets: 29127, 663, 19334, 2539, 17312, 25934, 6233, 
Weights: 8468.01, 14981.5, 2787.17, 1496.33, 89107.2, 2312.54, 378.658, 
n_nonzero: 7

Running time so far: 9.56582s

