n_tets: 60
relErr: 0.220978
Selected tets: 13417, 13808, 28312, 14069, 12972, 8258, 18944, 8070, 481, 15775, 21730, 13395, 25325, 4033, 14210, 4406, 28758, 3292, 10851, 23758, 19900, 6591, 14973, 28694, 28842, 9171, 13131, 19233, 2668, 27964, 22780, 12583, 186, 25112, 5552, 2931, 25758, 2253, 27971, 14506, 13058, 21692, 6449, 11962, 5801, 25739, 11593, 17718, 14157, 5185, 24834, 6697, 808, 12454, 12031, 26393, 5141, 24502, 13201, 4846, 
Weights: 301.809, 974.756, 1358.84, 0, 622.617, 3897.14, 692.101, 319.326, 1310.85, 1.0289, 92.9347, 100.524, 201.061, 279.224, 8126.84, 711.556, 95.6022, 343.645, 2831.44, 740.356, 500.831, 268.315, 85.9209, 750.759, 651.684, 459.394, 379.724, 267.905, 136.237, 764.074, 1055.73, 87.1409, 536.355, 353.349, 648.661, 67.7454, 28.5177, 134.52, 0.804685, 388.304, 1.00804, 0.986245, 374.173, 105.108, 1785.39, 820.621, 106.428, 245.597, 85.2543, 418.972, 0, 54.8794, 0, 1014.61, 555.924, 8694.21, 1917.11, 594.701, 487.323, 125.826, 
n_nonzero: 57

Running time so far: 21.0075s

