n_tets: 30
relErr: 0.389101
Selected tets: 995, 6736, 3302, 3987, 3394, 5919, 5053, 3766, 4748, 2193, 2122, 6506, 5764, 1865, 4146, 1481, 7325, 7320, 3959, 6094, 983, 4455, 1823, 6731, 3811, 2352, 488, 6772, 7227, 66, 
Weights: 1087.89, 362.698, 452.215, 109.802, 154.907, 443.698, 153.612, 647.497, 514.32, 282.361, 129.665, 994.993, 104.818, 241.507, 159.456, 346.538, 0.540298, 0.917152, 160, 137.146, 265.604, 0.586411, 267.964, 564.249, 125.905, 1.02757, 1.00806, 222.397, 14.3347, 528.02, 
n_nonzero: 30

