n_tets: 12
relErr: 0.107506
Selected tets: 235796, 269544, 362937, 298539, 381300, 26069, 233619, 388822, 143254, 29257, 129749, 245011, 
Weights: 47371.9, 6313.08, 1.66346e+06, 125762, 2075.98, 3655.02, 5638.79, 2850.11, 7.15894e+06, 831595, 2119.37, 16300.6, 
n_nonzero: 12

Running time so far: 43.7793s

