n_tets: 325
relErr: 0.0991275
Selected tets: 10627, 18711, 3267, 3330, 20119, 42460, 24063, 44641, 18271, 7005, 34905, 26526, 31186, 41800, 11439, 8472, 11381, 32955, 38458, 30908, 29783, 37525, 31135, 29877, 23963, 2985, 40461, 3178, 4873, 7354, 38196, 28967, 28129, 20028, 27914, 11673, 35294, 14390, 7435, 31416, 19641, 17393, 14017, 26739, 14692, 42438, 6696, 27940, 560, 9096, 25457, 14260, 22491, 35862, 14184, 2722, 1031, 36486, 784, 16052, 20446, 21175, 39842, 13027, 41911, 16997, 25208, 21730, 7771, 11937, 18292, 18909, 28389, 26485, 3512, 3206, 28349, 35183, 11548, 23703, 35425, 12279, 25535, 17061, 31087, 28695, 1373, 39978, 15365, 40422, 12458, 24893, 37672, 24511, 41057, 38250, 24616, 16302, 17907, 17341, 22257, 18038, 12342, 30469, 18913, 32809, 39177, 24689, 10871, 15596, 39732, 38186, 12614, 115, 4052, 41411, 24715, 12259, 9533, 17585, 16205, 29136, 16691, 24698, 14778, 3365, 5578, 29832, 38302, 37575, 38416, 2559, 35627, 20422, 5939, 44910, 37709, 2353, 7749, 14837, 17984, 37481, 20557, 38892, 30846, 7631, 13693, 38877, 13796, 868, 30352, 13070, 20994, 10622, 39509, 23449, 28104, 12818, 29708, 14830, 9453, 10498, 1953, 14008, 24564, 13984, 30350, 35158, 16296, 3678, 45123, 7769, 20056, 39877, 42823, 30875, 1882, 9766, 22865, 8330, 41063, 2448, 41060, 24691, 1514, 27364, 1474, 39299, 24553, 43002, 38838, 33335, 27166, 11580, 3883, 19350, 6521, 8983, 38577, 15360, 17734, 40016, 29097, 39756, 23013, 13831, 9286, 39856, 28459, 14702, 31109, 40431, 14351, 31389, 39752, 30465, 21464, 3881, 35171, 31088, 39034, 859, 30780, 12587, 19199, 37438, 14497, 30865, 33726, 29566, 18154, 4839, 18674, 27632, 28454, 24285, 31702, 44758, 30971, 3321, 29253, 20286, 38719, 34315, 4042, 13, 43911, 25229, 21597, 18863, 3513, 39735, 32954, 14427, 3315, 1820, 10921, 32209, 40039, 23683, 39308, 22866, 24726, 23457, 35863, 23012, 11080, 26108, 16151, 29319, 5582, 39286, 7006, 23015, 42030, 4749, 4314, 28575, 41711, 23576, 24737, 16047, 18383, 42849, 6953, 42136, 37035, 19647, 22858, 3268, 24284, 27865, 1554, 17492, 27429, 40481, 33253, 20581, 20290, 28462, 31506, 45105, 41216, 43062, 16697, 36101, 20120, 7456, 37280, 30007, 33143, 17817, 18460, 2336, 8649, 597, 1623, 972, 2905, 18262, 27397, 10434, 14084, 3440, 25432, 
Weights: 0, 0, 0, 0, 0, 0, 0, 0, 0, 0, 355.685, 0, 0, 0, 0, 0, 0, 0, 0, 983.99, 0, 0, 0, 0, 0, 0, 0, 0, 1129.14, 0, 0, 0, 0, 0, 0, 0, 0, 0, 738.769, 0, 0, 0, 0, 0, 0, 0, 0, 0, 0, 0, 0, 0, 0, 0, 0, 0, 0, 0, 0.829287, 0, 2419.62, 0, 0, 0, 0, 0, 0, 0, 0, 0, 0, 0, 0, 0, 0, 585.946, 0, 0, 347.921, 0, 0, 0, 0, 0, 1.10147, 0, 0, 0, 0, 194.87, 0, 0, 0, 0, 0, 0, 0, 0, 0, 0, 0, 0, 0, 0, 0, 895.642, 0, 0, 0, 0, 0, 0, 0, 0, 0, 0, 0, 0, 0, 0, 0, 0, 0, 0, 83.2866, 0, 0, 0, 913.437, 0, 1138.78, 0, 0, 0, 0, 0, 0, 0, 0, 0, 0, 0, 0, 0, 0, 0, 0, 0, 0, 0, 0, 0, 156.047, 0, 0, 2.19534, 0, 116.105, 0, 0, 0, 0, 0, 0, 0, 0, 0, 0, 0, 0, 0, 0, 0, 0, 0, 2523.57, 0, 0, 0, 253.093, 0, 0, 0, 20434.4, 0, 0, 1677.27, 0, 0, 0, 0, 0, 0, 0, 622.869, 1870.06, 0, 0, 0, 0, 0, 0, 0, 0, 0, 0, 396.652, 0, 0.770719, 0, 0, 0, 0, 1290.86, 0, 0, 0, 0, 0, 1.66175, 1.5394, 0, 0, 0, 0, 0, 0, 0, 0, 0, 0, 0, 0, 0, 0, 2244.23, 0.918263, 0, 0, 0, 0, 0, 0, 0, 4.4123, 227.263, 642.612, 0, 0, 0, 4923.28, 0, 421.277, 0, 0, 0, 0, 0, 0, 0, 0, 0, 0, 0, 0, 0.907523, 0, 1840.57, 0, 0, 2.21254, 0, 0, 0, 0, 0, 0, 0, 0, 1044.15, 8117.98, 0, 0, 0, 0, 1357.54, 0, 0, 1680.35, 2258, 966.045, 0, 2032.73, 0, 0, 1434.01, 0, 0, 0, 1.02663, 391.468, 0, 0, 0, 0, 580.788, 0, 0, 0, 0, 0, 0, 0, 0, 0, 88.4808, 0, 0, 0, 0, 90.4297, 0, 0, 0, 5943.69, 
n_nonzero: 52

Running time so far: 297.948s

