n_tets: 120
relErr: 0.202154
Selected tets: 13417, 13808, 28312, 14069, 12972, 8258, 18944, 8070, 481, 15775, 21730, 13395, 25325, 4033, 14210, 4406, 28758, 3292, 10851, 23758, 19900, 6591, 14973, 28694, 28842, 9171, 13131, 19233, 2668, 27964, 22780, 12583, 186, 25112, 5552, 2931, 25758, 2253, 27971, 14506, 13058, 21692, 6449, 11962, 5801, 25739, 11593, 17718, 14157, 5185, 24834, 6697, 808, 12454, 12031, 26393, 5141, 24502, 13201, 4846, 19037, 8572, 1861, 12, 22228, 2107, 7838, 15856, 22491, 12004, 21868, 27114, 6553, 20202, 1249, 28810, 6927, 18163, 24785, 20221, 6437, 16292, 20597, 22441, 14252, 20058, 29515, 13200, 15779, 4090, 8983, 4014, 24556, 4929, 3052, 3549, 21881, 9319, 1421, 11924, 11981, 20165, 14333, 18228, 21751, 9234, 7077, 28500, 3086, 28915, 11026, 4190, 22322, 29634, 4318, 7437, 19562, 11571, 6587, 18077, 
Weights: 238.59, 978.029, 1068.94, 374.295, 759.64, 1882.19, 181.22, 320.643, 901.064, 1.02739, 57.2374, 154.412, 288.581, 0, 4198.57, 447.495, 82.1755, 346.273, 1683, 760.43, 284.039, 189.572, 6.96418, 512.095, 543.426, 362.148, 223.492, 0, 6.9673, 1006.92, 549.772, 81.0304, 746.673, 229.422, 567.823, 0.640127, 40.1499, 270.237, 0.964683, 222.345, 1.00883, 1.0065, 290.163, 35.4121, 598.762, 0, 99.1656, 167.686, 28.5754, 0, 0, 0, 12.1556, 951.16, 320.414, 4755.73, 855.415, 453.251, 521.038, 44.9334, 0.824392, 110.772, 1.189, 0.662412, 509.943, 499.195, 311.627, 837.01, 342.81, 3.14371, 109.981, 658.337, 81.0792, 716.346, 434.751, 1092.87, 47.6744, 0, 0, 96.6408, 99.3884, 105.158, 71.6843, 19.3313, 137.482, 1.08885, 168.178, 1.65599, 1.10653, 34.1081, 135.988, 0, 115.99, 0, 45.2716, 125.277, 1.3929, 124.156, 0.911674, 220.197, 1.34152, 1.55187, 154.996, 259.488, 138.313, 352.713, 0, 32.4219, 194.639, 162.104, 335.347, 0, 212.953, 0.32632, 0, 222.365, 0, 0, 0, 1199.03, 
n_nonzero: 104

Running time so far: 40.5979s

