n_tets: 40
relErr: 0.307212
Selected tets: 99, 70, 175, 89, 182, 185, 93, 65, 119, 95, 172, 33, 138, 137, 202, 77, 107, 18, 39, 57, 147, 198, 186, 167, 20, 123, 44, 184, 199, 135, 84, 58, 92, 14, 121, 3, 129, 67, 13, 63, 
Weights: 45.1543, 49.5888, 29.1477, 1.04953, 8.65593, 0.933764, 1.01461, 6.73833, 0.455289, 20.7523, 20.1629, 99.6542, 0.254765, 0.991136, 0.978247, 1.02361, 1.02986, 1.78617, 0, 1.42339, 7.20264, 0.328398, 0.822393, 24.6273, 2.53646, 3.08464, 2.33402, 0, 0, 22.9192, 0.968914, 7.89499, 0.929696, 0.367603, 72.9348, 16.5385, 6.70332, 9.73031, 0.0592337, 0.853941, 
n_nonzero: 37

