n_tets: 60
relErr: 0.1242
Selected tets: 51214, 33828, 1062, 17144, 34560, 57384, 71719, 24860, 79148, 18752, 26715, 54341, 55661, 18058, 79674, 58394, 47832, 65101, 75225, 78581, 38437, 11094, 31923, 65333, 25095, 40130, 52248, 14997, 55192, 55830, 47691, 20698, 60654, 45641, 58865, 6073, 6794, 65212, 50539, 8071, 42782, 6772, 53911, 40232, 61256, 1986, 27703, 1391, 9638, 22689, 60071, 57016, 31921, 26997, 30552, 60817, 40724, 7835, 41435, 40134, 
Weights: 2590.81, 0, 0, 3346.63, 347.391, 0, 905.401, 0, 0, 0, 2762.81, 0, 7091.09, 0, 0, 0, 0, 11663.6, 6192.63, 0, 0, 0, 1.09495, 1980.71, 0, 0, 0, 0, 0, 666.555, 2724.78, 258.47, 877.726, 4620.89, 874.985, 0, 10727.4, 7.16293, 0, 4077.6, 0, 95.2671, 4170.62, 0, 0, 0, 0, 0, 1590.43, 0, 0, 1252.93, 0, 771.978, 55.0745, 2805.7, 2242.79, 0, 1374.35, 0, 
n_nonzero: 28

Running time so far: 43.8021s

