n_tets: 90
relErr: 0.275395
Selected tets: 99, 70, 175, 89, 182, 185, 93, 65, 119, 95, 172, 33, 138, 137, 202, 77, 107, 18, 39, 57, 147, 198, 186, 167, 20, 123, 44, 184, 199, 135, 84, 58, 92, 14, 121, 3, 129, 67, 13, 63, 194, 72, 141, 187, 101, 200, 8, 142, 111, 193, 189, 69, 146, 201, 197, 162, 0, 164, 166, 118, 203, 49, 26, 30, 88, 4, 103, 104, 82, 183, 114, 25, 157, 28, 156, 22, 43, 109, 122, 27, 71, 116, 124, 153, 86, 29, 155, 62, 7, 131, 
Weights: 3.50375, 9.03841, 9.07727, 1.02178, 0, 0.951879, 1.0011, 7.56717, 0.513504, 12.0364, 15.784, 11.3153, 0.236957, 0.979463, 1.22342, 1.02104, 0.935822, 1.36185, 0, 1.43, 0, 0.888888, 0.913981, 11.9672, 0, 3.60309, 0, 0, 0, 26.0582, 1.02786, 12.8285, 0.97472, 0.397021, 34.3731, 16.5717, 9.54104, 2.04197, 0.0173962, 1.09887, 1.01025, 4.47433, 26.2004, 0, 1.95829, 0.579597, 0, 5.79607, 0.967482, 1.95389, 1.82413, 8.96139, 9.817, 0.144618, 0.544143, 0, 0.637389, 11.1745, 36.0902, 2.14349, 0.870287, 1.451, 127.033, 18.7494, 26.1312, 4.98751, 0.333676, 2.13156, 0, 0.973307, 4.51956, 3.84906, 23.1334, 0, 0, 0, 4.38013, 0.210195, 0, 7.14985, 16.0764, 0, 0, 0, 8.2806, 1.76894, 0.304814, 0, 17.5849, 0, 
n_nonzero: 70

