n_tets: 240
relErr: 0.481199
Selected tets: 20227, 7158, 12249, 20491, 1852, 17144, 17447, 27511, 21389, 4497, 5016, 8905, 19850, 28665, 25016, 26706, 23953, 5251, 18745, 11531, 24173, 26417, 6142, 15927, 14609, 7866, 13926, 29492, 18163, 6160, 25344, 7382, 22708, 4992, 22649, 23867, 931, 21067, 15576, 19480, 9281, 22115, 1551, 23380, 14130, 16661, 21751, 23344, 15032, 28481, 14116, 27972, 24937, 14485, 3243, 28400, 1541, 9894, 4607, 8128, 15775, 27599, 6668, 24843, 21177, 22391, 18806, 3022, 24507, 28584, 5782, 24435, 4087, 28879, 25060, 8774, 18298, 7444, 4077, 21795, 10679, 29272, 5212, 8733, 24642, 20617, 4764, 25968, 20644, 21253, 7244, 22787, 21881, 24331, 27140, 2490, 2822, 23513, 18946, 12777, 28409, 1284, 26074, 26177, 13257, 9234, 13404, 22740, 10666, 3999, 27190, 7141, 12835, 19481, 10680, 9785, 28558, 24384, 18220, 3034, 15436, 7163, 23183, 16494, 27244, 5839, 5797, 20615, 17057, 14991, 12264, 24287, 1098, 5813, 28505, 28377, 17875, 8876, 41, 9347, 15624, 5103, 10318, 8460, 23667, 29652, 17325, 18992, 1797, 6881, 17916, 23888, 27675, 11855, 27037, 11599, 2921, 17749, 10102, 5848, 27895, 2359, 25120, 13366, 10300, 82, 26149, 23456, 25960, 27027, 3321, 26129, 15770, 21756, 13930, 27580, 6817, 15903, 3864, 8652, 3213, 25369, 9921, 24168, 15453, 18322, 25237, 25220, 27963, 19464, 7139, 14120, 8511, 11346, 4427, 11460, 15628, 8979, 7233, 20588, 19071, 4000, 4143, 24601, 18235, 21178, 22923, 7931, 5630, 5282, 21875, 2797, 6826, 20408, 27228, 8302, 8980, 7403, 12337, 12459, 13761, 20745, 28184, 24137, 22857, 7418, 15718, 20725, 2978, 15473, 25350, 9797, 26397, 3259, 5773, 6816, 28786, 25527, 8488, 23226, 
Weights: 1133.79, 0.382157, 922.075, 752.203, 3147.89, 802.39, 3672.91, 0.547085, 460.392, 929.672, 0.631109, 0, 0.765463, 0.465861, 0, 655.077, 1047.37, 10.361, 123.977, 465.724, 1.3578, 20.2875, 188.048, 719.752, 5531.76, 82.5252, 2.70518, 2.99245, 0, 541.486, 0.990208, 316.469, 0.599355, 194.234, 0, 0.954652, 2731.67, 0.804262, 0.961148, 107.612, 3.09409, 34.0492, 6.5057, 233.454, 212.262, 4.42402, 101.411, 1.93336, 91.9049, 0, 0.148067, 0.987457, 10.645, 1.48356, 0.813533, 3.64303, 1.07365, 1.60734, 457.777, 0, 0.944265, 1235.51, 1611.99, 0.224072, 0.999976, 6.82775, 4.39666, 68.6231, 0, 52.94, 0, 263.491, 1.01169, 17.0359, 796.672, 0.810722, 1.48072, 336.296, 0.37827, 3.65065, 0.857804, 181.023, 4.13481, 80.6885, 28.6969, 0.785927, 0.96778, 0.995328, 510.089, 4.40442, 0, 0.947745, 0.957756, 0.901644, 1.53624, 24.4387, 0.95982, 1.1409, 0.932013, 1.36089, 0.746733, 66.0926, 615.647, 5.42685, 0.830205, 0.901711, 0.98755, 0, 0, 0.979809, 1.28909, 0.93007, 0, 0, 0.643054, 67.6909, 275.085, 0.356379, 1538.55, 0.958293, 0.9802, 1.1733, 147.778, 5.33052, 0.888639, 1.12297, 253.289, 0.938334, 0.908866, 0, 3.3279, 2.81777, 0.761716, 1.32414, 28.7484, 0.752003, 1.43372, 1.31048, 1.01721, 408.132, 0, 0, 492.53, 16.4307, 2335.28, 0.675666, 1.29342, 45.9513, 0.923488, 1.01875, 386.842, 0, 54.2534, 0.967281, 2.81558, 988.158, 82.355, 0, 109.003, 0, 45.8492, 5.50987, 0.890175, 1.03672, 2.40535, 0.123678, 0, 1.03843, 1.07263, 0.746161, 0, 1.00449, 0.962323, 15.3853, 2.87534, 13.638, 0.889311, 65.1167, 0, 0, 0.948783, 0.67112, 1.01687, 0, 208.587, 0.850228, 0.783738, 10.7207, 0, 0.606245, 36.1003, 0.974342, 1.06246, 1.71532, 1.28497, 0.995688, 0.850926, 0.392294, 0, 0.0336483, 35.0713, 80.482, 0, 4.68204, 565.79, 17.4738, 0, 0, 9.94662, 1.59196, 0.89559, 0.81396, 0, 6.89749, 0, 0, 1.8806, 587.759, 1.21437, 1.03838, 0.650677, 0.602887, 0, 0.991427, 0, 2.20249, 591.593, 4.76904, 0.976349, 0.752994, 0, 2.54499, 0, 0, 91.9405, 185.468, 0, 259.982, 1.01392, 0, 
n_nonzero: 201

Running time so far: 236.999s

