n_tets: 156
relErr: 0.319826
Selected tets: 25446, 10248, 10457, 5073, 26400, 4188, 19208, 5490, 23752, 17764, 10396, 18093, 21116, 11022, 27637, 23835, 14036, 27024, 11116, 23742, 11381, 23364, 1381, 24972, 18601, 13926, 6043, 13318, 897, 22844, 15735, 3129, 16526, 3854, 4266, 10273, 4054, 17245, 7116, 23400, 25791, 2721, 15489, 6031, 5092, 7787, 27307, 28552, 4161, 10270, 5192, 8788, 17138, 13389, 21944, 22079, 16676, 23385, 11760, 13846, 17643, 17325, 11672, 22694, 9475, 15456, 4370, 768, 20704, 17529, 6474, 4846, 5565, 6278, 2593, 21998, 21795, 10679, 16158, 4676, 9945, 16454, 26415, 24946, 20654, 16473, 10380, 871, 13107, 19901, 6337, 9274, 22333, 26184, 20080, 18953, 17370, 6295, 19054, 11859, 18179, 12478, 18316, 27025, 24970, 9650, 1361, 1025, 22842, 24509, 10680, 20193, 19050, 5833, 26770, 5319, 15077, 27142, 17970, 17603, 5792, 12170, 7710, 27299, 27020, 15852, 13102, 12905, 4041, 12342, 5483, 7310, 9942, 8325, 11686, 7213, 8645, 5502, 16251, 5064, 18944, 26000, 17760, 23552, 12437, 22680, 27699, 22428, 11860, 8995, 26801, 4371, 11959, 23365, 24430, 10864, 
Weights: 0, 1380.54, 10.6469, 763.818, 5472, 262.015, 10.9194, 91.941, 2583.18, 0, 0, 452.629, 270.181, 14.0217, 0, 542.354, 0, 0, 228.385, 4669.98, 0, 0, 0, 71.0475, 0, 0, 3.32532, 0.121407, 0, 7.58306, 0.497919, 0, 0.795623, 0, 467.629, 1899.65, 0.498555, 0, 0, 90.9536, 2.60923, 0, 306.699, 72.3976, 1.02913, 39.5096, 10.6991, 713.874, 3125.25, 0, 0, 0, 5.3582, 11.0962, 240.631, 781.89, 0, 0, 0, 0, 27.8724, 0, 491.372, 6364.54, 2450.13, 1.28607, 0, 323.425, 0, 1.44771, 0, 70.1922, 8.73007, 34.1618, 1690.25, 0, 14.7751, 8.67519, 52.9373, 0, 4.31432, 1818.79, 0, 32.4127, 16.8972, 238.189, 10.6262, 0, 5.19509, 391.714, 16.5218, 1.16288, 0, 0, 556.064, 2.28748, 0, 1.33417, 0, 1.86447, 0.975338, 102.183, 35.4084, 0.977938, 6.01167, 1503.77, 0, 0, 1.05769, 1089.27, 70.7861, 175.713, 0, 275.7, 0.996277, 0, 466.509, 100.321, 0, 81.4327, 1.04694, 0, 0, 0, 0.920267, 0, 0, 74.2971, 0, 3079.34, 1.21813, 3828, 499.58, 0, 0.382831, 1436.06, 5129.57, 408.203, 36.685, 797.225, 0, 0, 8.51192, 161.443, 0, 21.5522, 0, 0.889056, 67.1302, 0.0881519, 550.499, 153.523, 0.9586, 0, 0, 81.8536, 
n_nonzero: 102

Running time so far: 47.1461s

