n_tets: 30
relErr: 0.168484
Selected tets: 11653, 17340, 29124, 23576, 14512, 19181, 26439, 14755, 7643, 20581, 27376, 9208, 22436, 17370, 29530, 12686, 9765, 5093, 27829, 5223, 10587, 2282, 28753, 4945, 11956, 10685, 27251, 12253, 14924, 23185, 
Weights: 3151.35, 2899.57, 1576.57, 0, 0, 0, 7342.08, 0, 3.64378, 6.3736, 2435.64, 1.10931, 5231.52, 1951.12, 1.0047, 3429.41, 1504.84, 604.166, 1.9346, 985.468, 7350.89, 1078.61, 33686.4, 1.66293, 6.87962, 286.245, 1.01516, 1118.75, 991.828, 0, 
n_nonzero: 25

Running time so far: 53.7619s

