n_tets: 60
relErr: 0.16319
Selected tets: 11653, 17340, 29124, 23576, 14512, 19181, 26439, 14755, 7643, 20581, 27376, 9208, 22436, 17370, 29530, 12686, 9765, 5093, 27829, 5223, 10587, 2282, 28753, 4945, 11956, 10685, 27251, 12253, 14924, 23185, 4460, 21799, 19166, 25112, 6928, 19480, 3092, 14022, 13107, 26027, 22837, 24849, 10400, 3918, 14873, 8521, 25376, 16928, 21411, 12601, 15774, 17871, 16874, 12159, 211, 14017, 13163, 9065, 1531, 2956, 
Weights: 2620.33, 2006.77, 0, 0, 0, 0, 480.407, 0, 0, 4.17346, 435.319, 1.11546, 0, 2071.79, 0.521306, 2819.61, 869.61, 311.966, 1.91997, 651.873, 3771.01, 870.119, 0, 1.47915, 5.14377, 1142.08, 0.99778, 1952.54, 1451.81, 0, 1204.09, 1.16416, 0.962691, 27.1968, 0, 58.331, 446.886, 552.618, 0, 55.3728, 0, 0, 0.974517, 81.9327, 1182.78, 0.471093, 68.6868, 0, 13.6213, 2.02386, 282.073, 0, 1302.71, 265.723, 1.02237, 1241.04, 239.57, 487.193, 962.382, 460.751, 
n_nonzero: 45

Running time so far: 88.7747s

