n_tets: 114
relErr: 0.20296
Selected tets: 12990, 2693, 1081, 13296, 29045, 55, 26069, 24777, 10112, 15775, 24597, 2844, 19576, 19124, 7979, 25032, 18631, 18394, 29312, 16154, 3112, 4458, 28064, 13752, 6155, 1757, 24381, 26954, 17568, 9447, 16999, 15160, 22523, 12427, 23888, 808, 18293, 11085, 21710, 5037, 28706, 24849, 3158, 1861, 26852, 6998, 22223, 17718, 23240, 13004, 29163, 18592, 21111, 17327, 2513, 26644, 26469, 9491, 19563, 18897, 21644, 14158, 19257, 32, 21177, 27885, 14912, 9834, 24152, 8911, 15257, 14184, 26771, 20202, 569, 1421, 81, 25792, 21740, 23859, 20246, 1885, 23608, 1141, 8463, 5287, 8599, 13200, 15779, 28779, 4481, 27112, 7344, 17765, 3052, 5285, 21881, 2808, 19236, 4425, 19523, 689, 28563, 17430, 1401, 13414, 10401, 12, 21536, 2164, 24585, 21119, 19905, 8878, 
Weights: 644.845, 631.721, 608.166, 214.543, 783.481, 77.4916, 1453.01, 562.036, 8323.19, 0.873073, 3394.39, 303.933, 83.4129, 100.124, 53.3377, 358.777, 1003.52, 947.408, 1.30739, 989.786, 1.14113, 250.651, 134.494, 113.336, 26701.3, 380.664, 402.327, 318.066, 191.711, 249.214, 2428.62, 261.634, 109.034, 0, 11.932, 1.36895, 2502.88, 90.6417, 9.36851, 2276.27, 1281.6, 78.4439, 296.85, 7.66115, 384.518, 79.6866, 239.9, 60.1315, 89.5444, 485.713, 156.156, 120.702, 289.392, 0.814316, 231.155, 0, 9732.32, 165.32, 582.594, 286.798, 67.5843, 0, 860.327, 1.02339, 0.952565, 887.188, 162.143, 718.813, 0, 0, 845.556, 101.38, 0, 330.991, 0.94735, 0.197587, 1.05255, 221.722, 658.045, 0, 686.564, 743.365, 217.395, 412.086, 316.748, 20.1292, 0, 3.77097, 18.3584, 181.004, 0, 0, 272.26, 36.7406, 4.13422, 1.51673, 0, 140.045, 0.672864, 47.103, 58.2605, 0, 464.232, 146.848, 456.011, 130.962, 583.079, 1.82948, 115.988, 30.0112, 80.5415, 0, 47.8721, 549.424, 
n_nonzero: 101

Running time so far: 45.0393s

