n_tets: 77
relErr: 0.450502
Selected tets: 21500, 27848, 13245, 1062, 23629, 22890, 26439, 10395, 1762, 13239, 2064, 7179, 9472, 27723, 24981, 25538, 15997, 17901, 5546, 26161, 18850, 4761, 5565, 27606, 22601, 20170, 12812, 17721, 2763, 14933, 20973, 11971, 24234, 3854, 16524, 4933, 15470, 7354, 20470, 23593, 2716, 26312, 15489, 22202, 6495, 19403, 4175, 26183, 25581, 28594, 14670, 7776, 16251, 26302, 4498, 13334, 10833, 23642, 26751, 15401, 6651, 28287, 27213, 10437, 19522, 5873, 5967, 9001, 797, 5789, 26177, 1249, 10457, 25105, 1041, 8851, 16236, 
Weights: 680.283, 5785.91, 9945.66, 0, 301.489, 2853.16, 432.783, 0.8802, 464.176, 0, 7.68526, 668.777, 1269.52, 4.20583, 70.5062, 0, 276.743, 914.323, 0, 275.423, 19.5642, 453.941, 175.396, 0.412409, 0, 77.7595, 0, 160.18, 1677.06, 0, 0.204118, 16.1908, 2.4798, 22.0917, 28.9013, 31.1964, 0, 2461.84, 0, 0, 107.166, 4.73963, 0.785053, 137.946, 1.94343, 611.884, 105.693, 1.00658, 0, 0, 22.5127, 0, 1.03461, 0, 174.269, 26.9844, 64.4376, 32.7205, 375.673, 2.52795, 0.970768, 1.68027, 514.342, 0, 0.76306, 136.33, 1550.35, 33.0555, 0, 1979.06, 331.22, 0, 0, 83.1325, 2750.54, 0, 7.34098, 
n_nonzero: 58

Running time so far: 21.9874s

