n_tets: 72
relErr: 0.170868
Selected tets: 10555, 21616, 12946, 21677, 4748, 6996, 23325, 27965, 4263, 12045, 17320, 25683, 19465, 9519, 19914, 12330, 23888, 5093, 21360, 28276, 21477, 726, 19503, 27247, 19660, 8811, 19456, 1518, 11035, 8328, 15796, 13232, 19166, 13409, 6928, 11618, 25707, 19162, 2547, 15300, 2987, 17874, 23620, 1861, 15479, 1269, 22785, 25329, 27418, 10401, 17509, 29299, 4195, 25933, 24111, 12388, 15089, 13391, 10002, 20247, 6697, 16256, 19800, 1543, 21586, 15012, 15261, 18244, 12419, 5851, 4114, 13262, 
Weights: 6231.81, 785.26, 600.61, 1252.98, 362.457, 429.902, 995.161, 0, 1.66524, 12.7619, 0, 673.12, 1.01906, 1438.22, 0, 1204.19, 189.898, 106.635, 0.98413, 7861.64, 2.03287, 0, 394.833, 1.43718, 33.7178, 0, 2129.01, 0.879524, 0.435356, 859.876, 1103.05, 6.14422, 0.508381, 0, 10.0814, 435.003, 1371.38, 344.833, 328.021, 0, 0, 2.41342, 1109.99, 1.55317, 104.416, 0.458962, 2898.05, 35.5491, 1658.49, 32.846, 252.447, 855.635, 1043.32, 0, 1.82273, 126.983, 1192.42, 195.697, 0.368208, 1668.4, 0, 613.503, 0.853437, 1.23599, 0.90496, 126.576, 0, 892.141, 129.586, 208.652, 70.9642, 0, 
n_nonzero: 60

Running time so far: 80.2603s

