n_tets: 84
relErr: 0.00442691
Selected tets: 235796, 269544, 362937, 298539, 381300, 26069, 233619, 388822, 143254, 29257, 129749, 245011, 429667, 245127, 3631, 8706, 280852, 350808, 187116, 150871, 102239, 205157, 23989, 213606, 376047, 363265, 311537, 163244, 206903, 416957, 13780, 160206, 136949, 301704, 377338, 139005, 405237, 161679, 288456, 291655, 315929, 21584, 106379, 134563, 69093, 412289, 126150, 397111, 346140, 248178, 8314, 30348, 401752, 184484, 251881, 160381, 155049, 420840, 229484, 204986, 419364, 397751, 312336, 307422, 371087, 385296, 298875, 300477, 418362, 156640, 115018, 234799, 33298, 113831, 267589, 85015, 57153, 345250, 81311, 263552, 265880, 313697, 278252, 131980, 
Weights: 11528.1, 2227.29, 36697.2, 0, 423.997, 3175.62, 1026.87, 358.997, 49330.1, 0, 448.478, 0, 1033.71, 540.518, 0, 348.937, 28379.8, 934.981, 4560.56, 1569.55, 2726.72, 0, 1277.56, 143.999, 520.69, 874.357, 0, 1156.39, 2478.41, 352.187, 105374, 0, 0, 3374.86, 3606.04, 2685.38, 11409.7, 27478.7, 0, 0, 6194.47, 1341.28, 821.916, 97.1402, 241.1, 5463.06, 759.382, 0, 6185.06, 0, 967.116, 0, 1539.55, 6970.65, 59846.1, 1596.01, 0, 0, 0, 0, 308.395, 0, 355.483, 1203.53, 234.812, 0, 729.06, 1588.14, 3399.31, 1.18515e+06, 7581.58, 2133.61, 2009.99, 5367.96, 2556.02, 20.7809, 0, 273.704, 42833.9, 8270.76, 163.731, 30228.9, 4171.5, 1189.44, 
n_nonzero: 64

Running time so far: 149.991s

