n_tets: 187
relErr: 0.372607
Selected tets: 21500, 27848, 13245, 1062, 23629, 22890, 26439, 10395, 1762, 13239, 2064, 7179, 9472, 27723, 24981, 25538, 15997, 17901, 5546, 26161, 18850, 4761, 5565, 27606, 22601, 20170, 12812, 17721, 2763, 14933, 20973, 11971, 24234, 3854, 16524, 4933, 15470, 7354, 20470, 23593, 2716, 26312, 15489, 22202, 6495, 19403, 4175, 26183, 25581, 28594, 14670, 7776, 16251, 26302, 4498, 13334, 10833, 23642, 26751, 15401, 6651, 28287, 27213, 10437, 19522, 5873, 5967, 9001, 797, 5789, 26177, 1249, 10457, 25105, 1041, 8851, 16236, 21990, 4960, 14700, 6339, 7218, 5056, 17417, 22733, 16473, 5270, 8120, 15142, 25168, 14245, 22838, 19706, 2303, 5541, 1787, 9988, 25121, 27307, 22758, 27118, 5367, 28123, 24230, 19701, 5322, 6105, 22447, 788, 24371, 514, 5611, 12546, 18677, 22399, 17584, 15196, 5272, 26570, 6448, 7782, 6001, 9622, 19954, 24762, 16167, 24682, 4553, 6030, 2808, 6023, 1436, 6382, 28429, 28325, 17138, 24418, 21635, 3390, 10128, 4570, 15492, 18878, 1948, 13220, 3996, 7089, 20070, 4447, 18428, 24740, 635, 10056, 6121, 27609, 11030, 4054, 21875, 13512, 21400, 17943, 14408, 10462, 21780, 12015, 24751, 19324, 26859, 5433, 2058, 6842, 27812, 13430, 18084, 17718, 24435, 25791, 13164, 12836, 552, 6238, 26529, 6044, 14932, 5807, 24877, 23379, 
Weights: 36.3552, 0, 5086.32, 0, 0, 2072.45, 410.584, 1.05291, 374.688, 0, 7.06925, 260.956, 0, 0, 18.9093, 0, 273.301, 695.942, 0, 318.26, 24.9933, 316.014, 133.326, 0, 0, 0, 0, 50.1463, 454.574, 0, 0.121265, 5.25744, 5.64567, 12.4189, 35.0561, 20.0315, 0, 1945.69, 0, 0.953546, 0, 3.40145, 0.703462, 54.0835, 1.76592, 442.14, 106.399, 1.00648, 0, 0, 0, 0, 1.14318, 0, 96.4623, 26.7131, 260.151, 40.6962, 391.013, 0, 0.974108, 1.67921, 392.773, 86.2034, 0, 104.224, 1176.13, 0, 0, 3464.73, 128.077, 187.937, 0, 81.7821, 704.339, 0, 0, 5.49708, 0, 0, 16.5458, 0, 2.57448, 0, 1340.23, 40.4677, 65.4439, 13.9977, 163.752, 0, 0, 1.72711, 8287.66, 0, 0, 44.1482, 2382.9, 149.26, 0, 3.49899, 0, 491.008, 0.298985, 242.935, 0, 38.4405, 1.24888, 24.6745, 378.971, 43.6963, 106.032, 497.192, 903.281, 0, 0, 0.968784, 0, 0, 90.9251, 0, 0, 8.76068, 0, 535.252, 15.389, 0, 2588.8, 423.024, 0.832254, 90.397, 0, 349.669, 38.9746, 101.532, 75.6106, 0, 0, 521.565, 2.87908, 0, 0, 1.05863, 156.38, 0, 7.79906, 9.75848, 0.737887, 0, 13715.5, 0, 1332.68, 646.192, 654.022, 0.922851, 13.2898, 0, 10.7655, 0, 1826.13, 0, 3.22326, 482.632, 2.64732, 0, 0, 501.119, 0.837557, 0, 1270.99, 0.884887, 118.298, 402.471, 0, 13.1083, 185.583, 2.53474, 1.03518, 0, 0, 0, 1.88386, 4221.51, 0, 324.575, 7.59161, 0, 0, 
n_nonzero: 119

Running time so far: 59.7464s

