n_tets: 60
relErr: 0.326091
Selected tets: 995, 6736, 3302, 3987, 3394, 5919, 5053, 3766, 4748, 2193, 2122, 6506, 5764, 1865, 4146, 1481, 7325, 7320, 3959, 6094, 983, 4455, 1823, 6731, 3811, 2352, 488, 6772, 7227, 66, 6257, 6007, 3897, 2837, 6381, 2097, 2003, 2113, 6822, 854, 5717, 2379, 5482, 929, 4260, 5442, 5647, 3953, 7480, 3285, 2645, 3423, 7447, 205, 7291, 3554, 1134, 5283, 2773, 7449, 
Weights: 893.256, 154.342, 177.073, 174.584, 179.323, 468.114, 93.0137, 782.154, 444.609, 91.8056, 176.732, 802.725, 62.563, 159.567, 49.492, 176.451, 1.07822, 0.924099, 86.8966, 106.66, 118.186, 0.68159, 0, 635.707, 93.9983, 1.00753, 1.02498, 300.482, 16.1947, 224.424, 31.9311, 120.392, 24.4258, 2.14945, 312.181, 1.05562, 1.01078, 0, 26.5099, 203.194, 1.05616, 1.37602, 1.1697, 0.981492, 241.405, 0.982126, 1.00568, 2.56528, 0.718696, 0.99152, 261.822, 334.71, 0.915291, 0.941029, 53.219, 5.1199, 327.225, 1.01956, 133.107, 0.463756, 
n_nonzero: 58

