n_tets: 217
relErr: 0.057213
Selected tets: 29127, 663, 19334, 2539, 17312, 25934, 6233, 15770, 23150, 23393, 21534, 19440, 9499, 12040, 9900, 8286, 14089, 5132, 29637, 16013, 9885, 6439, 27103, 1556, 11950, 19167, 26536, 17860, 2187, 12207, 13680, 29504, 14520, 12427, 5898, 3575, 24294, 4103, 1539, 9627, 13058, 17874, 21181, 14917, 6858, 15734, 15047, 8963, 4109, 22990, 12018, 8391, 13923, 11980, 10161, 1221, 6571, 21511, 6642, 14605, 2433, 18051, 2317, 4136, 21177, 25650, 4112, 25027, 11085, 22722, 20054, 13407, 2550, 16056, 10844, 28817, 29263, 7874, 1018, 2180, 12314, 14017, 18907, 21392, 17871, 17261, 25538, 21565, 5190, 4090, 4481, 29527, 22754, 17269, 1706, 19507, 22767, 21277, 15624, 25566, 7008, 29291, 17148, 17430, 18483, 27326, 14990, 4016, 15940, 3545, 2076, 4190, 18033, 25532, 6015, 11870, 24073, 24085, 1254, 22699, 1526, 7056, 7645, 6097, 16119, 23911, 26767, 17557, 16192, 9977, 12420, 18260, 7946, 8506, 24926, 3821, 5279, 8747, 41, 15698, 4142, 8457, 27723, 15301, 9608, 26671, 3017, 27817, 8222, 23082, 14012, 3996, 5385, 19028, 696, 23333, 25540, 24171, 8964, 27296, 25332, 1649, 10866, 22717, 5468, 20371, 18345, 1666, 2991, 14127, 16088, 19715, 7124, 803, 4560, 4274, 13761, 32, 27801, 15930, 21093, 5877, 17772, 19162, 8010, 1016, 14641, 9168, 24107, 18267, 13638, 13409, 19000, 20869, 19225, 6436, 25795, 355, 8591, 2545, 5527, 6823, 819, 22736, 3421, 3312, 13144, 29350, 3362, 23876, 11626, 9248, 19068, 26451, 21945, 19655, 20494, 
Weights: 536.258, 3.44061, 0, 266.803, 0, 0, 468.511, 0, 0, 0, 2409.12, 0, 280.267, 0, 0, 1982, 122.048, 0, 0, 0, 1210.84, 0, 0, 863.215, 0, 0, 0, 611.175, 0, 0, 0, 450.96, 0, 0, 468.061, 114.388, 0, 0, 0, 364.386, 0, 0, 0, 548.039, 197.491, 164.22, 0, 1.21022, 0, 0, 410.713, 0, 0, 98.1676, 37.9251, 0, 0, 255.545, 395.41, 166.593, 0, 0, 973.808, 271.914, 0, 0, 0, 0, 19.4116, 0, 0, 0, 0, 0, 134.469, 0, 0, 0, 0, 0, 0, 0, 898.044, 1290.87, 0.987149, 593.734, 0, 108.245, 0, 0, 198.145, 46.166, 0, 0, 0, 10.0455, 0, 0, 175.908, 0, 92.9106, 0, 0, 0, 0, 2056.46, 43.4704, 0, 93.7071, 444.092, 0, 0, 0, 48.9031, 0, 0, 0, 0, 0, 806.065, 0, 927.654, 0, 0, 33.1889, 0, 603.623, 0, 0, 0, 0, 132.032, 93.4048, 699.513, 0, 133.079, 0, 0, 13.2251, 0, 0, 0, 0, 0, 70.6389, 0, 598.528, 706.397, 0, 0, 0, 0, 0, 150.883, 0.998044, 0, 43.3734, 0, 1.00029, 308.687, 0, 644.428, 453.265, 0, 41.9374, 0, 197.185, 0, 0, 0, 0, 538.931, 1006.48, 0, 987.936, 0, 0, 0, 0, 398.03, 0, 0, 1744.82, 0.94729, 0, 0, 0, 0, 3.03741, 2009.47, 0, 0, 93.5623, 205.519, 1.01043, 0, 109.273, 0, 0, 29.7595, 0, 0, 0, 300.667, 0, 418.318, 0, 0, 0, 1553.65, 853.833, 223.393, 42.3942, 259.425, 0, 0, 0, 
n_nonzero: 85

Running time so far: 128.518s

