n_tets: 139
relErr: 0.783471
Selected tets: 78587, 86988, 33623, 161188, 61692, 46546, 4150, 3641, 1909, 129669, 136564, 73277, 54333, 80171, 88747, 151770, 163843, 159206, 113565, 85058, 162054, 60598, 162377, 114235, 18061, 3247, 155797, 157, 52848, 132004, 155062, 157078, 18091, 140885, 40727, 53028, 53386, 62263, 45610, 94685, 77350, 69024, 63840, 161161, 115874, 71157, 50678, 3857, 143191, 40776, 126955, 18636, 18501, 107290, 146744, 2383, 53707, 127460, 39128, 63921, 142523, 2001, 114120, 77067, 70859, 159371, 6198, 1662, 1214, 85313, 75546, 19680, 310, 106383, 98650, 146673, 86030, 79452, 46542, 145603, 7828, 159546, 160880, 121501, 134066, 43459, 162252, 128179, 5652, 3520, 122519, 148583, 66792, 137605, 145326, 131468, 114102, 115471, 73094, 69463, 147347, 146275, 49752, 83287, 116645, 11731, 108145, 114738, 132005, 40855, 77696, 84102, 101306, 161828, 13770, 2937, 10426, 47424, 161224, 127787, 144049, 161522, 76689, 115284, 75410, 101527, 163475, 5353, 114140, 88234, 40864, 27023, 117788, 101299, 148327, 153541, 2211, 75370, 115468, 
Weights: 3405.77, 9.17518, 9300.88, 357.79, 304.705, 269.008, 10.1446, 37.7353, 0.904976, 2104.31, 0.967806, 4.08163, 116.792, 289.711, 1.10801, 5462.6, 12.3856, 678.397, 1.0073, 0.716533, 3.85826, 3.89272, 15373, 0.804461, 20029.9, 1.75317, 6.1654, 3.32976, 1.28743, 10.9468, 0.502215, 272.813, 1.28166, 836.304, 1.52437, 1.1101, 1.03782, 1003.75, 0.768113, 1.37292, 0.289057, 8.15373, 1944.48, 77.4579, 622.681, 0.996125, 27978.8, 1.11811, 17176.8, 0.801967, 420.729, 75.1548, 4.78838, 0.439691, 216.006, 0.873374, 1301.59, 4.66738, 14.1482, 37.0605, 304.644, 3.28034, 1.48001, 3.96494, 13.0943, 597.265, 5.2627, 9.47265, 10.4906, 830.796, 0.932187, 1.43803, 1849.93, 13.7848, 7.4701, 45.749, 535.704, 0.969627, 2.12127, 3603.99, 1.04455, 3.16829, 2.81282, 271.048, 1.31242, 1.03017, 1.01029, 19.56, 1.39272, 1.55787, 0.587988, 11.3547, 1.3789, 203.018, 243.561, 1.05689, 1.87035, 0.354623, 7.7087, 195.947, 1.03793, 4.88652, 1.32999, 0.214879, 381.662, 90.3822, 1.00734, 54.4519, 8.44762, 1.09146, 16700.3, 11787.3, 7.81685, 0.989767, 10.377, 1080.37, 1.97102, 52.4267, 3.44341, 0.134648, 0.922675, 92.9398, 0.326957, 13728.3, 85.2086, 0.836712, 0.607623, 70.8064, 17.6021, 226.076, 12.9947, 65.5917, 13370.2, 4.10401, 565.292, 2181.23, 1.21808, 1.07467, 4.60957, 
n_nonzero: 139

Running time so far: 494.497s

