n_tets: 60
relErr: 0.233766
Selected tets: 99, 200, 141, 89, 164, 116, 93, 2, 77, 197, 63, 44, 194, 119, 185, 65, 18, 137, 145, 135, 169, 202, 186, 198, 172, 155, 25, 184, 138, 57, 189, 111, 146, 84, 123, 191, 118, 193, 127, 167, 69, 107, 86, 13, 187, 14, 0, 104, 142, 58, 67, 92, 201, 192, 72, 56, 122, 114, 61, 101, 
Weights: 31.3775, 1.16372, 5.45001, 1.01005, 24.5153, 6.37102, 1.08631, 0, 1.02201, 1.47089, 1.1366, 0.105204, 0.943653, 0.479736, 0.968698, 4.11985, 4.68713, 1.05087, 0, 27.5555, 112.353, 13.9286, 1.01091, 0.998031, 12.4053, 1.08612, 1.92462, 0, 0.553959, 1.01514, 7.90527, 1.36816, 6.4259, 0, 3.91072, 5.71723, 8.53287, 2.90928, 7.2359, 7.67231, 10.8558, 0, 2.65104, 0.402067, 0.446635, 0, 2.70837, 0.712238, 4.39767, 3.99301, 5.67144, 0.984863, 0, 2.18566, 29.2779, 2.79441, 9.99682, 3.40944, 8.9048, 4.64582, 
n_nonzero: 53

