n_tets: 54
relErr: 0.163986
Selected tets: 11653, 17340, 29124, 23576, 14512, 19181, 26439, 14755, 7643, 20581, 27376, 9208, 22436, 17370, 29530, 12686, 9765, 5093, 27829, 5223, 10587, 2282, 28753, 4945, 11956, 10685, 27251, 12253, 14924, 23185, 4460, 21799, 19166, 25112, 6928, 19480, 3092, 14022, 13107, 26027, 22837, 24849, 10400, 3918, 14873, 8521, 25376, 16928, 21411, 12601, 15774, 17871, 16874, 12159, 
Weights: 2650.55, 2264.32, 0, 0, 0, 0, 2937.26, 0, 0, 4.17153, 631.014, 1.11515, 0, 2135.36, 0.543668, 2801.35, 959.05, 294.493, 1.92082, 1241.47, 5050.9, 873.026, 0, 1.47695, 5.71688, 561.53, 0.997897, 1827.36, 1566.23, 74.4546, 1697.99, 1.14443, 0.962676, 26.9567, 0, 57.717, 418.814, 648.236, 0, 35.7996, 210.131, 0, 0.973807, 254.107, 1067.72, 0.467218, 0, 349.552, 12.8637, 2.18351, 61.5713, 0, 704.676, 575.441, 
n_nonzero: 41

Running time so far: 81.1757s

