n_tets: 33
relErr: 0.291626
Selected tets: 99, 89, 141, 93, 171, 185, 186, 65, 77, 57, 53, 2, 172, 119, 137, 18, 135, 168, 84, 194, 202, 101, 200, 14, 138, 107, 166, 155, 111, 198, 63, 189, 3, 
Weights: 42.1128, 1.03873, 50.5406, 1.00557, 11.6415, 0.94265, 0.878319, 4.92146, 1.04385, 1.42933, 96.1784, 8.06065, 15.0221, 0.427808, 0.98525, 1.55853, 39, 37.4936, 0.987966, 1.01592, 1.04389, 1.84744, 0.70225, 0.391744, 0.24808, 0.948256, 66.7227, 5.61799, 1.02676, 0.707501, 1.18577, 2.33833, 16.1835, 
n_nonzero: 33

