n_tets: 57
relErr: 0.330131
Selected tets: 995, 6736, 3302, 3987, 3394, 5919, 5053, 3766, 4748, 2193, 2122, 6506, 5764, 1865, 4146, 1481, 7325, 7320, 3959, 6094, 983, 4455, 1823, 6731, 3811, 2352, 488, 6772, 7227, 66, 6257, 6007, 3897, 2837, 6381, 2097, 2003, 2113, 6822, 854, 5717, 2379, 5482, 929, 4260, 5442, 5647, 3953, 7480, 3285, 2645, 3423, 7447, 205, 7291, 3554, 1134, 
Weights: 903.407, 245.371, 178.865, 165.678, 196.852, 501.883, 109.958, 795.744, 403.846, 95.7061, 184.685, 801.402, 64.2849, 151.586, 54.7109, 185.387, 1.0811, 0.926151, 84.6067, 99.5016, 158.658, 0.682966, 0, 619.477, 102.108, 1.03464, 1.02334, 283.687, 16.1177, 202.507, 33.4367, 117.759, 22.2484, 2.1674, 332.916, 1.06129, 1.0044, 25.2622, 26.4212, 192.23, 1.06234, 1.37244, 1.17299, 0.982377, 277.423, 0.96456, 1.00905, 2.68016, 0.743456, 0.995453, 275.928, 326.246, 0.924187, 0.940092, 45.3087, 5.09725, 276.926, 
n_nonzero: 56

