n_tets: 25
relErr: 0.000866921
Selected tets: 5390, 2255, 5881, 7419, 5645, 3900, 5779, 951, 13400, 1868, 5445, 661, 3712, 3683, 5671, 8652, 1449, 3670, 11240, 10058, 442, 8733, 6318, 6614, 2451, 
Weights: 2590.55, 558.287, 0, 0, 0, 0, 0, 0, 352.203, 62.075, 96.8582, 0, 0, 2065.99, 0, 0, 126109, 46.7751, 82.9198, 1413.89, 0, 16044.1, 0.416824, 0, 1340.06, 
n_nonzero: 13

Running time so far: 23.0585s

