n_tets: 225
relErr: 0.053869
Selected tets: 19769, 26370, 25715, 13923, 23203, 22574, 27025, 9146, 28769, 8502, 10745, 18639, 29465, 21592, 5495, 3716, 21991, 3083, 27733, 23928, 27103, 20392, 19595, 9764, 18971, 27882, 12327, 19555, 5285, 18949, 4172, 29299, 13223, 12721, 6078, 28816, 1404, 7754, 12744, 9846, 27990, 17874, 19028, 20877, 10754, 1537, 27514, 15823, 14157, 4354, 2824, 27159, 29186, 9490, 11045, 23341, 5609, 15235, 8071, 20229, 22980, 8572, 21788, 12363, 2402, 10973, 27416, 2289, 22727, 22722, 24552, 18922, 4087, 17761, 18891, 14988, 18731, 20598, 17718, 1415, 6437, 815, 7470, 5543, 12533, 20058, 17875, 13200, 8254, 4561, 12186, 7344, 22465, 27460, 23148, 6472, 22767, 18168, 26850, 4090, 23238, 23021, 17148, 3607, 26409, 12910, 11066, 15696, 3086, 5783, 37, 15624, 11602, 6015, 18991, 13408, 7454, 29075, 19394, 3034, 12117, 21181, 17621, 5200, 21755, 1244, 5797, 32, 6497, 14451, 8691, 11659, 6548, 18733, 24134, 3867, 21930, 24583, 41, 25843, 19617, 2188, 21088, 20615, 2562, 19164, 23762, 19722, 11924, 23082, 7590, 9315, 24075, 11285, 29137, 7377, 11051, 6227, 27439, 6210, 21627, 7228, 25473, 20883, 19471, 1381, 4979, 24007, 19501, 22405, 12583, 4723, 29044, 6587, 19448, 15401, 15001, 16411, 27841, 4037, 4236, 12413, 21586, 6619, 3129, 1016, 8963, 6932, 16832, 18791, 21799, 14841, 24877, 10957, 12112, 29336, 9344, 20941, 8873, 6878, 3092, 4467, 11990, 18492, 14119, 10011, 23502, 17228, 3362, 5963, 25497, 5516, 17390, 21250, 18036, 25944, 17794, 4516, 411, 6148, 24014, 27879, 5291, 8105, 29607, 
Weights: 869.934, 491.165, 632.037, 0, 81.2108, 218.393, 0, 0, 740.015, 328.179, 0, 28.2491, 0, 0, 107.126, 89.7337, 0, 0, 0, 0, 0, 0, 35.5473, 236.502, 330.354, 0, 307.105, 0, 0, 13.3287, 165.951, 61.2914, 0, 401.27, 107.271, 0, 497.637, 684.929, 292.758, 104.688, 787.681, 0, 0, 170.44, 0, 29.5042, 215.696, 0, 21.2636, 141.933, 143.021, 672.502, 452.968, 334.827, 533.086, 0, 90.4763, 0, 0, 151.729, 106.771, 0, 0, 45.8549, 26.5047, 145.801, 0, 0, 0, 0, 0, 1239.31, 0.999847, 0, 0, 0, 155.049, 0, 12.4651, 283.396, 0, 121.357, 0, 0, 0, 51.2985, 0.845736, 112.369, 0, 0, 304.608, 0, 818.777, 0, 62.9975, 0, 18.1654, 0, 0, 0.960486, 0, 0, 0, 342.531, 0, 495.361, 51.3093, 1435.55, 0, 0, 254.812, 0, 0, 36.7765, 0, 0, 0, 71.4845, 0, 185.096, 14.0351, 0, 613.071, 30.0176, 0, 77.4024, 195.548, 53.4923, 0, 0, 439.238, 0, 0, 0, 9.1808, 458.491, 9.46314, 70.0964, 0, 40.1085, 17.7511, 0, 0, 0, 94.9159, 91.0501, 145.919, 571.353, 51.0299, 913.254, 0, 0, 0, 837.468, 0, 222.863, 12.1101, 0, 0, 1036.72, 23.4336, 454.96, 143.914, 275.24, 155.18, 346.05, 0, 163.846, 0, 0, 43.8136, 457.986, 947.199, 0, 816.865, 0, 0, 943.313, 0, 0, 154.979, 0, 0, 0, 0, 0, 0, 0, 346.49, 191.981, 0.999504, 0, 363.42, 0, 0, 112.931, 20.5993, 834.854, 17.9025, 0, 63.9476, 44.5288, 0, 0, 0, 54.3848, 145.63, 52.3645, 0, 0, 220.112, 0, 0, 70.9531, 0, 538.522, 395.258, 614.76, 871.619, 759.501, 548.831, 0, 132.047, 0, 191.764, 
n_nonzero: 121

Running time so far: 121.573s

