n_tets: 98
relErr: 0.802505
Selected tets: 124375, 43585, 128391, 134415, 59101, 93396, 121790, 82838, 79239, 131994, 91751, 74532, 28145, 134502, 46542, 82970, 22431, 26017, 89393, 65681, 121237, 101268, 161983, 3754, 23284, 138593, 67843, 61709, 3828, 70448, 84754, 77842, 111041, 102518, 128557, 143674, 13689, 164006, 62260, 53053, 69463, 9277, 84811, 64575, 144972, 20862, 107228, 2462, 111426, 47365, 100766, 151883, 143326, 144101, 77606, 7235, 47645, 1605, 163045, 101503, 138009, 146702, 65679, 131827, 110361, 151770, 79557, 80280, 42982, 54362, 127101, 52224, 137145, 157359, 77567, 77462, 117369, 75164, 136213, 164244, 112223, 91428, 110545, 48075, 154030, 92476, 158403, 136019, 70320, 58643, 137605, 139011, 150188, 49752, 100819, 53251, 156189, 104180, 
Weights: 7743.28, 0, 1445.77, 613.655, 3341.64, 1.70082, 955.864, 1088.12, 14436.2, 2453.74, 6452.25, 0, 27165.9, 12951.6, 1.02185, 2375.21, 108.717, 916.387, 2.39405, 0, 146.111, 0, 193.889, 0, 143818, 4.20101, 0, 1.03704, 230.016, 1.19161, 36.3173, 0, 2670.78, 0, 1335.41, 7376, 9121.67, 16135.5, 0, 1.08528, 9.53371, 27433.5, 22.2862, 1.00408, 435.212, 1607.06, 0, 39.2903, 3198.17, 87.2414, 761.625, 6.02708, 1059.91, 0, 5230.78, 4.80611, 18.0322, 349.569, 1.07997, 21148.7, 0, 38188.3, 0, 3.34368, 4554.63, 1.00954, 0, 4098.68, 665487, 0, 2.55696, 0, 20.3023, 1.29513, 0.868957, 90098.4, 0, 0.323796, 0, 1384.45, 4445.52, 28.9065, 0, 69.1653, 17501.6, 0.285788, 40328.6, 693.012, 0, 3.62078, 1.80559, 525.821, 0, 0, 64.7707, 0, 0, 13.6342, 
n_nonzero: 74

Running time so far: 85.0127s

