n_tets: 98
relErr: 0.123903
Selected tets: 995, 6736, 3302, 3987, 3394, 5919, 5053, 3766, 4748, 2193, 2122, 6506, 5764, 1865, 4146, 1481, 7325, 7320, 3959, 6094, 983, 4455, 1823, 6731, 3811, 2352, 488, 6772, 7227, 66, 6257, 6007, 3897, 2837, 6381, 2097, 2003, 2113, 6822, 854, 5717, 2379, 5482, 929, 4260, 5442, 5647, 3953, 7480, 3285, 2645, 3423, 7447, 205, 7291, 3554, 1134, 5283, 2773, 7449, 4780, 2781, 2964, 1828, 1942, 5356, 7446, 2662, 7378, 1587, 757, 3561, 5450, 489, 7483, 2988, 2756, 1944, 1782, 3087, 838, 1882, 3553, 198, 2212, 1505, 7445, 5823, 2668, 3188, 3426, 3122, 7048, 3326, 1443, 4753, 5652, 5492, 
Weights: 720.888, 375.288, 34.7142, 162.776, 84.9029, 182.638, 38.9485, 125.042, 326.232, 79.7689, 4.04473, 738.001, 71.3751, 101.296, 63.0686, 62.9295, 1.04375, 0.943794, 67.0613, 110.037, 76.1231, 0.680107, 0, 358.897, 89.9139, 1.00322, 1.06323, 286.008, 14.4271, 227.303, 40.4646, 112.601, 14.5297, 2.03254, 333.718, 0.999668, 1.05242, 35.378, 9.87729, 175.228, 1.01317, 1.35756, 0.388077, 1.00771, 256.312, 0.990018, 0.954605, 1.38267, 0.749994, 0.994474, 204.814, 207.864, 0.964326, 0.985232, 14.4974, 6.29737, 565.882, 1.02089, 8.64103, 0.369429, 313.631, 0.998196, 80.253, 67.8983, 2.4483, 0.517911, 0.0174733, 1.00406, 132.071, 88.7605, 0, 4.07877, 1.18196, 178.982, 12.7123, 0.791107, 132.501, 2.47316, 0.959074, 1376.87, 1.46396, 0.948696, 0, 0.374139, 113.825, 194.895, 1.03465, 2.30299, 1.49868, 85.1831, 19.6452, 89.2, 13.7726, 123.48, 45.3664, 5.23254, 0.450975, 0.987379, 
n_nonzero: 95

