n_tets: 110
relErr: 0.370669
Selected tets: 32562, 42675, 7400, 38757, 28732, 43879, 34020, 14663, 14859, 42759, 22443, 10634, 5978, 37804, 28795, 28803, 32402, 41971, 29320, 20127, 20195, 11336, 44942, 27216, 22250, 1961, 39019, 20950, 16309, 24941, 28091, 39255, 43258, 1820, 33980, 29553, 38698, 38867, 4042, 8391, 31826, 7766, 16138, 3845, 43883, 2979, 24124, 29217, 10435, 21177, 4725, 20125, 17790, 22361, 19515, 36163, 28351, 29877, 21975, 13782, 29410, 18013, 10363, 4301, 8559, 33077, 16720, 37321, 12683, 5310, 10419, 1617, 8545, 39181, 19418, 34555, 18584, 44231, 1634, 2543, 15819, 38626, 28706, 19861, 19504, 38079, 24500, 34060, 33978, 25061, 12813, 42805, 38847, 24400, 43881, 44735, 15828, 26515, 9529, 38938, 38101, 6030, 4723, 31818, 31854, 44288, 21500, 41986, 6077, 13145, 
Weights: 2671.83, 7572.61, 1041.95, 1.00665, 4040.88, 18.0658, 117.891, 0.998846, 2.39427, 0, 63.7466, 3135.56, 1515.96, 1.14925, 0.969625, 27.8277, 1045.36, 23.1195, 0, 0, 0, 0.520062, 0, 42.4163, 2422.78, 1.58214, 0.92857, 431.083, 1.67842, 0, 1994.68, 0, 0, 1.07355, 2.89694, 390.681, 0.941073, 0.0819864, 437.909, 1.13369, 164.325, 2.51037, 0, 2898.19, 0.593818, 7.27366, 0, 0.925309, 69.1887, 0, 26.8095, 1.03004, 2.26446, 0, 14.787, 6.59329, 279.406, 0, 26.6101, 0, 0, 964.533, 1118.57, 6.33926, 221.817, 0.970585, 0.959159, 0, 0.650724, 8.2935, 0, 34.0293, 3.28863, 70.9135, 1045.5, 2070.42, 0, 66.2681, 2043.54, 0, 1055.33, 1.38793, 0, 160.537, 256.913, 3385.08, 995.76, 99.5406, 145.034, 22.8669, 1.60306, 0, 0.066328, 0, 1.01019, 1227.49, 731.186, 0.805826, 0.942223, 0.930542, 2.94771, 6.64092, 0.388514, 43.0467, 195.873, 0, 2392.18, 0, 0, 1.9059, 
n_nonzero: 85

Running time so far: 63.7038s

