n_tets: 252
relErr: 0.143105
Selected tets: 10555, 21616, 12946, 21677, 4748, 6996, 23325, 27965, 4263, 12045, 17320, 25683, 19465, 9519, 19914, 12330, 23888, 5093, 21360, 28276, 21477, 726, 19503, 27247, 19660, 8811, 19456, 1518, 11035, 8328, 15796, 13232, 19166, 13409, 6928, 11618, 25707, 19162, 2547, 15300, 2987, 17874, 23620, 1861, 15479, 1269, 22785, 25329, 27418, 10401, 17509, 29299, 4195, 25933, 24111, 12388, 15089, 13391, 10002, 20247, 6697, 16256, 19800, 1543, 21586, 15012, 15261, 18244, 12419, 5851, 4114, 13262, 4087, 12118, 14799, 19346, 18806, 6050, 5897, 19548, 27873, 14866, 12204, 6574, 615, 23457, 14449, 24519, 11464, 5283, 27830, 26024, 26451, 4776, 3022, 22444, 1404, 20672, 4294, 25936, 21442, 23021, 19072, 15701, 2551, 3044, 25426, 22905, 8294, 5524, 10404, 21587, 2827, 14554, 27248, 9885, 14214, 11571, 26472, 15465, 14082, 21181, 14519, 12796, 17326, 12794, 9864, 13331, 4089, 4435, 22616, 14548, 27641, 5693, 1542, 1535, 17875, 11961, 22296, 17872, 25247, 21218, 19661, 3008, 4099, 19164, 2655, 24925, 11924, 26592, 11946, 14, 4806, 20118, 696, 28794, 37, 15723, 27439, 5905, 18733, 25223, 5289, 2367, 19468, 16, 23539, 22121, 13333, 12601, 6716, 14702, 777, 21756, 21881, 8553, 29295, 10155, 24700, 6444, 8653, 18908, 24011, 14869, 10233, 789, 8742, 15862, 8779, 4848, 5006, 28077, 14853, 20638, 18181, 1415, 25225, 19519, 22555, 14943, 24497, 18975, 16334, 25177, 21516, 25078, 8387, 14942, 1459, 2822, 19361, 10959, 2534, 28075, 12206, 16862, 21440, 17034, 2153, 15193, 2215, 15380, 4667, 19236, 2071, 4357, 44, 6472, 6005, 5968, 2021, 2812, 8298, 24134, 6131, 617, 4921, 9210, 33, 5081, 22119, 14847, 11963, 25756, 21341, 20534, 15775, 4356, 374, 18870, 22518, 15178, 
Weights: 2420.44, 1377, 468.802, 0, 0, 189.767, 227.555, 0, 1.68826, 10.9798, 1.06385, 0, 0.947349, 691.254, 0, 3.91572, 24.9917, 93.6543, 0.969233, 4412.01, 1.98943, 0, 151.116, 1.22268, 62.4185, 0, 228.646, 0.910141, 4.81413, 274.116, 0, 6.27978, 0.510236, 0, 10.8287, 0, 0, 0, 202.179, 288.387, 0, 0, 0, 0.990789, 0, 0.425639, 1673.99, 141.664, 1923.42, 38.1965, 450.521, 271.621, 468.035, 0, 1.879, 0, 903.196, 0, 0.208165, 0, 0, 0, 1.00638, 0.810793, 0.964482, 0, 0, 547.636, 0, 0, 0, 0, 1.00889, 0, 184.567, 29.5719, 477.821, 94.1056, 291.732, 0, 778.187, 2.29643, 215.641, 458.099, 0, 0, 32.6834, 39.0924, 508.981, 0, 16.9402, 384.94, 818.633, 0, 0, 0, 742.21, 350.559, 0, 60.1946, 1.12399, 2.32585, 2.21298, 179.627, 0, 195.486, 0, 0, 1.03802, 3.5634, 55.324, 0, 0, 0, 5.22647, 0, 31.4039, 1.13897, 0, 0, 0, 113.674, 0, 0.766235, 0, 0, 119.385, 19.3277, 0.993039, 0, 0, 1282.5, 824.284, 157.634, 1.38818, 0, 0, 1.11568, 98.8522, 1.01073, 229.415, 100.126, 0.722609, 56.9019, 2.12781, 0.997919, 0, 0, 0, 17.8152, 155.647, 36.1738, 0, 0.976654, 1.02579, 356.726, 0.987136, 1416.89, 0, 162.874, 0, 0, 1.60939, 0, 0.966986, 0, 0, 0, 1.79796, 0, 0, 3.67298, 0, 0, 0.308011, 0, 0, 0, 0, 0, 1.03801, 0, 0, 0, 0, 446.797, 0, 0, 0, 1.03658, 0, 239.393, 623.15, 55.7405, 0.984563, 441.965, 0, 128.126, 1.00556, 1.50137, 1079.17, 386.991, 1346.77, 3.43069, 0, 0, 0, 0.998636, 0, 0, 327.885, 0, 516.388, 0, 1.1642, 0, 0.538839, 0, 0.995744, 175.324, 12.4696, 4.2008, 98.2915, 1.52933, 4.78098, 3.97489, 138.375, 1.05268, 99.072, 60.7295, 918.083, 0, 0, 0, 14.5002, 0.990004, 0, 0.911502, 0, 215.199, 0, 2.6593, 0, 0.894277, 0, 197.262, 50.3133, 0, 9.13511, 0.971722, 0, 0.997713, 
n_nonzero: 150

Running time so far: 332.606s

