n_tets: 207
relErr: 0.149648
Selected tets: 10555, 21616, 12946, 21677, 4748, 6996, 23325, 27965, 4263, 12045, 17320, 25683, 19465, 9519, 19914, 12330, 23888, 5093, 21360, 28276, 21477, 726, 19503, 27247, 19660, 8811, 19456, 1518, 11035, 8328, 15796, 13232, 19166, 13409, 6928, 11618, 25707, 19162, 2547, 15300, 2987, 17874, 23620, 1861, 15479, 1269, 22785, 25329, 27418, 10401, 17509, 29299, 4195, 25933, 24111, 12388, 15089, 13391, 10002, 20247, 6697, 16256, 19800, 1543, 21586, 15012, 15261, 18244, 12419, 5851, 4114, 13262, 4087, 12118, 14799, 19346, 18806, 6050, 5897, 19548, 27873, 14866, 12204, 6574, 615, 23457, 14449, 24519, 11464, 5283, 27830, 26024, 26451, 4776, 3022, 22444, 1404, 20672, 4294, 25936, 21442, 23021, 19072, 15701, 2551, 3044, 25426, 22905, 8294, 5524, 10404, 21587, 2827, 14554, 27248, 9885, 14214, 11571, 26472, 15465, 14082, 21181, 14519, 12796, 17326, 12794, 9864, 13331, 4089, 4435, 22616, 14548, 27641, 5693, 1542, 1535, 17875, 11961, 22296, 17872, 25247, 21218, 19661, 3008, 4099, 19164, 2655, 24925, 11924, 26592, 11946, 14, 4806, 20118, 696, 28794, 37, 15723, 27439, 5905, 18733, 25223, 5289, 2367, 19468, 16, 23539, 22121, 13333, 12601, 6716, 14702, 777, 21756, 21881, 8553, 29295, 10155, 24700, 6444, 8653, 18908, 24011, 14869, 10233, 789, 8742, 15862, 8779, 4848, 5006, 28077, 14853, 20638, 18181, 1415, 25225, 19519, 22555, 14943, 24497, 18975, 16334, 25177, 21516, 25078, 8387, 
Weights: 3017.75, 1290.32, 502.694, 816.877, 0, 444.092, 594.329, 15.0901, 1.67985, 13.7743, 0.62841, 220.104, 1.02233, 1102, 0, 70.5251, 33.0814, 120.512, 0.962527, 2371.96, 2.02341, 1213.4, 165.014, 1.42433, 58.9117, 0, 449.051, 0.910006, 34.8156, 51.653, 0, 6.26366, 0.510236, 0, 11.0653, 0, 260.345, 0, 229.215, 194.466, 0, 0, 2.95336, 1.52452, 78.2983, 0.433311, 2203.7, 146.549, 1835.26, 36.8682, 535.699, 276.102, 998.262, 0, 1.86412, 0, 1731.45, 154.707, 0.0566623, 0, 0, 0, 1.00704, 0.811422, 0.945586, 0, 0, 1452.91, 0, 0, 0, 0, 1.00898, 16.5633, 81.5826, 125.186, 537.048, 0, 236.947, 0, 1010.1, 2.26299, 371.333, 446.101, 0, 0, 88.9146, 0, 463.813, 0, 16.5345, 239.967, 635.469, 0, 0, 0, 396.283, 133.896, 0, 61.2466, 1.13978, 2.33014, 0, 171.524, 0, 469.425, 0, 0, 1.03457, 3.56976, 50.9907, 4.99159, 0, 0, 5.19224, 0, 33.7711, 1.13971, 0, 0, 0, 88.8691, 0, 0.803458, 0, 1.07719, 124.221, 20.2635, 0.992692, 0, 0, 1379.74, 759.794, 126.525, 1.38409, 0, 0, 1.1285, 98.4649, 0.933503, 210.749, 190.502, 0.723723, 12.6602, 2.12324, 0.997801, 38.4774, 0, 2.1098, 0, 125.632, 470.475, 0, 0.976747, 1.02884, 342.162, 0.987234, 911.815, 0, 0, 0, 0, 1.58221, 0, 0.967433, 0, 0, 0, 1.77692, 0, 0, 3.97911, 144.546, 0, 0.656403, 0, 0, 0, 0, 0, 1.03953, 0, 0, 0, 0, 216.599, 0, 0, 0, 1.06292, 0, 380.273, 796.543, 0, 0.983535, 0, 0, 307.058, 1.00138, 1.50188, 712.912, 0, 1111.65, 3.42537, 0, 0, 0, 
n_nonzero: 127

Running time so far: 249.111s

