n_tets: 75
relErr: 0.152639
Selected tets: 995, 6736, 3302, 3987, 3394, 5919, 5053, 3766, 4748, 2193, 2122, 6506, 5764, 1865, 4146, 1481, 7325, 7320, 3959, 6094, 983, 4455, 1823, 6731, 3811, 2352, 488, 6772, 7227, 66, 6257, 6007, 3897, 2837, 6381, 2097, 2003, 2113, 6822, 854, 5717, 2379, 5482, 929, 4260, 5442, 5647, 3953, 7480, 3285, 2645, 3423, 7447, 205, 7291, 3554, 1134, 5283, 2773, 7449, 4780, 2781, 2964, 1828, 1942, 5356, 7446, 2662, 7378, 1587, 757, 3561, 5450, 489, 7483, 
Weights: 829.782, 311.497, 120.489, 166.739, 121.304, 335.943, 44.9517, 235.2, 372.807, 126.533, 69.329, 779.24, 74.1201, 136.128, 57.3637, 48.2604, 1.08297, 0.927853, 85.4001, 116.018, 71.7352, 0.682999, 21.8398, 496.435, 94.4697, 1.00867, 1.04167, 257.111, 15.8725, 150.937, 38.864, 137.72, 25.5647, 1.5318, 320.999, 0.999149, 1.03316, 42.7366, 24.3526, 181.553, 1.05909, 1.38134, 0.388421, 1.00148, 212.616, 0.986903, 0.992458, 1.06519, 0.634667, 0.985513, 189.019, 278.115, 0.957905, 0.962313, 61.405, 4.75378, 455.46, 1.02473, 74.3254, 0.47431, 235.493, 0.99419, 85.5666, 66.3521, 2.59123, 11.7033, 3.33037, 1.00327, 111.408, 114.173, 12.0174, 16.6503, 1.20013, 185.461, 9.49973, 
n_nonzero: 75

