n_tets: 210
relErr: 0.140107
Selected tets: 11653, 17340, 29124, 23576, 14512, 19181, 26439, 14755, 7643, 20581, 27376, 9208, 22436, 17370, 29530, 12686, 9765, 5093, 27829, 5223, 10587, 2282, 28753, 4945, 11956, 10685, 27251, 12253, 14924, 23185, 4460, 21799, 19166, 25112, 6928, 19480, 3092, 14022, 13107, 26027, 22837, 24849, 10400, 3918, 14873, 8521, 25376, 16928, 21411, 12601, 15774, 17871, 16874, 12159, 211, 14017, 13163, 9065, 1531, 2956, 17173, 3391, 5773, 4144, 21586, 2015, 4242, 10516, 3130, 9781, 17745, 21040, 4087, 6192, 18687, 12445, 18806, 18181, 18118, 29685, 25223, 29272, 14235, 13331, 14252, 7433, 4876, 27465, 26924, 24111, 15127, 12545, 1301, 12638, 17226, 27963, 13006, 8509, 4076, 4090, 17307, 29291, 13065, 25831, 13257, 13249, 11066, 17692, 8294, 22721, 58, 16989, 21930, 4862, 19164, 12648, 19562, 21931, 13189, 17545, 21566, 26415, 4158, 3086, 11038, 3042, 25613, 20749, 6798, 3708, 13372, 7471, 1543, 28971, 27681, 20835, 17875, 24336, 41, 6697, 6692, 13255, 24075, 4099, 2562, 1210, 2438, 4138, 5887, 20612, 28775, 29564, 9209, 19028, 18599, 26770, 14870, 2871, 8964, 23758, 2988, 15131, 18547, 25219, 3468, 12293, 2092, 9272, 13333, 7319, 3212, 7494, 24074, 25468, 22122, 4379, 247, 6064, 4978, 10886, 1939, 13594, 21540, 14869, 3129, 14108, 8963, 12795, 29093, 5006, 19188, 10087, 8534, 2248, 27931, 2446, 25795, 18900, 8653, 14943, 2812, 2217, 29296, 28782, 9559, 21178, 14879, 23894, 5282, 2822, 
Weights: 0, 259.722, 343.846, 0, 0, 978.733, 0, 0, 0, 3.39328, 0, 1.11787, 0, 250.666, 0, 47.262, 132.917, 0, 1.95102, 0, 0, 0, 0, 1.55958, 0.359741, 0, 0.999478, 0, 0, 0, 0, 0.944743, 0.969605, 27.7319, 0, 0, 0.551427, 1.42817, 0, 0, 69.3782, 0, 0.977072, 492.808, 692.413, 0.510193, 0, 0, 60.9418, 5.4589, 0, 0, 124.379, 0, 1.05282, 817.688, 0, 0, 1141.2, 1250.42, 1390.06, 0, 0, 0, 0.698604, 2963.48, 0.759529, 174.281, 0, 0, 0, 0.592149, 0.955399, 701.308, 447.328, 0, 0, 1.21801, 1.66414, 0, 75.0994, 2.14086, 0, 1.12488, 3.91369, 115, 0, 949.905, 0, 28.9327, 42.777, 0, 50.2903, 0, 296.338, 0, 1.58507, 40.3946, 308.244, 0.87617, 0, 0.326027, 0.980086, 0, 625.289, 224.08, 0, 0, 0.991836, 74.2088, 0, 0, 0, 909.926, 2.74447, 0, 8.69061, 0, 0, 847.174, 47.9812, 0, 0, 0, 0, 0.790741, 3.29019, 295.243, 0, 0, 2214.2, 2.76307, 0.865292, 740.705, 1475.41, 0, 1.00212, 0, 136.775, 0, 2.61358, 3462.88, 0, 0.799412, 0.694403, 0, 96.3523, 0, 0, 255.59, 18.2078, 1.05054, 1.02622, 1.32088, 0, 0, 0.932743, 602.79, 11.0233, 0, 1.19484, 1462.44, 0, 4.1214, 0, 0, 0, 586.305, 0.927627, 0, 0, 486.451, 33.8609, 398.839, 196.005, 243.255, 0, 1.25782, 0, 0, 0.995204, 0, 0, 0.917992, 0, 0, 0.283455, 1.04779, 5183.58, 20.2927, 1090.56, 0, 4.51754, 0.245607, 0, 0, 88.6394, 1.49984, 40.0245, 0.98243, 11.2376, 0, 0, 0, 1.00896, 1.03363, 96.3845, 0.639817, 0, 0, 
n_nonzero: 117

Running time so far: 325.395s

