n_tets: 110
relErr: 0.0033888
Selected tets: 99, 14, 57, 89, 11, 140, 103, 93, 119, 146, 185, 107, 138, 137, 153, 77, 199, 101, 135, 22, 48, 13, 186, 124, 201, 18, 202, 184, 198, 3, 84, 203, 152, 166, 53, 39, 128, 30, 88, 200, 194, 111, 73, 147, 63, 82, 20, 0, 197, 108, 183, 51, 8, 141, 132, 42, 28, 34, 150, 195, 49, 164, 142, 156, 120, 143, 187, 2, 72, 114, 189, 41, 87, 12, 110, 71, 130, 45, 70, 67, 116, 113, 190, 96, 94, 105, 157, 38, 193, 81, 125, 181, 117, 85, 5, 179, 46, 131, 123, 40, 80, 196, 106, 109, 163, 43, 29, 24, 19, 16, 
Weights: 10.5866, 1.00042, 0.999989, 0.999823, 5.87977, 0.999983, 2.8076, 1.00015, 0.998911, 1.73079, 0.999877, 0.999475, 0.999542, 0.999947, 0.997697, 0.999753, 1.0002, 1.00118, 5.17709, 0.999781, 1.16904, 0.999483, 0.996619, 4.48451, 0.999638, 0.999455, 0.997743, 0.999504, 1.00532, 1.02078, 1.00025, 0.997626, 1.65082, 9.30208, 7.77055, 1.00035, 5.86608, 3.59571, 4.2949, 1.00066, 1.00028, 0.998306, 0, 0, 0.997358, 1.56504, 6.28007, 0.984226, 0.99773, 1.02292, 1.00433, 0, 0.724973, 0.316522, 4.0208, 8.07786, 1.83478, 0.676941, 0.705265, 1.53366, 0.989191, 0.305293, 3.72459, 1.32518, 0.928237, 11.5851, 1.00198, 1.876, 0.998436, 2.03551, 0.990126, 0, 3.09227, 1.71237, 0, 1.20307, 2.08209, 0.903884, 1.12919, 0.889497, 1.69552, 0, 4.13747, 5.29174, 2.74003, 0, 0.807483, 1.92795, 0.635411, 2.20114, 3.09323, 7.09371, 0.604387, 3.67973, 4.68598, 0, 0.996683, 2.02326, 1.27861, 2.61244, 2.44391, 0.850702, 1.63462, 1.8975, 6.32392, 1.99052, 1.91925, 1.29041, 3.27398, 2.95781, 
n_nonzero: 102

