n_tets: 35
relErr: 0.288832
Selected tets: 99, 89, 141, 93, 171, 185, 186, 65, 77, 57, 53, 2, 172, 119, 137, 18, 135, 168, 84, 194, 202, 101, 200, 14, 138, 107, 166, 155, 111, 198, 63, 189, 3, 72, 58, 
Weights: 41.559, 1.03793, 48.3173, 1.00635, 15.1106, 0.941572, 0.87725, 3.99638, 1.04714, 1.42436, 75.9231, 6.90102, 14.9011, 0.439044, 0.990183, 1.4651, 41.3184, 34.5717, 1.0402, 1.02101, 1.04372, 1.84275, 0.700729, 0.396919, 0.245619, 0.984973, 78.935, 4.97697, 1.06263, 0.792806, 1.1488, 2.23882, 18.7267, 5.15282, 3.84445, 
n_nonzero: 35

