n_tets: 20
relErr: 0.412929
Selected tets: 995, 6736, 3302, 3987, 3394, 5919, 5053, 3766, 4748, 2193, 2122, 6506, 5764, 1865, 4146, 1481, 7325, 7320, 3959, 6094, 
Weights: 1457.44, 741.715, 653.439, 170.909, 347.507, 571.651, 250.989, 1476.19, 534.239, 237.571, 192.553, 909.373, 85.8738, 268.292, 150.449, 330.242, 0.480028, 0.888884, 114.792, 82.1977, 
n_nonzero: 20

