n_tets: 120
relErr: 0.511467
Selected tets: 20227, 7158, 12249, 20491, 1852, 17144, 17447, 27511, 21389, 4497, 5016, 8905, 19850, 28665, 25016, 26706, 23953, 5251, 18745, 11531, 24173, 26417, 6142, 15927, 14609, 7866, 13926, 29492, 18163, 6160, 25344, 7382, 22708, 4992, 22649, 23867, 931, 21067, 15576, 19480, 9281, 22115, 1551, 23380, 14130, 16661, 21751, 23344, 15032, 28481, 14116, 27972, 24937, 14485, 3243, 28400, 1541, 9894, 4607, 8128, 15775, 27599, 6668, 24843, 21177, 22391, 18806, 3022, 24507, 28584, 5782, 24435, 4087, 28879, 25060, 8774, 18298, 7444, 4077, 21795, 10679, 29272, 5212, 8733, 24642, 20617, 4764, 25968, 20644, 21253, 7244, 22787, 21881, 24331, 27140, 2490, 2822, 23513, 18946, 12777, 28409, 1284, 26074, 26177, 13257, 9234, 13404, 22740, 10666, 3999, 27190, 7141, 12835, 19481, 10680, 9785, 28558, 24384, 18220, 3034, 
Weights: 1894.32, 0.43773, 987.389, 793.22, 3594.16, 916.29, 6427.04, 0.548045, 179.364, 1093.24, 0.620486, 7.65304, 0.766873, 0.418619, 0, 723.116, 1024.28, 12.0588, 145.765, 539.057, 1.37616, 20.9595, 88.9049, 289.04, 6433.26, 94.217, 3.20635, 2.99152, 20.0828, 1027.89, 0.97703, 525.14, 0.45315, 238.019, 0, 0.887962, 2607.51, 0.800853, 0.948869, 408.931, 3.15443, 47.861, 7.26419, 650.211, 226.568, 4.12666, 117.452, 1.17572, 470.32, 0, 0.223255, 0.959733, 11.6133, 1.46069, 0.826952, 3.76064, 1.09621, 1.45912, 555.835, 0, 0.89601, 384.788, 1525.93, 261.459, 0.997527, 6.79248, 4.9405, 27.8981, 799.543, 54.6283, 0, 1391.63, 1.01283, 106.899, 978.458, 0, 1.48565, 630.856, 0.477432, 3.51821, 0.855624, 223.719, 4.14941, 603.95, 36.5796, 0.394147, 0.968361, 0.996354, 867.742, 4.87338, 0, 0.936457, 0.950888, 0.85351, 1.53475, 26.8635, 0.96131, 1.15355, 0.900794, 0.193715, 0.749568, 63.178, 457.983, 10.115, 0.803511, 1.57383, 0.981988, 643.488, 0, 0.967031, 1.28943, 0.933201, 0, 50.7401, 0.693744, 52.3964, 416.372, 0.355343, 1092.79, 0.950417, 
n_nonzero: 111

Running time so far: 90.6063s

