n_tets: 126
relErr: 0.117172
Selected tets: 51214, 33828, 1062, 17144, 34560, 57384, 71719, 24860, 79148, 18752, 26715, 54341, 55661, 18058, 79674, 58394, 47832, 65101, 75225, 78581, 38437, 11094, 31923, 65333, 25095, 40130, 52248, 14997, 55192, 55830, 47691, 20698, 60654, 45641, 58865, 6073, 6794, 65212, 50539, 8071, 42782, 6772, 53911, 40232, 61256, 1986, 27703, 1391, 9638, 22689, 60071, 57016, 31921, 26997, 30552, 60817, 40724, 7835, 41435, 40134, 5965, 55309, 16488, 75871, 33069, 59263, 79183, 47310, 65841, 43200, 16312, 77670, 5000, 2555, 33050, 19673, 43048, 4752, 10977, 41150, 66780, 34082, 28668, 46052, 29236, 79852, 6774, 24248, 65126, 40068, 76084, 42294, 2944, 71310, 78538, 42987, 13502, 57367, 12636, 22885, 63886, 51750, 7408, 24715, 9201, 40067, 6952, 57142, 72161, 24144, 23826, 23226, 78348, 22622, 14833, 10844, 60673, 43375, 34139, 76724, 24717, 1011, 67542, 41049, 21716, 45048, 
Weights: 1267.55, 0, 0, 984.165, 2179.98, 0, 0, 0, 0, 576.9, 0, 0, 0, 0, 0, 0, 0, 10564.7, 457.657, 863.457, 0, 0, 1.09894, 7722.72, 0, 0, 0, 0, 2695, 3410.09, 2630.84, 0, 0, 2128.23, 127.194, 0, 3389.23, 1.87737, 0, 1207.93, 0, 98.5838, 0, 0, 0, 0, 0, 0, 0, 0, 0, 0, 0, 0, 55.436, 494.505, 0, 0, 75.6253, 0, 0, 2361.65, 2977.03, 0, 0, 0, 5168.06, 0, 0, 0, 2106.71, 98.8719, 1059.82, 0, 0, 0, 829.212, 0, 17041.5, 0, 0, 0, 1366.38, 0, 0, 0, 0, 3617.84, 0, 0.448107, 0.985967, 0, 0, 0, 0, 1733.33, 10171.1, 63.4824, 0, 0, 0, 30.0137, 11.0956, 0, 0, 21.0005, 0, 0, 1783.92, 0, 0, 0, 0, 1026.71, 3931.24, 0, 0, 0, 0, 0, 783.002, 0, 0, 0, 0, 0, 
n_nonzero: 43

Running time so far: 85.5775s

