n_tets: 60
relErr: 0.0317049
Selected tets: 99, 3, 89, 93, 119, 140, 22, 185, 199, 138, 196, 111, 77, 137, 153, 186, 107, 39, 124, 57, 198, 13, 65, 147, 201, 18, 25, 184, 84, 14, 200, 162, 42, 187, 120, 2, 49, 197, 8, 5, 194, 0, 73, 128, 63, 15, 131, 101, 175, 81, 203, 76, 59, 145, 156, 97, 123, 69, 202, 116, 
Weights: 25.7501, 12.198, 0.998739, 0.998448, 1.00336, 0.997543, 0.998615, 1.00227, 0.999141, 1.00181, 0, 1.00199, 1.02179, 0.996744, 1.01778, 1.03684, 1.01153, 0.980792, 6.35046, 1.00293, 1.00296, 1.05311, 6.64386, 41.9826, 1.03888, 1.04151, 5.91183, 1.00899, 0.999139, 1.00322, 1.0814, 12.2328, 0, 0.926758, 7.55404, 3.43587, 1.19071, 1.04547, 4.10579, 7.77209, 1.00022, 1.19983, 7.19845, 12.5061, 0.778868, 6.12613, 11.4724, 1.0467, 11.2609, 5.93823, 1.02487, 4.44505, 3.54493, 24.522, 0.92819, 4.05204, 7.32904, 5.79537, 0.952388, 1.60906, 
n_nonzero: 58

