n_tets: 285
relErr: 0.312647
Selected tets: 995, 4859, 3302, 1369, 524, 2701, 7267, 6313, 6491, 2724, 3266, 3596, 1063, 1252, 827, 6733, 7325, 7320, 3294, 5053, 5016, 4455, 1823, 105, 955, 2352, 918, 4146, 2631, 2959, 237, 819, 7394, 522, 2634, 2097, 6339, 5879, 1781, 4578, 5895, 729, 3112, 6564, 2567, 5442, 7480, 5585, 3237, 5647, 3425, 4410, 2329, 5934, 451, 6547, 1818, 2668, 6815, 2607, 205, 1814, 6623, 4749, 6079, 5356, 7446, 2662, 983, 359, 1485, 1657, 3561, 1032, 5715, 4651, 2778, 7445, 3836, 1782, 2313, 126, 7016, 198, 3829, 3662, 6852, 3770, 2600, 6257, 3879, 534, 1269, 4511, 4943, 7054, 6537, 5492, 6283, 3686, 2180, 4001, 4771, 804, 2003, 3876, 7443, 2679, 1906, 1704, 3253, 4483, 4939, 212, 6643, 4534, 4070, 4223, 536, 1069, 56, 5580, 4663, 6782, 3175, 6979, 7226, 1745, 2393, 3959, 4352, 3408, 489, 2496, 6171, 5093, 7251, 2901, 3911, 5326, 5876, 897, 7342, 6144, 2591, 7238, 6487, 264, 3711, 6711, 36, 838, 668, 4514, 3823, 5790, 5775, 4150, 3955, 6201, 4122, 6436, 1189, 3239, 2407, 7227, 5042, 7485, 4210, 2853, 1878, 7433, 776, 1595, 2210, 1623, 1421, 2363, 5283, 2357, 1942, 4397, 875, 2871, 3493, 7180, 3326, 925, 2091, 6004, 1246, 2088, 5166, 4081, 948, 1643, 947, 5450, 890, 197, 7236, 1110, 7428, 3454, 5149, 7484, 855, 1556, 1305, 5362, 5385, 532, 3094, 574, 5721, 3996, 3608, 4980, 6188, 757, 1989, 1550, 347, 539, 3317, 3512, 3580, 4552, 759, 1223, 6066, 4506, 6454, 967, 5717, 1157, 7496, 6268, 225, 1985, 2092, 5364, 2769, 2958, 5075, 862, 1002, 3471, 7379, 1467, 6793, 4128, 169, 4778, 88, 2103, 1730, 6922, 4874, 7356, 1, 2675, 6008, 4766, 5725, 6783, 1870, 1884, 276, 3012, 2840, 7423, 4710, 3571, 4049, 2728, 3353, 787, 7476, 5163, 1409, 83, 1394, 4700, 1306, 
Weights: 634.166, 178.253, 126.375, 153.171, 185.419, 286.613, 807.382, 23.2955, 110.657, 351.857, 154.74, 105.358, 121.474, 114.735, 16.5643, 115.382, 0.106818, 0.941219, 311.964, 44.1579, 0.423227, 0.771305, 7.22972, 233.767, 10.2486, 1.01461, 117.5, 20.0952, 93.3239, 147.06, 6.15955, 29.7908, 139.078, 0, 0, 1.11, 0, 226.859, 37.0853, 0, 27.7886, 52.4562, 5.08934, 93.4846, 68.43, 0.949723, 0, 212.759, 55.7884, 0.957384, 20.9182, 8.47846, 164.178, 10.4564, 0, 35.7436, 0, 0.175703, 0, 40.3341, 0.924579, 0, 8.48488, 64.2611, 33.026, 6.5644, 2.03994, 0.996345, 0, 0, 70.3547, 0, 23.1722, 0, 0, 0.458556, 101.457, 0.440979, 0, 1.02838, 1.07277, 0, 28.6061, 0.399594, 110.249, 0, 124.163, 0, 49.7329, 7.08237, 73.3524, 0, 229.618, 0, 0, 0, 0, 0.979335, 2.5003, 3914.56, 51.5762, 2.13777, 21.1897, 149.406, 1.0148, 0.939913, 0, 0, 0.701801, 0, 0, 0.720904, 11.4028, 0, 1.04061, 14.9891, 31.1578, 184.017, 247.571, 30.4879, 2.96064, 9.99394, 0.936371, 23.9772, 0, 51.3373, 0, 0.388255, 17.9653, 15.5978, 30.7308, 0, 122.615, 16588.4, 42.3553, 10.6389, 251.717, 0, 218.872, 41.8748, 0, 0, 56.8239, 0, 27.5068, 140.603, 3.14003, 35.602, 0, 7.60481, 0, 0, 227.323, 1407.28, 0, 0, 64.2183, 84.6259, 13.8662, 35.1439, 82.2104, 0, 8.46205, 66.1131, 0, 11.07, 92.8621, 1.66265, 5.78523, 2.94198, 142.077, 42.6871, 0, 1.06501, 14.8374, 8.39954, 70.1882, 63.0827, 1.02097, 42.9803, 3.12003, 29.7025, 0, 75.0837, 8.99673, 0, 0, 61.3123, 201.644, 0, 0, 43.4645, 29.8213, 56.7407, 28.2247, 72.0748, 0, 1.00226, 114.323, 37.9052, 175.413, 90.9856, 63.6733, 0, 10.7869, 1.27495, 32.7284, 42.0422, 0, 9.17729, 0.333812, 23.0905, 53.3861, 27.4119, 102.486, 26.4027, 36.3793, 42.2928, 58.9547, 13.8784, 1564.53, 109.243, 60.1114, 52.556, 0, 492.929, 21.9816, 112.451, 0, 82.9814, 0.932971, 22.0069, 0, 0, 0.38251, 89.4885, 40.5922, 143.205, 0, 37.4162, 38.99, 27.2979, 0, 102.705, 9.06465, 20.4744, 0.341091, 165.199, 30.3014, 0, 35.9438, 0, 46.335, 18.6595, 203.847, 125.048, 26.7269, 637.763, 23.2894, 82.1756, 17.4973, 0, 22.2657, 253.47, 85.7866, 0, 0, 94.55, 101.188, 18.0553, 3.01176, 60.7994, 0, 168.419, 1.05064, 0, 30.3984, 60.7126, 0, 0, 18.855, 9.91964, 0, 327.661, 16.0946, 
n_nonzero: 218

