n_tets: 18
relErr: 0.320291
Selected tets: 99, 89, 141, 93, 171, 185, 186, 65, 77, 57, 53, 2, 172, 119, 137, 18, 135, 168, 
Weights: 42.4878, 1.0381, 59.2325, 1.01225, 37.9663, 0.941664, 0.935249, 5.24668, 1.03264, 1.4144, 128.988, 9.60605, 12.2595, 0.39633, 0.969965, 1.67914, 37.5273, 32.5334, 
n_nonzero: 18

