n_tets: 180
relErr: 0.327309
Selected tets: 32562, 2811, 43286, 18384, 24071, 43879, 16774, 30220, 11939, 42759, 7052, 32003, 35144, 42003, 33866, 29492, 8491, 24035, 42965, 39954, 22963, 4138, 31870, 3748, 12100, 37253, 43894, 39169, 3981, 8750, 28805, 7987, 34335, 1820, 3010, 14249, 41973, 33171, 1548, 5577, 44247, 15450, 16138, 30782, 15187, 2979, 15401, 42531, 22322, 39851, 12243, 20125, 42722, 36310, 10559, 17140, 2881, 18193, 35613, 6158, 14859, 20282, 1614, 20754, 22402, 21249, 44411, 37958, 12145, 31817, 27313, 1617, 8545, 42402, 2808, 34094, 17166, 22361, 20239, 23424, 25091, 3675, 44291, 41901, 22443, 43847, 36484, 32063, 21164, 23010, 44985, 22568, 29135, 16786, 15437, 31085, 15828, 20995, 8104, 29493, 19856, 34505, 8800, 31818, 41983, 22293, 38968, 41986, 38872, 13502, 13860, 9257, 15863, 35680, 13784, 23461, 13783, 22357, 34425, 4284, 44199, 1355, 31852, 39840, 21645, 10464, 44233, 43420, 5461, 18026, 12209, 36115, 3532, 39899, 1076, 44183, 27903, 38853, 29495, 23371, 4723, 14040, 6260, 41971, 3901, 20930, 30753, 44223, 42882, 27475, 18852, 7178, 11694, 20469, 7766, 7341, 15373, 38068, 32044, 32236, 9328, 15858, 4085, 23484, 310, 42311, 14263, 19369, 2382, 37423, 14447, 38754, 30837, 19854, 35495, 12085, 23553, 31828, 19012, 26974, 
Weights: 2438.06, 0, 63.0587, 35.1149, 0, 1.20676, 4.25234, 3713.77, 0, 0, 0, 611.905, 506.506, 1.05013, 1.90417, 0.560439, 0, 504.243, 519.188, 1.34093, 86.5791, 0, 324.206, 1640.11, 1.57692, 0, 1.35254, 0.57929, 3819.89, 0, 0.810488, 0, 17.9827, 1.01686, 87.6926, 0, 1.82655, 113.282, 25.6482, 559.658, 32.1449, 174.506, 2.06491, 276.257, 516.216, 0.737804, 793.887, 35.4385, 5.64473, 43.8355, 66.677, 0, 0, 1933.79, 0, 0.936412, 26.8833, 845.765, 1.00545, 0, 0.812225, 185.523, 0, 0, 3.02538, 298.105, 3.03901, 1063.34, 60.5267, 0, 28.0199, 72.12, 0.998204, 100.097, 0, 16.8217, 219.096, 1.63783, 282.611, 8.85017, 1439.24, 0, 0, 1068.5, 0, 61.7479, 408.371, 85.2002, 827.314, 0, 1.3523, 26.1235, 0.657599, 816.438, 182.933, 191.395, 0, 243.482, 894.16, 0, 0.989049, 0, 22.0248, 2.24545, 3.99605, 0, 0, 0.693283, 3.56029, 2.54176, 1.00852, 270.916, 5.30925, 21.0607, 0.963772, 19.9193, 2.79431, 14.1399, 0, 822.489, 13.0786, 0, 1.10187, 0, 355.801, 0, 0, 0, 0.946071, 6.0292, 1.24423, 0, 0, 0, 472.801, 0.88348, 0, 98.5376, 960.179, 0, 1.03492, 340.27, 383.018, 1.47165, 0, 1.53468, 515.986, 10.53, 2.35836, 1006.4, 0.972636, 1.27835, 1478.77, 346.958, 5.50485, 0, 0, 134.902, 0, 0, 3.85272, 0.224807, 2.50846, 0.825936, 7.5063, 103.406, 0, 42.492, 0, 0, 36.285, 0, 7.07249, 0, 1056.37, 0, 0, 0, 523.681, 0, 
n_nonzero: 127

Running time so far: 113.589s

