n_tets: 318
relErr: 0.0982754
Selected tets: 51214, 33828, 1062, 17144, 34560, 57384, 71719, 24860, 79148, 18752, 26715, 54341, 55661, 18058, 79674, 58394, 47832, 65101, 75225, 78581, 38437, 11094, 31923, 65333, 25095, 40130, 52248, 14997, 55192, 55830, 47691, 20698, 60654, 45641, 58865, 6073, 6794, 65212, 50539, 8071, 42782, 6772, 53911, 40232, 61256, 1986, 27703, 1391, 9638, 22689, 60071, 57016, 31921, 26997, 30552, 60817, 40724, 7835, 41435, 40134, 5965, 55309, 16488, 75871, 33069, 59263, 79183, 47310, 65841, 43200, 16312, 77670, 5000, 2555, 33050, 19673, 43048, 4752, 10977, 41150, 66780, 34082, 28668, 46052, 29236, 79852, 6774, 24248, 65126, 40068, 76084, 42294, 2944, 71310, 78538, 42987, 13502, 57367, 12636, 22885, 63886, 51750, 7408, 24715, 9201, 40067, 6952, 57142, 72161, 24144, 23826, 23226, 78348, 22622, 14833, 10844, 60673, 43375, 34139, 76724, 24717, 1011, 67542, 41049, 21716, 45048, 37708, 41971, 52232, 58986, 53965, 12835, 58336, 27793, 52135, 46205, 18808, 67950, 56316, 13144, 65460, 9646, 47594, 56816, 74539, 72082, 16642, 14282, 55233, 36760, 52573, 41382, 40729, 24357, 15103, 15730, 71267, 35673, 44188, 78794, 19718, 57743, 79423, 71029, 7897, 57867, 78666, 14627, 3045, 4642, 50245, 45064, 52079, 9132, 5606, 50502, 46064, 65177, 65171, 71634, 79146, 80280, 26887, 43887, 16515, 54346, 40069, 10111, 35864, 13236, 4237, 22873, 37711, 47323, 76427, 40865, 49213, 41329, 8499, 71786, 63153, 20146, 64004, 75012, 2728, 44940, 31989, 47665, 60513, 24267, 22065, 60816, 63798, 2345, 43235, 11660, 16518, 23203, 64407, 12128, 36748, 50450, 5956, 7357, 45478, 62294, 68851, 63365, 23199, 28902, 22639, 14073, 25089, 47178, 40071, 55820, 29400, 13107, 53479, 2560, 13634, 54547, 63412, 1194, 25300, 73095, 38336, 24930, 22960, 13696, 7451, 45460, 7216, 12392, 45053, 47326, 26606, 77113, 34556, 29171, 16939, 50420, 17181, 30589, 942, 34811, 46839, 19640, 28570, 9365, 33516, 26874, 43233, 73830, 2166, 55101, 11230, 76932, 6042, 11818, 42994, 6825, 30307, 54863, 17825, 46747, 13186, 44699, 69939, 26758, 78043, 55085, 56209, 24484, 4010, 71681, 67830, 57997, 31191, 64919, 19665, 36416, 22681, 9048, 61038, 54359, 2364, 32120, 27505, 56760, 4448, 63924, 62262, 1097, 74541, 45498, 78553, 1355, 
Weights: 0, 0, 0, 0, 0, 0, 0, 0, 0, 0, 366.329, 0, 0, 0, 0, 0, 0, 0, 0, 0, 0, 0, 1.3755, 0, 0, 0, 0, 0, 0, 0, 24.0893, 0, 0, 0, 0, 0, 0, 3.07284, 0, 0, 0, 125.957, 0, 0, 0, 0, 0, 0, 0, 0, 0, 0, 0, 0, 49.539, 3433.59, 1921.84, 0, 0, 0, 336.846, 0, 0, 0, 0, 0, 0, 0, 0, 0, 0, 0, 1491.96, 0, 0, 0, 1152.46, 0, 0, 0, 0, 0, 0, 0, 0, 0, 0, 0, 0, 0.821173, 0.812503, 0, 0, 0, 0, 0, 0, 53.1258, 0, 0, 0, 0, 9.97384, 0, 0, 20.7035, 317.008, 0, 0, 162.238, 0, 0, 0, 6352.55, 0, 0, 393.456, 0, 0, 0, 0, 0, 0, 0, 0, 0, 1.1466, 0, 18.0149, 0, 0, 0, 0, 0, 0, 0, 0, 0, 3101.7, 0, 0, 0, 0, 103.576, 1652.02, 0, 0, 0, 0, 0, 0, 0, 0, 0, 0, 31.2781, 0, 0, 0, 0, 2088.43, 0, 1517.09, 0, 0, 0, 0, 0, 0, 0, 0, 0, 4687.7, 0, 0, 0, 0, 0, 0, 0, 0, 0, 0, 0, 9.58906, 0, 2.19714, 0, 0, 0, 0, 0, 0, 0, 0, 0, 0, 1436.88, 12128.6, 0, 0, 0, 0, 0, 287.988, 0, 0, 0, 0, 0, 6790.6, 0, 0, 0, 1920.47, 0, 2.10952, 0, 0, 0, 0, 0, 0, 0, 0, 0, 0, 0, 0, 0, 0, 0, 0, 0, 0.551881, 0, 0, 0, 0, 0, 1855.44, 0, 0, 127.601, 0, 0, 3154.17, 0, 0, 740.77, 0, 0, 2694.07, 0, 0, 0, 0, 0, 4039.16, 0, 0, 2.78158, 0, 0, 10414.6, 0, 0, 0, 0, 0, 5381.47, 0, 0, 0, 0, 0, 0, 0, 0, 0, 2973.51, 0, 0, 0, 11.704, 786.406, 0, 0, 0, 0, 0, 0, 0, 0, 1.43507, 0, 0, 0, 0, 15.6046, 258.257, 0, 0, 0, 0, 0, 224.317, 0, 0, 32.0403, 0, 0, 774.181, 0, 0, 1221.97, 771.289, 0, 
n_nonzero: 58

Running time so far: 232.034s

