n_tets: 169
relErr: 0.314564
Selected tets: 25446, 10248, 10457, 5073, 26400, 4188, 19208, 5490, 23752, 17764, 10396, 18093, 21116, 11022, 27637, 23835, 14036, 27024, 11116, 23742, 11381, 23364, 1381, 24972, 18601, 13926, 6043, 13318, 897, 22844, 15735, 3129, 16526, 3854, 4266, 10273, 4054, 17245, 7116, 23400, 25791, 2721, 15489, 6031, 5092, 7787, 27307, 28552, 4161, 10270, 5192, 8788, 17138, 13389, 21944, 22079, 16676, 23385, 11760, 13846, 17643, 17325, 11672, 22694, 9475, 15456, 4370, 768, 20704, 17529, 6474, 4846, 5565, 6278, 2593, 21998, 21795, 10679, 16158, 4676, 9945, 16454, 26415, 24946, 20654, 16473, 10380, 871, 13107, 19901, 6337, 9274, 22333, 26184, 20080, 18953, 17370, 6295, 19054, 11859, 18179, 12478, 18316, 27025, 24970, 9650, 1361, 1025, 22842, 24509, 10680, 20193, 19050, 5833, 26770, 5319, 15077, 27142, 17970, 17603, 5792, 12170, 7710, 27299, 27020, 15852, 13102, 12905, 4041, 12342, 5483, 7310, 9942, 8325, 11686, 7213, 8645, 5502, 16251, 5064, 18944, 26000, 17760, 23552, 12437, 22680, 27699, 22428, 11860, 8995, 26801, 4371, 11959, 23365, 24430, 10864, 15049, 8914, 17259, 21483, 9019, 24646, 8009, 14739, 14294, 4935, 9356, 26859, 14407, 
Weights: 0, 1249.45, 10.576, 867.883, 4325.27, 255.204, 10.6727, 95.6169, 2342.68, 0, 0, 446.258, 322.572, 14.0296, 0, 206.902, 0, 246.708, 0, 218.071, 0, 0, 0, 70.3279, 0, 0, 3.40811, 0, 0, 7.59314, 0.499098, 0, 0.797325, 0, 435.801, 1863.94, 0.521161, 0, 0, 90.6411, 2.60703, 0, 299.984, 0, 1.02646, 36.2252, 10.6046, 525.573, 2833.33, 0, 0, 0, 5.31621, 11.2943, 239.707, 772.488, 0, 0, 0, 0, 27.8168, 0, 545.74, 5356.62, 2456.91, 1.31272, 0, 314.819, 0, 1.35593, 0, 72.5832, 8.7396, 33.786, 389.796, 0, 17.038, 8.43256, 52.6551, 0, 4.25896, 2211.1, 0, 32.6319, 16.8095, 242.515, 15.4378, 0, 5.21964, 398.553, 16.7769, 1.16259, 0, 0, 556.295, 7.09201, 0, 1.64977, 0, 1.86285, 0.97639, 104.043, 30.8788, 0.966037, 6.05909, 1285.8, 0, 0, 1.05421, 1101.23, 66.8307, 9.79603, 0, 0, 1.00056, 0, 504.885, 100.233, 0, 0, 0.997418, 0, 0, 0, 0.943627, 0, 0, 0, 0, 2687.8, 1.25073, 4120.91, 707.367, 0, 1.81808, 1349.41, 4025.35, 462.251, 38.2191, 814.505, 0, 0, 8.45959, 158.466, 0, 21.6883, 0, 0.888206, 66.2706, 0.0952654, 1259.76, 153.926, 0.964498, 0, 0, 889.418, 0.975093, 0.0217907, 0.341163, 4.11447, 0, 0, 217.998, 18.7666, 306.449, 35.9124, 1387.22, 5.8496, 0, 
n_nonzero: 107

Running time so far: 51.6536s

