n_tets: 85
relErr: 0.133781
Selected tets: 995, 6736, 3302, 3987, 3394, 5919, 5053, 3766, 4748, 2193, 2122, 6506, 5764, 1865, 4146, 1481, 7325, 7320, 3959, 6094, 983, 4455, 1823, 6731, 3811, 2352, 488, 6772, 7227, 66, 6257, 6007, 3897, 2837, 6381, 2097, 2003, 2113, 6822, 854, 5717, 2379, 5482, 929, 4260, 5442, 5647, 3953, 7480, 3285, 2645, 3423, 7447, 205, 7291, 3554, 1134, 5283, 2773, 7449, 4780, 2781, 2964, 1828, 1942, 5356, 7446, 2662, 7378, 1587, 757, 3561, 5450, 489, 7483, 2988, 2756, 1944, 1782, 3087, 838, 1882, 3553, 198, 2212, 
Weights: 751.756, 330.911, 65.3248, 165.949, 104.496, 349.542, 39.6011, 0, 366.635, 89.3795, 77.2485, 743.941, 74.7216, 128.015, 60.8376, 55.4295, 1.04186, 0.943616, 81.177, 108.467, 73.9641, 0.676733, 25.2607, 481.289, 110.523, 1.01013, 1.06064, 272.473, 14.3984, 175.91, 36.1935, 137.002, 10.9603, 1.73154, 322.157, 1.00239, 1.0555, 0.170709, 12.541, 180.623, 1.00583, 1.35418, 0.362043, 1.00778, 259.339, 0.986159, 0.955394, 0.921639, 0.913881, 0.990657, 216.286, 231.298, 0.954701, 0.960077, 58.7698, 5.89564, 526.515, 1.02252, 32.6801, 0.337346, 321.606, 0.994366, 100.485, 75.5045, 2.65615, 0, 0.159493, 1.0042, 130.843, 105.882, 11.0932, 3.50297, 1.18817, 218.796, 9.81243, 0.855291, 97.8714, 2.57932, 0.957645, 2619.95, 1.41946, 0.971028, 221.121, 0.370689, 101.551, 
n_nonzero: 83

