n_tets: 117
relErr: 0.165314
Selected tets: 10555, 21616, 12946, 21677, 4748, 6996, 23325, 27965, 4263, 12045, 17320, 25683, 19465, 9519, 19914, 12330, 23888, 5093, 21360, 28276, 21477, 726, 19503, 27247, 19660, 8811, 19456, 1518, 11035, 8328, 15796, 13232, 19166, 13409, 6928, 11618, 25707, 19162, 2547, 15300, 2987, 17874, 23620, 1861, 15479, 1269, 22785, 25329, 27418, 10401, 17509, 29299, 4195, 25933, 24111, 12388, 15089, 13391, 10002, 20247, 6697, 16256, 19800, 1543, 21586, 15012, 15261, 18244, 12419, 5851, 4114, 13262, 4087, 12118, 14799, 19346, 18806, 6050, 5897, 19548, 27873, 14866, 12204, 6574, 615, 23457, 14449, 24519, 11464, 5283, 27830, 26024, 26451, 4776, 3022, 22444, 1404, 20672, 4294, 25936, 21442, 23021, 19072, 15701, 2551, 3044, 25426, 22905, 8294, 5524, 10404, 21587, 2827, 14554, 27248, 9885, 14214, 
Weights: 4677.85, 1001.09, 708.221, 877.564, 54.5107, 814.627, 859.221, 0, 1.66985, 13.3519, 0, 378.374, 1.01937, 1415.48, 597.19, 379.897, 122.979, 147.465, 0.981864, 2164.03, 2.02819, 0, 112.027, 1.56895, 37.8811, 0, 433.624, 0.875789, 44.4571, 663.036, 524.686, 6.44253, 0.508795, 0, 10.1786, 0, 1243.83, 126.457, 120.594, 0, 0, 2.57869, 0, 1.55361, 0, 0.433524, 2488.46, 73.9534, 1381.18, 34.181, 175.346, 400.237, 716.843, 0, 1.84112, 61.2165, 1463.09, 446.225, 0.0654418, 0, 46.6215, 0, 0.854461, 1.22842, 0.883166, 0, 0, 1276.41, 17.879, 0, 0, 0, 1.01091, 117.796, 52.9037, 612.913, 2109.88, 0, 309.477, 0, 1053.71, 1.60373, 553.726, 0, 315.325, 0, 47.8226, 2.29875, 539.965, 0, 28.4912, 0, 0, 0, 0, 4.75813, 313.091, 0, 0, 60.9168, 1.13317, 2.33068, 0, 330.375, 0, 808.952, 0, 30.6832, 1.03094, 3.63064, 50.1706, 21.062, 0, 97.9165, 4.0249, 0, 31.1437, 
n_nonzero: 83

Running time so far: 127.119s

