n_tets: 20
relErr: 0.368343
Selected tets: 32562, 2811, 43286, 18384, 24071, 43879, 16774, 30220, 11939, 42759, 7052, 32003, 35144, 42003, 33866, 29492, 8491, 24035, 42965, 39954, 
Weights: 4485.15, 8662.9, 67.6492, 1199.46, 2805.28, 1.20514, 4.22566, 2093.14, 2379.39, 0, 3274.56, 918.916, 661.352, 1.03389, 4.87294, 0, 0, 1712.99, 3134.33, 1.3817, 
n_nonzero: 17

Running time so far: 18.3653s

