n_tets: 18
relErr: 0.420026
Selected tets: 995, 6736, 3302, 3987, 3394, 5919, 5053, 3766, 4748, 2193, 2122, 6506, 5764, 1865, 4146, 1481, 7325, 7320, 
Weights: 1601.34, 900.851, 660.157, 251.041, 318.35, 979.405, 342.36, 1795.29, 541.797, 275.953, 225.22, 734.082, 59.2196, 265.899, 108.724, 289.569, 0.498124, 0.92396, 
n_nonzero: 18

