n_tets: 46
relErr: 0.827522
Selected tets: 78587, 86988, 33623, 161188, 61692, 46546, 4150, 3641, 1909, 129669, 136564, 73277, 54333, 80171, 88747, 110764, 109839, 95341, 151770, 163843, 159206, 113565, 85058, 162054, 60598, 162377, 114235, 43266, 18061, 30550, 3247, 86300, 155797, 157, 52848, 132004, 155062, 157078, 18091, 140885, 40727, 53028, 53386, 62263, 45610, 94685, 
Weights: 3420.65, 9.0934, 9257.98, 442.864, 725.495, 681.943, 10.1477, 123.256, 0.925895, 3301.23, 0.969122, 3.83356, 119.602, 1289.84, 1.16411, 5692.58, 13.0038, 803.925, 1.01201, 0.679782, 3.44585, 7.05276, 17493.9, 0.610934, 55793.7, 1.36864, 6.13347, 2.9199, 1.247, 12.1801, 0.552984, 820.939, 1.16263, 3605.56, 1.62831, 1.1141, 0.94108, 636.443, 0.743498, 1.79502, 2.0826, 8.1821, 2982.33, 399.401, 3.47088, 23.553, 
n_nonzero: 46

Running time so far: 143.48s

