n_tets: 24
relErr: 0.170727
Selected tets: 11653, 17340, 29124, 23576, 14512, 19181, 26439, 14755, 7643, 20581, 27376, 9208, 22436, 17370, 29530, 12686, 9765, 5093, 27829, 5223, 10587, 2282, 28753, 4945, 
Weights: 3557.24, 3268.62, 1503.9, 0, 0, 0, 6785.51, 0, 1.61345, 5.96349, 2471.15, 1.11098, 7376.67, 1979.31, 0.895981, 4054.54, 1500.16, 539.806, 1.93157, 1609.22, 8461.28, 468.893, 24304.4, 1.6071, 
n_nonzero: 20

Running time so far: 45.3134s

