n_tets: 240
relErr: 0.111525
Selected tets: 995, 6736, 3302, 3987, 5864, 4070, 3730, 3440, 7494, 2193, 2122, 2261, 5764, 5142, 6166, 3572, 3695, 7454, 5135, 7320, 5016, 4455, 1016, 3762, 5387, 2352, 4049, 1000, 3179, 1735, 5789, 5372, 4724, 685, 5526, 1828, 6339, 5976, 264, 645, 5895, 5482, 3808, 1141, 1909, 5442, 7480, 3953, 2668, 5647, 5939, 2837, 270, 3811, 4160, 2849, 2642, 5738, 4590, 4390, 205, 2781, 2258, 4000, 6711, 5356, 886, 2662, 3672, 3262, 6141, 3341, 3561, 284, 7483, 4651, 3990, 7445, 1782, 6646, 838, 1751, 1411, 198, 7048, 3775, 7465, 7325, 2920, 3201, 237, 5204, 7393, 2830, 2415, 250, 5652, 5492, 2594, 3367, 86, 1017, 4883, 296, 2003, 3876, 7443, 5153, 1906, 648, 400, 4483, 3285, 212, 6643, 842, 4009, 3391, 3863, 56, 4416, 145, 4663, 1780, 667, 2338, 2700, 3688, 4167, 4196, 4838, 2255, 1682, 1896, 2176, 929, 2528, 5632, 4648, 1339, 5876, 69, 2367, 463, 2591, 7486, 6474, 6461, 1369, 6531, 3897, 91, 4687, 1501, 362, 5771, 2093, 2333, 3955, 372, 606, 1223, 3804, 1701, 443, 7227, 717, 7485, 7119, 2406, 2063, 3504, 5981, 3535, 4841, 2097, 4050, 2213, 5283, 3257, 6342, 1910, 6998, 5838, 1395, 6645, 6489, 5413, 3022, 1904, 914, 4962, 1107, 4081, 4308, 7321, 1810, 5450, 3644, 3907, 7523, 1225, 3476, 1317, 5154, 7484, 1824, 7040, 653, 5677, 2379, 7323, 7322, 1852, 3708, 3317, 1010, 4053, 2857, 6014, 1989, 388, 6162, 6499, 1442, 4145, 3580, 4077, 944, 4787, 2805, 2833, 2779, 2178, 5717, 5681, 1681, 1776, 4909, 3417, 
Weights: 284.143, 63.3403, 65.8646, 58.8458, 50.6881, 32.2914, 92.4211, 251.915, 91.0311, 50.9606, 0, 0, 32.8377, 266.545, 0, 354.802, 68.0892, 65.9071, 0, 0.992244, 0.390194, 0.768259, 0, 4.97259, 0, 1.01426, 1.0055, 0, 118.487, 46.9488, 110.181, 30.4459, 4.82663, 19.5479, 0, 0, 0, 170.127, 40.4539, 48.0333, 0, 1.29767, 26.2154, 70.1631, 5.43088, 0.95142, 0, 1.169, 1.21389, 0.943226, 128.745, 2.51225, 62.61, 14.0779, 50.7195, 11.0303, 49.6504, 1.1865, 301.562, 0, 0.997316, 0.999325, 220.305, 353.487, 2.36854, 15.5955, 60.4311, 1.00254, 0, 38.3329, 18.7782, 7.46754, 19.7964, 0, 3.00756, 0.0535374, 14.0562, 0.234322, 0.992015, 0, 1.44659, 0, 5.80119, 0.402175, 0.02788, 114.67, 0, 1.05354, 51.366, 0, 9.61108, 2.24627, 23.0041, 0, 23.1272, 52.6606, 0.0868419, 0.980639, 30.7566, 0, 80.6297, 0, 42.6594, 67.5296, 0.904255, 1.00376, 0, 186.076, 0.689369, 0, 26.9711, 0.721112, 0.994151, 4.05726, 1.0342, 36.6831, 0, 0, 81.9491, 1.19451, 8.30661, 21.5637, 1.02014, 6.21713, 8.31103, 0, 1135.28, 1138.59, 88.863, 161.98, 0, 0, 24.1601, 0, 10.1556, 0.973941, 41.9408, 23.3003, 210.342, 12.2822, 0, 0, 32.8137, 0, 82.484, 14.2307, 272.638, 21.0539, 99.9893, 25.0633, 7.94268, 27.4601, 4.94688, 60.7089, 11.6913, 0, 0, 75.4507, 0.635498, 51.5594, 8.92425, 0, 0, 0, 15.3696, 12.102, 0, 0.202521, 117.173, 37.685, 0, 0, 0, 47.3195, 143.387, 0.988969, 19.0111, 15.1445, 1.03557, 17.4151, 45.9448, 0, 29.8186, 0, 128.923, 0, 20.1042, 1.23888, 55.154, 8.11988, 33.8424, 0, 0, 34.1879, 0, 0.899542, 170.13, 1.05923, 21.8547, 37.3402, 299.354, 57.9273, 19.4571, 0.863712, 240.057, 0, 16.6921, 151.128, 33.8101, 87.1532, 1.36817, 15.1074, 0, 0, 19.2313, 1.96236, 0, 99.7896, 16.2713, 24.5015, 89.0593, 11.4089, 66.3588, 0, 0, 181.681, 26.5023, 0, 71.0098, 0, 0, 61.4149, 3.98081, 1.05027, 1.02126, 0, 10.5286, 0, 57.4715, 26.6469, 
n_nonzero: 181

