n_tets: 27
relErr: 0.000827276
Selected tets: 5390, 2255, 5881, 7419, 5645, 3900, 5779, 951, 13400, 1868, 5445, 661, 3712, 3683, 5671, 8652, 1449, 3670, 11240, 10058, 442, 8733, 6318, 6614, 2451, 1518, 4396, 
Weights: 2504.06, 485.577, 0, 0, 0, 0, 0, 0, 272.61, 62.066, 0, 0, 0, 2122.26, 0, 0, 147031, 9.85312, 0, 1490.78, 0, 15880.3, 0, 0, 1400.23, 3.40464e+13, 143.767, 
n_nonzero: 12

Running time so far: 24.78s

