n_tets: 72
relErr: 0.162191
Selected tets: 11653, 17340, 29124, 23576, 14512, 19181, 26439, 14755, 7643, 20581, 27376, 9208, 22436, 17370, 29530, 12686, 9765, 5093, 27829, 5223, 10587, 2282, 28753, 4945, 11956, 10685, 27251, 12253, 14924, 23185, 4460, 21799, 19166, 25112, 6928, 19480, 3092, 14022, 13107, 26027, 22837, 24849, 10400, 3918, 14873, 8521, 25376, 16928, 21411, 12601, 15774, 17871, 16874, 12159, 211, 14017, 13163, 9065, 1531, 2956, 17173, 3391, 5773, 4144, 21586, 2015, 4242, 10516, 3130, 9781, 17745, 21040, 
Weights: 2556.08, 2169.87, 0, 0, 0, 0, 0, 0, 0, 4.19715, 348.046, 1.11504, 3258.19, 1789.61, 0.536708, 2498.24, 823.819, 360.703, 1.92047, 693.983, 2857.36, 700.338, 0, 1.48824, 3.62675, 0, 0.998655, 2302.07, 979.309, 0, 746.746, 1.1375, 0.962597, 27.6712, 0, 29.1903, 135.768, 423.729, 0, 46.7576, 0, 0, 0.974254, 100.053, 1045.36, 0.456746, 0, 544.357, 15.9408, 2.03206, 0, 0, 858.345, 229.887, 1.02158, 674.265, 473.3, 0, 865.009, 619.356, 569.642, 387.628, 0, 3753.93, 0.700554, 1126.74, 0.718071, 209.32, 645.973, 77.0304, 427.262, 0.469096, 
n_nonzero: 53

Running time so far: 113.274s

