n_tets: 160
relErr: 0.411581
Selected tets: 102, 136, 98, 97, 43, 181, 200, 77, 68, 10, 28, 79, 2, 67, 1, 39, 47, 149, 65, 129, 188, 45, 190, 76, 176, 183, 146, 9, 53, 160, 26, 167, 5, 86, 157, 124, 55, 142, 17, 145, 18, 108, 88, 166, 44, 99, 63, 70, 197, 105, 178, 152, 15, 36, 24, 11, 126, 174, 27, 96, 83, 141, 185, 30, 37, 40, 62, 59, 23, 150, 133, 81, 14, 171, 119, 154, 41, 84, 104, 173, 117, 50, 199, 196, 94, 148, 52, 48, 25, 54, 19, 203, 20, 109, 161, 31, 194, 115, 51, 189, 112, 122, 134, 69, 0, 3, 4, 6, 7, 8, 12, 13, 16, 21, 22, 29, 32, 33, 34, 35, 38, 42, 46, 49, 56, 57, 58, 60, 61, 64, 66, 71, 72, 73, 74, 75, 78, 80, 82, 85, 87, 89, 90, 91, 92, 93, 95, 100, 101, 103, 106, 107, 110, 111, 113, 114, 116, 118, 120, 121, 
Weights: 0, 0, 0, 0, 0, 0, 0, 0, 0, 0, 0, 0, 0, 0, 1.78883e-15, 0, 0, 0, 0, 0, 0, 0, 0, 0, 3.93967, 0, 0, 0, 0, 0, 0, 0, 0, 0, 0, 0, 0, 0, 0, 0.028106, 1.25645, 0, 0, 0, 0, 0, 0.135492, 0, 0, 0, 155394, 0, 0, 7.73312e-15, 0, 0, 0, 0, 0, 0, 0, 0, 0, 0.717351, 0, 0, 0, 25.0874, 0, 0, 0, 0, 0.0364224, 23.6728, 0, 0, 0, 0, 0, 0, 0, 0, 0, 0, 0, 0, 0, 0, 0, 0, 0, 0, 0, 0, 0, 0, 0, 0, 0, 0, 0, 0, 0, 0, 6.31407e-15, 0, 0, 0, 0, 1.45695e-13, 0, 0, 0, 0, 0, 0, 0, 27.3241, 0, 0, 0, 1.50609e-05, 0, 20.677, 0, 0.0515439, 0, 0, 5.84307e-14, 0, 0, 0, 35.2209, 0, 0, 0, 0, 0, 0, 0, 0.326133, 1.94809e-08, 73126.7, 0, 0, 0, 4.11442e-13, 0, 0, 0, 0, 0, 0, 0, 0, 0, 0, 0, 0, 0, 
n_nonzero: 16

