n_tets: 196
relErr: 0.725161
Selected tets: 78587, 128563, 48442, 149682, 160014, 2015, 66446, 39846, 43336, 157381, 157795, 93891, 159206, 3399, 49966, 163843, 121845, 102410, 64777, 55052, 79036, 69428, 81017, 157768, 50882, 156161, 159253, 148938, 138364, 80564, 43124, 107873, 9040, 99442, 88123, 119324, 143191, 9738, 142269, 99581, 115412, 59264, 134218, 100165, 84788, 58308, 106939, 106149, 87929, 109663, 53605, 37499, 50840, 155148, 155539, 2123, 85313, 67466, 161739, 24274, 111097, 84810, 159546, 104669, 5141, 86030, 59222, 32670, 140000, 68628, 162553, 5063, 98650, 131532, 111231, 641, 57477, 110357, 102024, 17188, 131151, 104258, 150631, 55400, 146461, 70653, 152920, 161160, 119894, 159637, 3345, 138931, 135957, 89076, 64355, 141361, 142635, 36521, 162377, 87789, 13770, 73621, 155062, 18560, 3461, 160494, 51432, 4401, 162326, 39757, 87876, 100366, 36840, 3300, 73190, 115468, 28728, 55479, 87553, 116752, 381, 18771, 144296, 82551, 99887, 75546, 89392, 52980, 36436, 53101, 37457, 18221, 67229, 61544, 3341, 97483, 156221, 105674, 148638, 109298, 157599, 100775, 74975, 154943, 137605, 63378, 92814, 127975, 11541, 3083, 137149, 19484, 143341, 40879, 154783, 77150, 122419, 111142, 87133, 113245, 19589, 73517, 28845, 122407, 127430, 30553, 149391, 118710, 92557, 144050, 117284, 3947, 32117, 147417, 64575, 157794, 140696, 140733, 159518, 123306, 66579, 28088, 12764, 107325, 137384, 3974, 8233, 150944, 105993, 97030, 161439, 131470, 56692, 40855, 19470, 81086, 
Weights: 3629.03, 0, 4117.78, 3336.44, 860.046, 76.5768, 248.243, 170534, 27200.7, 65.1989, 0.191154, 8.17421, 4.82732, 1.02363, 1252.59, 1.31791, 0, 1642.55, 1788.14, 124.889, 9.57265, 1.84727, 0.014803, 4836.8, 312.692, 0, 58.7573, 12.5604, 0.999958, 0, 39.9006, 117.262, 8.53389, 0.865917, 0, 0.670506, 0.368516, 1.05446, 1.04942, 1.04564, 14.5707, 1544.93, 0.944741, 0.914375, 34.0303, 1.10149, 329.555, 1.40123, 0.929308, 647461, 1824.65, 0.738235, 1.01951, 1.10685, 1.04365, 0.661566, 10.9363, 0.895057, 45.9965, 819.124, 62.8379, 1.00036, 1.62221, 0, 80.6508, 1.26162, 0.5249, 0.98081, 1483.99, 2.80431, 20.4805, 1.21968, 1.04003, 0.62112, 8.43279, 375.209, 11.764, 0.95627, 1.05907, 1.49989, 0, 1.046, 0.702405, 1.43017, 10.0249, 1.11685, 97.1541, 1.09554, 2.36301, 2.99749, 1.06898, 5.66921, 0.962225, 0.210985, 1347.1, 297.57, 1.01328, 0, 1.32907, 1.1843, 10.5258, 1.04471, 0.883846, 43.4069, 10.0551, 285.078, 0.952311, 0.965194, 2.17173, 1.05218, 1.03769, 1.46005, 1.17135, 4.08408, 1.37503, 5.27494, 1.01392, 1.43195, 0.944795, 1.48394, 24.6573, 0.284974, 0.0566215, 1.43771, 1.05079, 505.432, 0.931192, 2.8192, 1.2306, 0.984042, 0.966383, 0.463553, 4.07697, 2.28962, 0.993135, 1.14626, 0.99845, 1.18246, 1.96875, 1.64114, 3.37974, 0, 1520.9, 1.1223, 1.82581, 1.01382, 1.00351, 1819.9, 1.00233, 0.80732, 0.999274, 4.52726, 167.117, 6.84455, 0, 394.086, 1.0714, 0.72406, 1.069, 0.991736, 0.448346, 1.86983, 0.980755, 2.73051, 31.6481, 1.05005, 1.01283, 0.981352, 8744.32, 1.43802, 0.958367, 0, 1.03743, 697.817, 1.0053, 1.04971, 0, 1.33156, 318.293, 1.09526, 1.04942, 1.27905, 0.874815, 3.74143, 365.196, 3215.09, 127.085, 1.35523, 1.06129, 5234.6, 0.988655, 1.07497, 626.165, 1.08938, 0.910582, 0, 
n_nonzero: 183

Running time so far: 3500.95s

