n_tets: 22
relErr: 0.308882
Selected tets: 99, 89, 141, 93, 171, 185, 186, 65, 77, 57, 53, 2, 172, 119, 137, 18, 135, 168, 84, 194, 202, 101, 
Weights: 42.6675, 1.03954, 56.1005, 1.0103, 36.3418, 0.938702, 1.07734, 4.8026, 1.03544, 1.41321, 127.432, 9.28872, 12.3263, 0.405342, 0.969125, 1.53235, 37.4611, 32.2788, 0.996666, 1.02486, 1.54816, 2.04781, 
n_nonzero: 22

