n_tets: 11
relErr: 0.134334
Selected tets: 13986, 9874, 28312, 13284, 1214, 27342, 6233, 24777, 25350, 11692, 1312, 
Weights: 1148.73, 7868.28, 3482.25, 6165.17, 704.727, 6351.93, 822.122, 3577.65, 3232.89, 8517.02, 2809.71, 
n_nonzero: 11

Running time so far: 4.27643s

