n_tets: 126
relErr: 0.163788
Selected tets: 10555, 21616, 12946, 21677, 4748, 6996, 23325, 27965, 4263, 12045, 17320, 25683, 19465, 9519, 19914, 12330, 23888, 5093, 21360, 28276, 21477, 726, 19503, 27247, 19660, 8811, 19456, 1518, 11035, 8328, 15796, 13232, 19166, 13409, 6928, 11618, 25707, 19162, 2547, 15300, 2987, 17874, 23620, 1861, 15479, 1269, 22785, 25329, 27418, 10401, 17509, 29299, 4195, 25933, 24111, 12388, 15089, 13391, 10002, 20247, 6697, 16256, 19800, 1543, 21586, 15012, 15261, 18244, 12419, 5851, 4114, 13262, 4087, 12118, 14799, 19346, 18806, 6050, 5897, 19548, 27873, 14866, 12204, 6574, 615, 23457, 14449, 24519, 11464, 5283, 27830, 26024, 26451, 4776, 3022, 22444, 1404, 20672, 4294, 25936, 21442, 23021, 19072, 15701, 2551, 3044, 25426, 22905, 8294, 5524, 10404, 21587, 2827, 14554, 27248, 9885, 14214, 11571, 26472, 15465, 14082, 21181, 14519, 12796, 17326, 12794, 
Weights: 4622.87, 964.726, 714.921, 811.219, 0, 742.345, 857.699, 0, 1.6762, 13.3969, 0.633837, 389.727, 1.01952, 1436.89, 597.272, 380.75, 107.033, 140.232, 0.981638, 2801.66, 2.02832, 0, 103.938, 1.43121, 38.2811, 0, 538.948, 0.875921, 47.1245, 670.522, 512.197, 6.44329, 0.508861, 0, 10.1815, 0, 1247.04, 116.648, 102.342, 0, 0, 2.57822, 0, 1.55407, 0, 0.434528, 2371.85, 83.9118, 1356.37, 34.1991, 131.099, 154.983, 754.541, 0, 1.83858, 62.792, 1462.85, 457.162, 0.0854521, 0, 0, 0, 0.856475, 1.22762, 0.935641, 0, 0, 1331.76, 10.3002, 0, 0, 0, 1.01242, 109.377, 60.2863, 650.862, 2106.2, 0, 314.925, 0, 1130.11, 1.59448, 591.977, 0, 295.942, 1.85056, 42.1754, 19.3588, 548.099, 0, 14.3127, 4.60369, 0, 0, 0, 1.78026, 290.745, 0, 0, 61.2749, 1.1335, 2.33137, 0, 342.419, 0, 843.25, 0, 72.0888, 1.02667, 3.62731, 49.3926, 17.3181, 0, 142.327, 4.02415, 0, 31.5148, 1.1482, 0, 0, 0, 89.8302, 0, 0.792408, 12.7309, 0, 
n_nonzero: 88

Running time so far: 137.364s

