n_tets: 120
relErr: 0.153719
Selected tets: 11653, 17340, 29124, 23576, 14512, 19181, 26439, 14755, 7643, 20581, 27376, 9208, 22436, 17370, 29530, 12686, 9765, 5093, 27829, 5223, 10587, 2282, 28753, 4945, 11956, 10685, 27251, 12253, 14924, 23185, 4460, 21799, 19166, 25112, 6928, 19480, 3092, 14022, 13107, 26027, 22837, 24849, 10400, 3918, 14873, 8521, 25376, 16928, 21411, 12601, 15774, 17871, 16874, 12159, 211, 14017, 13163, 9065, 1531, 2956, 17173, 3391, 5773, 4144, 21586, 2015, 4242, 10516, 3130, 9781, 17745, 21040, 4087, 6192, 18687, 12445, 18806, 18181, 18118, 29685, 25223, 29272, 14235, 13331, 14252, 7433, 4876, 27465, 26924, 24111, 15127, 12545, 1301, 12638, 17226, 27963, 13006, 8509, 4076, 4090, 17307, 29291, 13065, 25831, 13257, 13249, 11066, 17692, 8294, 22721, 58, 16989, 21930, 4862, 19164, 12648, 19562, 21931, 13189, 17545, 
Weights: 2389.41, 994.503, 0, 130.574, 0, 0, 0, 0, 0, 3.9812, 304.681, 1.11804, 0, 1262.79, 0.543691, 1440.99, 631.826, 227.742, 1.92093, 177.159, 996.379, 0, 605.764, 1.48078, 1.208, 1252.07, 0.997937, 1878.83, 422.674, 70.1397, 0, 1.19463, 0.961056, 38.9027, 0, 21.3532, 45.4144, 214.992, 0, 0, 17.9636, 132.238, 0.974575, 368.253, 181.721, 0.459431, 0, 0, 58.0062, 2.04414, 0, 0, 186.086, 57.061, 1.03974, 896.772, 382.974, 0, 1675.32, 1036.05, 0, 0, 0, 2069.38, 0.700302, 1473.08, 0.766678, 283.947, 1516.69, 0, 513.708, 0.524651, 0.966707, 1733.58, 417.237, 0, 0, 1.23099, 1.56709, 0, 0, 2.1405, 0, 1.13026, 4.08067, 234.73, 0, 1106.24, 0, 31.2296, 25.9215, 90.2431, 389.274, 0, 94.9195, 0, 9.08761, 98.9736, 233.714, 0.872113, 375.515, 0.325911, 0.960603, 7490.69, 279.296, 980.418, 0, 0, 1.47434, 45.0258, 0, 0, 0, 0, 2.80416, 0, 8.16632, 0, 0, 0, 
n_nonzero: 80

Running time so far: 170.865s

