n_tets: 49
relErr: 0.361707
Selected tets: 995, 6736, 3302, 3987, 3394, 5919, 5053, 3766, 4748, 2193, 2122, 6506, 5764, 1865, 4146, 1481, 7325, 7320, 3959, 6094, 983, 4455, 1823, 6731, 3811, 2352, 488, 6772, 7227, 66, 6257, 6007, 3897, 2837, 6381, 2097, 2003, 2113, 6822, 854, 5717, 2379, 5482, 929, 4260, 5442, 5647, 3953, 7480, 
Weights: 925.194, 212.642, 326.366, 129.353, 166.595, 524.603, 90.9498, 800.817, 383.869, 220.448, 164.935, 813.384, 80.3647, 187.204, 80.9497, 236.851, 1.00528, 0.9221, 91.8845, 114.292, 190.726, 0.653401, 0, 611.666, 137.547, 1.02626, 1.01405, 266.399, 16.2838, 343.753, 37.3455, 110.201, 20.8569, 3.60106, 264.06, 1.07078, 0.998996, 183.343, 25.3329, 137.227, 0.950255, 1.36593, 1.2113, 0.973486, 456.836, 0.928303, 1.00274, 3.44347, 0.802123, 
n_nonzero: 48

