n_tets: 187
relErr: 0.0595208
Selected tets: 13986, 9874, 28312, 13284, 1214, 27342, 6233, 24777, 25350, 11692, 1312, 15251, 11970, 6638, 15836, 26177, 12232, 22738, 4998, 19909, 19835, 19799, 18800, 1088, 9388, 8792, 10521, 18579, 21869, 15721, 6623, 9788, 186, 26553, 20056, 12458, 20950, 21067, 20597, 24495, 27104, 6222, 215, 3129, 4136, 8521, 23166, 15194, 25355, 2064, 2824, 7633, 5419, 1906, 17492, 17558, 1541, 191, 20393, 11877, 24089, 7382, 27757, 10960, 21177, 9228, 11678, 14312, 13939, 5052, 4979, 13407, 22993, 20059, 21061, 17591, 18961, 24762, 19733, 8776, 21175, 19188, 4395, 18922, 17562, 8507, 21683, 13200, 21730, 7716, 4176, 16017, 12656, 29389, 2291, 10248, 22502, 16225, 24080, 4511, 10807, 9106, 23911, 9840, 25841, 5362, 28931, 256, 3857, 23843, 15303, 24964, 723, 22646, 3114, 1210, 24852, 29425, 6932, 14520, 11434, 21181, 12534, 293, 21755, 22435, 17221, 17785, 14797, 29482, 22609, 8294, 19923, 11702, 19083, 26436, 2840, 8550, 18423, 21044, 4142, 2781, 19575, 15904, 1539, 2282, 5816, 8298, 21427, 24205, 14012, 14015, 4153, 22113, 17390, 24144, 23891, 4489, 21777, 23887, 19517, 7318, 6878, 15772, 9748, 8520, 7316, 14262, 8556, 11055, 18952, 17968, 8629, 2784, 11945, 25049, 20607, 17308, 25544, 19082, 6007, 9138, 21586, 20054, 10659, 17522, 12008, 
Weights: 354.038, 0, 587.162, 0, 0, 83.964, 455.308, 2009.02, 423.79, 0, 1483.55, 0, 0, 0, 122.889, 485.422, 59.7069, 0, 189.762, 0, 24.4538, 156.968, 0, 0, 0, 312.879, 14.8929, 62.2948, 0, 761.925, 0, 419.991, 0, 100.159, 25.064, 0, 921.722, 0, 25.5663, 766.356, 0, 1356.56, 0, 0, 66.893, 148.254, 110.62, 677.021, 390.079, 196.218, 0, 304.303, 109.619, 186.259, 0, 408.082, 0, 63.1287, 0, 176.202, 0, 57.5253, 292.231, 0, 1.667, 0, 76.7773, 0, 0, 146.552, 0, 118.694, 76.1206, 116.263, 2129.45, 85.088, 525.206, 701.187, 0, 0, 0, 321.541, 97.5002, 447.717, 697.382, 232.353, 148.08, 66.686, 82.4165, 0, 0, 235.893, 523.442, 0, 0, 876.085, 3.1614, 0, 19.3398, 891.889, 56.5017, 946.688, 48.6457, 274.525, 0, 1088.39, 223.932, 83.541, 0, 329.537, 40.78, 0, 0, 141, 31.3818, 0, 0, 926.54, 0, 390.136, 197.27, 0, 75.0268, 124.213, 0, 0, 115.999, 68.2415, 612.121, 0, 239.611, 7.29833, 191.511, 64.1111, 2.03605, 0, 16.4601, 0, 422.084, 0, 7.26721, 27.0852, 20.5608, 478.692, 118.212, 35.8165, 568.283, 511.208, 531.441, 0, 0, 99.6807, 0, 0, 0.615028, 0, 0, 420.415, 61.0521, 47.8182, 0, 40.5631, 0, 50.3786, 353.264, 118.19, 22.9375, 15.5926, 46.8536, 308.175, 105.819, 85.6837, 104.954, 116.503, 62.9238, 0, 383.347, 0, 0, 0, 366.04, 9.54279, 0.688832, 4.50784, 0, 123.944, 47.8659, 
n_nonzero: 122

Running time so far: 44.1433s

