n_tets: 182
relErr: 0.298407
Selected tets: 25446, 10248, 10457, 5073, 26400, 4188, 19208, 5490, 23752, 17764, 10396, 18093, 21116, 11022, 27637, 23835, 14036, 27024, 11116, 23742, 11381, 23364, 1381, 24972, 18601, 13926, 6043, 13318, 897, 22844, 15735, 3129, 16526, 3854, 4266, 10273, 4054, 17245, 7116, 23400, 25791, 2721, 15489, 6031, 5092, 7787, 27307, 28552, 4161, 10270, 5192, 8788, 17138, 13389, 21944, 22079, 16676, 23385, 11760, 13846, 17643, 17325, 11672, 22694, 9475, 15456, 4370, 768, 20704, 17529, 6474, 4846, 5565, 6278, 2593, 21998, 21795, 10679, 16158, 4676, 9945, 16454, 26415, 24946, 20654, 16473, 10380, 871, 13107, 19901, 6337, 9274, 22333, 26184, 20080, 18953, 17370, 6295, 19054, 11859, 18179, 12478, 18316, 27025, 24970, 9650, 1361, 1025, 22842, 24509, 10680, 20193, 19050, 5833, 26770, 5319, 15077, 27142, 17970, 17603, 5792, 12170, 7710, 27299, 27020, 15852, 13102, 12905, 4041, 12342, 5483, 7310, 9942, 8325, 11686, 7213, 8645, 5502, 16251, 5064, 18944, 26000, 17760, 23552, 12437, 22680, 27699, 22428, 11860, 8995, 26801, 4371, 11959, 23365, 24430, 10864, 15049, 8914, 17259, 21483, 9019, 24646, 8009, 14739, 14294, 4935, 9356, 26859, 14407, 27580, 13227, 25886, 22963, 14225, 17414, 4871, 9471, 25663, 25362, 25937, 1612, 28620, 
Weights: 0, 687.57, 10.8544, 876.851, 3764.39, 271.208, 11.5117, 590.291, 1884.56, 0, 0, 436.374, 368.475, 12.8882, 0, 355.324, 0, 0, 0, 0, 28.0319, 0, 0, 64.5881, 0, 0, 1.59854, 0, 0, 7.54601, 0.507319, 0, 0.796458, 0, 379.454, 1656.02, 2.06825, 0, 0, 89.7223, 2.25597, 0, 197.948, 0, 1.02256, 35.6616, 10.8277, 341.554, 2494.32, 0, 0, 0, 5.19695, 12.6097, 0, 633.966, 0, 0, 12.6227, 0, 27.9599, 1117.3, 556.044, 6066.03, 2850.48, 1.31873, 0, 267.539, 0, 11.8735, 0, 73.6829, 9.17913, 31.6022, 0, 0, 13.4712, 7.53548, 46.1588, 0.0688526, 3.9968, 3331.97, 0, 29.4736, 16.6523, 247.346, 2.15643, 0, 5.45774, 387.407, 16.7934, 1.16218, 0, 2.55607, 698.403, 7.46392, 0, 1.68507, 0.0292549, 1.99638, 0.978489, 108.595, 45.097, 0.853649, 6.15552, 1488.03, 74.173, 0, 1.04779, 1032.16, 24.8021, 0, 0, 422.679, 0.991772, 0, 565.653, 100.033, 0, 0, 0.819684, 1.58942, 0, 0, 1.07563, 0, 0, 0, 0, 2752.77, 1.21207, 4655.72, 700.306, 0, 0, 1274.35, 2828.47, 475.233, 54.4414, 843.308, 0, 0, 8.23918, 202.781, 0, 17.4149, 0, 0.964592, 66.0985, 0, 1493.56, 76.3076, 0.742352, 0, 0, 645.786, 1.00071, 0.0430838, 0.348461, 8.6616, 0, 0, 0, 28.2587, 0, 24.1844, 1499.14, 5.888, 0, 181.846, 0, 968.859, 0, 3.96974, 8.10648, 28.4989, 59.9912, 11.0182, 0, 0, 603.286, 200.928, 
n_nonzero: 116

Running time so far: 56.6093s

