n_tets: 72
relErr: 0.60283
Selected tets: 109225, 86416, 19065, 23959, 20611, 46163, 21172, 5626, 164053, 22911, 207, 145016, 5469, 587, 71853, 47093, 20132, 124881, 74601, 43764, 43954, 116136, 70744, 162421, 47365, 109863, 158477, 87902, 162730, 154546, 122013, 113089, 120044, 107669, 146025, 70309, 155917, 51586, 125604, 63079, 148199, 108684, 110284, 101291, 142233, 72943, 98066, 43744, 104180, 30846, 151967, 107631, 84390, 37805, 38015, 132317, 108138, 131378, 61009, 15, 42903, 138783, 5580, 46902, 102208, 68774, 1766, 2263, 61608, 140583, 53294, 144318, 
Weights: 1109.09, 1342.7, 3194.32, 357.132, 7029.53, 0, 0, 4165.68, 0, 15342.1, 242.781, 0, 18486, 434.384, 13.9052, 0, 5325.95, 176.147, 8720.29, 3453.87, 4.34901, 104.191, 580.88, 105.498, 1.24481, 16384.7, 17.5094, 4.82816, 138864, 2279.42, 18.6111, 3323.55, 411.233, 1982.63, 2622.44, 78.3882, 6077.92, 221886, 225.662, 2.41957, 0, 0.946907, 3237.57, 0, 0, 80.3641, 1540.3, 9283.71, 0, 0, 0, 163509, 19.4727, 31679, 708.843, 18986.8, 215.722, 0, 54874.3, 0, 4530.78, 99.1643, 1495.23, 1064.87, 522.858, 1.07587, 0, 0.417145, 20.6312, 196.473, 2619.61, 0, 
n_nonzero: 57

Running time so far: 79.9639s

