n_tets: 130
relErr: 0.468042
Selected tets: 1842, 1597, 1136, 1224, 452, 822, 1277, 1021, 1856, 1431, 1326, 1875, 1870, 1851, 345, 1428, 475, 146, 405, 1311, 292, 520, 1854, 1332, 427, 731, 489, 1198, 50, 262, 363, 252, 1206, 955, 462, 435, 59, 874, 21, 246, 1652, 1143, 1790, 593, 559, 1457, 1627, 880, 849, 30, 1051, 455, 619, 281, 1638, 1583, 1341, 1102, 1503, 1210, 108, 504, 1159, 238, 682, 1427, 848, 5, 1194, 536, 529, 697, 881, 840, 1454, 1977, 1319, 638, 609, 1490, 1446, 502, 1578, 1868, 1761, 1628, 1351, 305, 447, 1392, 534, 1535, 198, 1032, 853, 1775, 949, 432, 36, 1926, 1119, 324, 1932, 595, 122, 1515, 1779, 753, 767, 1544, 1370, 1197, 1157, 1566, 1005, 1417, 732, 573, 235, 975, 838, 1462, 1009, 105, 918, 13, 1442, 329, 623, 921, 
Weights: 35.6188, 179.626, 359.552, 0.58896, 0.937556, 0.997888, 61.8604, 1.07562, 0.930591, 1.04654, 356.268, 0.956224, 2.36618, 4.47385, 2.09097, 1.24606, 0.973049, 0.767559, 1.02201, 0.945341, 13.3786, 1.06009, 1.13336, 0.88679, 0.90872, 1.99398, 0.956123, 0.997764, 1.31547, 0.945409, 1.39737, 0.930988, 1.03039, 0.351994, 1.05467, 0.95479, 1.07286, 0.904628, 1.04496, 0.953681, 398.099, 0.997542, 0, 4.4831, 0, 16.2026, 1.01666, 2.11746, 0.790362, 0.59896, 1.01427, 0.938103, 1.01554, 0.353137, 0.956469, 1.11076, 0.853275, 0.960358, 1.08035, 1.24313, 1.03491, 1.44765, 0.518562, 0.922427, 0.761672, 0.739871, 6.01063, 0.966551, 1.02111, 1.05324, 0.998329, 1.80856, 1.13539, 1.12577, 1.04905, 1.33969, 1.2359, 0.89932, 1.04196, 0.994739, 66.5678, 0.976782, 0.56687, 0.913457, 1.03711, 0.826781, 16.3917, 1.13942, 0, 0.988936, 1.03256, 1.01542, 10.6229, 1.02533, 43.9764, 0.937799, 0.71834, 1.10416, 1.04592, 3.3939, 0.633358, 0.898801, 4.00671, 211.24, 6.65705, 0.222426, 1.03225, 0.996357, 1.20634, 0.940585, 6.61132, 3.63983, 0, 0.965747, 0.206834, 0.728937, 2.69088, 1.13588, 335.565, 43.1574, 1.17551, 70.9808, 1.01477, 19.2673, 0.733298, 0.470405, 5.27291, 1.16252, 0.920348, 1.43792, 
n_nonzero: 126

