n_tets: 35
relErr: 0.38458
Selected tets: 995, 6736, 3302, 3987, 3394, 5919, 5053, 3766, 4748, 2193, 2122, 6506, 5764, 1865, 4146, 1481, 7325, 7320, 3959, 6094, 983, 4455, 1823, 6731, 3811, 2352, 488, 6772, 7227, 66, 6257, 6007, 3897, 2837, 6381, 
Weights: 934.306, 282.672, 371.614, 117.693, 118.717, 464.303, 98.6578, 983.781, 483.093, 269.13, 138.093, 727.387, 99.018, 271.703, 127.485, 230.138, 0.532868, 0.911725, 174.039, 139.712, 187.952, 0.57223, 175.275, 557.389, 135.084, 1.02254, 1.01324, 319.353, 14.1632, 576.568, 53.291, 101.139, 23.0755, 2.81093, 203.551, 
n_nonzero: 35

