n_tets: 123
relErr: 0.0876209
Selected tets: 995, 6736, 3302, 3987, 3394, 5919, 5053, 3766, 4748, 2193, 2122, 6506, 5764, 1865, 4146, 1481, 7325, 7320, 3959, 6094, 983, 4455, 1823, 6731, 3811, 2352, 488, 6772, 7227, 66, 6257, 6007, 3897, 2837, 6381, 2097, 2003, 2113, 6822, 854, 5717, 2379, 5482, 929, 4260, 5442, 5647, 3953, 7480, 3285, 2645, 3423, 7447, 205, 7291, 3554, 1134, 5283, 2773, 7449, 4780, 2781, 2964, 1828, 1942, 5356, 7446, 2662, 7378, 1587, 757, 3561, 5450, 489, 7483, 2988, 2756, 1944, 1782, 3087, 838, 1882, 3553, 198, 2212, 1505, 7445, 5823, 2668, 3188, 3426, 3122, 7048, 3326, 1443, 4753, 5652, 5492, 6283, 834, 3932, 1017, 847, 175, 7226, 3876, 6269, 2178, 1906, 2868, 5016, 4483, 4707, 5837, 6643, 2621, 4613, 2748, 2488, 4049, 7420, 1309, 4663, 
Weights: 601.311, 298.182, 67.2266, 147.114, 78.3498, 205.695, 10.0042, 0, 290.76, 43.2326, 15.1287, 608.339, 64.3716, 103.185, 80.1388, 0, 1.04391, 0.947297, 46.6319, 90.5414, 54.8017, 0.678906, 0, 302.345, 81.4919, 1.00622, 1.05966, 165.549, 13.7691, 198.244, 51.7183, 75.5669, 5.14164, 2.10021, 144.495, 1.00039, 1.0524, 42.1943, 4.77247, 149.051, 1.01352, 1.02054, 0.445785, 1.00189, 229.487, 0.990192, 0.989184, 1.31031, 0.457251, 0.993519, 217.508, 220.117, 0.973692, 0.987501, 14.5045, 4.9106, 456.148, 1.02079, 0, 0.925169, 358.229, 0.998707, 54.5059, 58.1572, 2.22703, 0.879279, 0.748867, 1.00271, 93.823, 155.521, 0, 6.52033, 1.179, 232.699, 11.8221, 0.775462, 120.7, 0.554614, 0.948288, 0, 1.17913, 0.982236, 0, 0.374897, 83.4743, 237.985, 1.10673, 2.51093, 1.32538, 80.0777, 12.651, 111.867, 10.3169, 241.992, 36.0716, 0, 0.403827, 0.98282, 28.6958, 2.07573, 123.742, 0, 305.591, 325.61, 4.50642, 0.970123, 42.6547, 1.01327, 0.700201, 0.783642, 0.844713, 0.646956, 145.601, 0.97238, 1.0217, 23.2301, 36.4009, 0.989495, 1.73276, 1.0246, 15.7263, 43.4822, 1.00032, 
n_nonzero: 114

