n_tets: 44
relErr: 0.279789
Selected tets: 99, 89, 141, 93, 171, 185, 186, 65, 77, 57, 53, 2, 172, 119, 137, 18, 135, 168, 84, 194, 202, 101, 200, 14, 138, 107, 166, 155, 111, 198, 63, 189, 3, 72, 58, 203, 95, 49, 183, 30, 130, 146, 81, 67, 
Weights: 24.4768, 1.02843, 37.1046, 1.00433, 14.9093, 0.961165, 0.924954, 0.414686, 1.03042, 1.44847, 45.8821, 2.13013, 11.9751, 0.484794, 0.990098, 1.3948, 25.7485, 27.6585, 1.02024, 1.00106, 1.27401, 1.99101, 0.559127, 0.389768, 0.242244, 0.949082, 41.7151, 3.54628, 1.03684, 0.867068, 1.1762, 2.13055, 14.6109, 4.55852, 5.12031, 0.973897, 18.1198, 1.67167, 0.942038, 17.8864, 13.0234, 9.81129, 4.4461, 4.12147, 
n_nonzero: 44

