n_tets: 154
relErr: 0.358793
Selected tets: 32562, 42675, 7400, 38757, 28732, 43879, 34020, 14663, 14859, 42759, 22443, 10634, 5978, 37804, 28795, 28803, 32402, 41971, 29320, 20127, 20195, 11336, 44942, 27216, 22250, 1961, 39019, 20950, 16309, 24941, 28091, 39255, 43258, 1820, 33980, 29553, 38698, 38867, 4042, 8391, 31826, 7766, 16138, 3845, 43883, 2979, 24124, 29217, 10435, 21177, 4725, 20125, 17790, 22361, 19515, 36163, 28351, 29877, 21975, 13782, 29410, 18013, 10363, 4301, 8559, 33077, 16720, 37321, 12683, 5310, 10419, 1617, 8545, 39181, 19418, 34555, 18584, 44231, 1634, 2543, 15819, 38626, 28706, 19861, 19504, 38079, 24500, 34060, 33978, 25061, 12813, 42805, 38847, 24400, 43881, 44735, 15828, 26515, 9529, 38938, 38101, 6030, 4723, 31818, 31854, 44288, 21500, 41986, 6077, 13145, 35241, 13885, 43848, 22347, 16513, 13068, 13783, 9176, 13091, 24881, 39288, 16805, 14512, 15569, 4205, 11311, 37438, 6488, 4814, 18026, 14017, 3963, 41982, 18898, 34055, 39884, 41978, 33025, 12113, 1783, 27313, 6489, 6721, 9870, 34337, 28612, 8199, 17061, 8928, 23481, 18852, 39187, 1686, 12138, 
Weights: 1975.67, 7547.73, 157.252, 1.00025, 3781.9, 19.8429, 118.547, 0.999073, 2.39046, 0, 62.7533, 2079.42, 1841.76, 1.14919, 1.89257, 27.4026, 895.671, 22.8385, 113.477, 0, 0, 0.514716, 0, 0, 1146.29, 1.58131, 0, 399.038, 0, 0, 866.198, 0, 0, 1.1016, 2.45203, 379.382, 0.940816, 0.247447, 575.682, 1.08334, 208.024, 0, 0, 1375.53, 0.603427, 7.10422, 0, 0.894823, 42.9317, 0, 27.4599, 1.0413, 2.20207, 0, 15.42, 6.5658, 297.577, 0, 26.547, 0, 0, 1113.51, 1159.63, 37.049, 343.053, 0.915126, 0.959739, 5439.92, 0.568852, 8.17317, 0, 29.5841, 3.28197, 35.2047, 1283.23, 48.1059, 0, 52.9037, 1110.26, 0, 542.873, 3.9155, 0, 0, 287.133, 1605.17, 754.275, 93.2365, 133.512, 24.1844, 1.60138, 0, 1.30828, 0, 1.05193, 401.16, 650.492, 0.756937, 0.942671, 0.931181, 3.82818, 0, 0.389207, 40.7893, 183.263, 0, 1710.98, 0, 0, 1.91675, 1.01498, 1405.54, 0, 0.991094, 0, 0, 1.31126, 2186.71, 0, 354.768, 0, 87.6991, 957.323, 0, 2967.31, 0, 0, 378.619, 2.0887, 14.6386, 0, 1.14954, 33.245, 0, 12.718, 262.442, 1.36204, 207.429, 1.03183, 12.4256, 3.93722, 0.593409, 120.356, 2.32266, 32.9885, 26.3606, 1662.25, 67.8047, 0, 22.6592, 1.04167, 0.938893, 0, 208.943, 
n_nonzero: 113

Running time so far: 90.05s

