n_tets: 69
relErr: 0.806816
Selected tets: 124375, 134415, 59101, 93396, 121790, 82838, 79239, 131994, 91751, 28145, 46542, 82970, 22431, 26017, 89393, 121237, 161983, 138593, 61709, 70448, 84754, 128557, 143674, 13689, 164006, 69463, 84811, 64575, 144972, 20862, 111426, 47365, 100766, 151883, 30791, 5209, 7235, 47645, 1605, 8802, 101503, 138009, 992, 131827, 125549, 104824, 24099, 42982, 127101, 77928, 137145, 157359, 77567, 68322, 75164, 164244, 32125, 131204, 48075, 34815, 92476, 51644, 151043, 113766, 137605, 139011, 100819, 99588, 104180, 
Weights: 5803.82, 1400.12, 592.196, 3742.05, 1.77966, 1168.44, 1232.42, 15806.9, 2206.22, 11207.7, 28310.1, 15201.2, 1.02691, 1684.78, 109.936, 626.257, 2.39353, 143.133, 221.219, 192860, 4.19103, 1.01474, 201.327, 1.16291, 48.5366, 3309.27, 1463.73, 6035.08, 8769.93, 15045.9, 0.99744, 113.373, 787.98, 6.31187, 3145.6, 2220.18, 4.7592, 17.3753, 313.587, 54320.3, 13580.3, 4141.38, 2713.24, 3.38158, 7402.41, 1771.37, 83901.2, 802520, 2.55081, 2.85323, 19.298, 1.27522, 0.86654, 684825, 0.362107, 2888.56, 1.18125, 58.187, 106.115, 32074.7, 0.105772, 1.00689, 14763, 0.727425, 1.81806, 609.201, 82.2728, 811.434, 14.3614, 
n_nonzero: 69

Running time so far: 82.2586s

