n_tets: 124
relErr: 0.789778
Selected tets: 124375, 161983, 143674, 111426, 5209, 131827, 42982, 77928, 151043, 64033, 162187, 157029, 124555, 118915, 157615, 4787, 109839, 161340, 5446, 51827, 47830, 95446, 140702, 127430, 163843, 58308, 143398, 90894, 30496, 95395, 50615, 48731, 86234, 88219, 142582, 114235, 6577, 12199, 124805, 10234, 38380, 133541, 85176, 115468, 3474, 125373, 153458, 3193, 61215, 160479, 97143, 2548, 95264, 143358, 66939, 93393, 107801, 113272, 80197, 117469, 146022, 127434, 12451, 71168, 667, 73387, 155061, 42178, 116888, 134338, 114140, 157731, 104725, 110123, 106327, 111399, 158075, 67173, 135891, 49308, 77666, 80600, 155865, 65506, 130798, 145986, 87485, 125871, 155030, 128899, 2420, 137606, 32001, 53386, 57609, 155738, 56758, 150070, 60837, 149783, 3079, 88482, 155972, 150754, 163475, 137652, 131782, 51167, 47323, 120565, 124720, 7744, 2000, 157075, 137562, 87931, 49283, 35280, 156547, 161987, 37573, 100003, 112203, 74496, 
Weights: 465.005, 1506.53, 276.901, 2752.47, 1.39417, 93.1199, 11887.9, 1384.31, 6910.34, 19892.1, 8507.95, 1.01429, 1675.48, 104.103, 264.666, 2.39737, 100.749, 202.772, 119491, 20.8776, 111.545, 1.01026, 373.269, 1.20151, 27.7045, 2007.93, 1211.17, 5979.82, 14382, 17300.3, 1.01896, 32.1637, 685.454, 2.3493, 2675.02, 2069.17, 4.6972, 12.9561, 158.216, 45334.5, 8206.79, 1964.89, 3.31743, 4152.6, 572.502, 12807.3, 366241, 2.55437, 0.876383, 19.8865, 1.3039, 0.87002, 509794, 0.366118, 228.361, 0.0101504, 374.018, 9766.97, 23878, 2.88411, 22.984, 8162.93, 1.03217, 11294.5, 8302, 0.976557, 13.4942, 4563.4, 2309.82, 2689.11, 41.2937, 1861.16, 44376.8, 1873.9, 19.2344, 1.25007, 1.26872, 1267.36, 960.669, 251.512, 2429.59, 278.286, 819.817, 802.312, 45.5346, 101.967, 184.639, 49.801, 656.521, 1934.15, 60.4627, 1.37937, 2009.29, 1866.13, 30.6197, 6.3143, 3.86861, 2563.38, 2892.21, 4584.75, 5.04511, 353.178, 731.85, 1.18301, 0.614531, 189.36, 460.144, 1.146, 1.60978, 2373.37, 20.2898, 0.778499, 47.2614, 41.633, 1099.7, 1.18287, 361.089, 83.552, 160470, 129.019, 9066.63, 1149.03, 18340.2, 111.091, 
n_nonzero: 124

Running time so far: 351.487s

