n_tets: 84
relErr: 0.0690601
Selected tets: 29127, 663, 19334, 2539, 17312, 25934, 6233, 15770, 23150, 23393, 21534, 19440, 9499, 12040, 9900, 8286, 14089, 5132, 29637, 16013, 9885, 6439, 27103, 1556, 11950, 19167, 26536, 17860, 2187, 12207, 13680, 29504, 14520, 12427, 5898, 3575, 24294, 4103, 1539, 9627, 13058, 17874, 21181, 14917, 6858, 15734, 15047, 8963, 4109, 22990, 12018, 8391, 13923, 11980, 10161, 1221, 6571, 21511, 6642, 14605, 2433, 18051, 2317, 4136, 21177, 25650, 4112, 25027, 11085, 22722, 20054, 13407, 2550, 16056, 10844, 28817, 29263, 7874, 1018, 2180, 12314, 14017, 18907, 21392, 
Weights: 2866.52, 2935.17, 58.8022, 10.5845, 0, 414.863, 848.913, 0, 0, 0, 0, 0, 0, 0, 0, 1546.8, 508.097, 0, 473.797, 846.587, 3961.13, 0, 0, 2.12806, 0, 0, 0, 0, 193.397, 0, 492.647, 962.94, 0, 0, 301.894, 784.484, 0, 0, 214.467, 459.531, 0, 179.822, 0, 0, 233.554, 2489.16, 1436.68, 0.666593, 929.904, 12116.8, 207.766, 0, 0, 174.539, 4115.83, 72.8997, 0, 705.072, 220.355, 861.929, 288.762, 0, 2348.93, 1195.52, 477.017, 0, 0, 474.411, 0, 0, 130.52, 77.9085, 0, 0, 395.081, 0, 0, 164.524, 0, 844.32, 522.253, 599.597, 1761.48, 1094.69, 
n_nonzero: 47

Running time so far: 48.0421s

