n_tets: 70
relErr: 0.00840374
Selected tets: 43001, 18343, 2368, 13500, 46318, 17715, 27139, 46163, 19846, 32921, 44641, 5084, 29426, 39748, 1177, 29328, 51871, 49666, 23284, 25000, 44517, 15812, 52395, 1207, 1519, 38458, 1757, 19555, 16199, 47399, 44571, 14683, 14995, 37099, 6771, 42571, 25174, 12748, 61386, 40708, 1436, 3917, 1191, 4938, 41311, 23991, 15630, 4575, 21917, 37521, 59305, 45641, 30554, 40733, 21400, 35983, 20539, 5993, 55206, 52021, 49377, 13894, 19747, 3632, 6772, 58931, 49882, 38460, 38968, 13769, 
Weights: 69.8829, 5312.47, 92.4488, 79.6108, 9029.32, 3635.44, 0, 49.677, 0, 3.62721, 115.559, 0, 0, 1007.98, 1108.75, 3073.18, 0, 0, 22.5539, 0, 0, 0, 10.245, 56.2069, 251.102, 0, 70.7595, 16.4326, 458.642, 783.448, 642.369, 75.2309, 0, 0, 107.626, 0, 125.372, 0, 6878.88, 217.681, 20.0964, 345.766, 2610.48, 167.603, 3614.94, 0, 150.067, 107.165, 126.823, 18.6105, 0, 234.205, 10.9127, 5468.34, 830.396, 95.9293, 5583.56, 249.672, 1019.35, 1257.37, 13121.8, 15052, 0.836252, 195.756, 788.754, 76.1448, 123.519, 5833.54, 3956, 5067.33, 
n_nonzero: 54

Running time so far: 28.5765s

