n_tets: 175
relErr: 0.0593295
Selected tets: 29127, 663, 19334, 2539, 17312, 25934, 6233, 15770, 23150, 23393, 21534, 19440, 9499, 12040, 9900, 8286, 14089, 5132, 29637, 16013, 9885, 6439, 27103, 1556, 11950, 19167, 26536, 17860, 2187, 12207, 13680, 29504, 14520, 12427, 5898, 3575, 24294, 4103, 1539, 9627, 13058, 17874, 21181, 14917, 6858, 15734, 15047, 8963, 4109, 22990, 12018, 8391, 13923, 11980, 10161, 1221, 6571, 21511, 6642, 14605, 2433, 18051, 2317, 4136, 21177, 25650, 4112, 25027, 11085, 22722, 20054, 13407, 2550, 16056, 10844, 28817, 29263, 7874, 1018, 2180, 12314, 14017, 18907, 21392, 17871, 17261, 25538, 21565, 5190, 4090, 4481, 29527, 22754, 17269, 1706, 19507, 22767, 21277, 15624, 25566, 7008, 29291, 17148, 17430, 18483, 27326, 14990, 4016, 15940, 3545, 2076, 4190, 18033, 25532, 6015, 11870, 24073, 24085, 1254, 22699, 1526, 7056, 7645, 6097, 16119, 23911, 26767, 17557, 16192, 9977, 12420, 18260, 7946, 8506, 24926, 3821, 5279, 8747, 41, 15698, 4142, 8457, 27723, 15301, 9608, 26671, 3017, 27817, 8222, 23082, 14012, 3996, 5385, 19028, 696, 23333, 25540, 24171, 8964, 27296, 25332, 1649, 10866, 22717, 5468, 20371, 18345, 1666, 2991, 14127, 16088, 19715, 7124, 803, 4560, 
Weights: 0, 1576.67, 0, 323.019, 0, 0, 807.315, 0, 0, 0, 0, 0, 89.4387, 0, 0, 1913.3, 400.524, 0, 0, 0, 3701.41, 81.9938, 0, 790.167, 0, 0, 0, 414.808, 0, 0, 0, 502.093, 0, 0, 110.212, 0, 0, 0, 0, 317.66, 0, 0, 0, 345.612, 124.86, 1785.19, 0, 1.20341, 0, 0, 480.912, 0, 0, 421.14, 0, 39.0668, 0, 0, 293.459, 124.154, 0, 0, 640.632, 616.877, 0, 0, 0, 0, 0, 0, 19.4042, 0, 0, 0, 110.075, 0, 0, 0, 92.0013, 647.775, 0, 936.032, 1217.75, 1389.68, 0.983449, 694.549, 0, 0, 0, 12.9264, 152.985, 48.1502, 0, 0, 0, 0, 487.401, 0, 138.248, 0, 213.029, 0, 0, 0, 0, 0, 0, 0, 0, 620.638, 438.968, 0, 1403.63, 293.994, 136.428, 0, 0, 0, 0, 949.165, 0, 980.104, 0, 0, 0, 0, 1929.58, 307.229, 0, 0, 0, 0, 72.2945, 1087.54, 0, 0, 266.689, 0, 50.0596, 0, 9.82119, 0, 0, 0, 39.1103, 535.968, 383.043, 1079.14, 0, 0, 0, 0, 0, 26.1423, 1.0577, 0, 140.121, 0, 1.00083, 630.9, 0, 729.155, 116.124, 0, 456.083, 0, 39.4198, 0, 1759.08, 0, 0, 0, 776.389, 4616.01, 748.624, 
n_nonzero: 70

Running time so far: 98.927s

