n_tets: 110
relErr: 0.419929
Selected tets: 21500, 27848, 13245, 1062, 23629, 22890, 26439, 10395, 1762, 13239, 2064, 7179, 9472, 27723, 24981, 25538, 15997, 17901, 5546, 26161, 18850, 4761, 5565, 27606, 22601, 20170, 12812, 17721, 2763, 14933, 20973, 11971, 24234, 3854, 16524, 4933, 15470, 7354, 20470, 23593, 2716, 26312, 15489, 22202, 6495, 19403, 4175, 26183, 25581, 28594, 14670, 7776, 16251, 26302, 4498, 13334, 10833, 23642, 26751, 15401, 6651, 28287, 27213, 10437, 19522, 5873, 5967, 9001, 797, 5789, 26177, 1249, 10457, 25105, 1041, 8851, 16236, 21990, 4960, 14700, 6339, 7218, 5056, 17417, 22733, 16473, 5270, 8120, 15142, 25168, 14245, 22838, 19706, 2303, 5541, 1787, 9988, 25121, 27307, 22758, 27118, 5367, 28123, 24230, 19701, 5322, 6105, 22447, 788, 24371, 
Weights: 513.596, 0, 7409.38, 0, 470.217, 2053.01, 442.154, 0.947616, 418.741, 0, 4.16913, 695.193, 989.475, 14.2478, 29.6694, 0, 269.471, 1243.15, 0, 277.918, 21.8545, 436.651, 131.676, 0, 0, 0, 0, 95.9937, 1589.06, 0, 0.196185, 3.58666, 5.75936, 16.1687, 31.4622, 30.8055, 0, 1985.59, 0, 0.268436, 581.522, 3.73126, 0.79163, 60.8048, 1.83358, 641.051, 123.436, 1.00523, 0, 0, 0, 0, 1.05728, 0, 0.888434, 26.5879, 271.489, 36.0741, 346.378, 2.07288, 0.967712, 1.71148, 452.027, 983.951, 1.13683, 127.443, 1490.33, 0, 0, 2456.97, 262.182, 0, 0, 80.464, 2084.18, 0, 0, 6.00817, 0, 0, 16.0517, 706.66, 1.99505, 0, 625.697, 40.3306, 67.9482, 15.0069, 123.509, 0, 880.371, 0, 0, 0, 0, 26.0399, 2930.76, 197.939, 0, 3.36059, 135.333, 645.418, 0.299967, 224.949, 0, 33.4563, 1.72911, 18.6261, 1870.98, 105.655, 
n_nonzero: 77

Running time so far: 32.2537s

