n_tets: 144
relErr: 0.0019816
Selected tets: 235796, 269544, 362937, 298539, 381300, 26069, 233619, 388822, 143254, 29257, 129749, 245011, 429667, 245127, 3631, 8706, 280852, 350808, 187116, 150871, 102239, 205157, 23989, 213606, 376047, 363265, 311537, 163244, 206903, 416957, 13780, 160206, 136949, 301704, 377338, 139005, 405237, 161679, 288456, 291655, 315929, 21584, 106379, 134563, 69093, 412289, 126150, 397111, 346140, 248178, 8314, 30348, 401752, 184484, 251881, 160381, 155049, 420840, 229484, 204986, 419364, 397751, 312336, 307422, 371087, 385296, 298875, 300477, 418362, 156640, 115018, 234799, 33298, 113831, 267589, 85015, 57153, 345250, 81311, 263552, 265880, 313697, 278252, 131980, 235486, 143266, 314130, 414915, 91544, 312802, 56878, 285369, 373908, 62244, 420700, 229489, 331355, 114000, 281090, 211588, 282487, 159429, 418158, 29767, 381558, 81782, 373237, 347967, 284712, 346055, 409759, 305174, 290461, 189807, 275538, 83557, 145765, 111736, 198232, 212437, 202476, 29114, 424541, 327840, 412129, 376211, 124147, 207932, 385107, 325987, 71035, 2998, 180537, 319143, 413997, 179503, 159435, 125934, 233886, 161334, 363109, 248706, 76749, 415107, 
Weights: 6563.46, 2138.92, 0, 0, 354.981, 1737.33, 410.819, 662.06, 107719, 0, 291.056, 0, 0, 0, 0, 341.546, 0, 464.256, 0, 1318.9, 1727.3, 0, 419.336, 291.729, 434.51, 1196.54, 0, 576.997, 604.475, 267.326, 0, 0, 1270.84, 1844.03, 1207.84, 1375.62, 8550.09, 0, 0, 0, 4335.7, 11.4352, 0, 0, 36.6689, 36.4811, 432.906, 0, 15168, 0, 840.987, 0, 1491.88, 1721.86, 0, 648.115, 0, 0, 0, 0, 7006.71, 0, 223.21, 1406.65, 89.0129, 0, 1125.04, 2025.17, 0, 1.26243e+06, 0, 0, 554.542, 3774.36, 0, 1457.92, 453.705, 535.493, 0, 0, 288.958, 0, 0, 735.501, 827.899, 0, 2744.97, 1056.95, 0, 2425.52, 0, 0, 0, 145118, 3477.8, 560.668, 9826.45, 344.796, 66.9713, 0, 0, 0, 204.307, 1208.72, 3972.24, 0, 0, 0, 560.829, 713.225, 0, 9664.39, 229.68, 0, 17970.3, 2.52985e+06, 679.872, 235.409, 0, 460.623, 706.253, 22444.3, 1666.2, 38003, 315.848, 2656.09, 119.268, 16.0783, 15043.9, 1869.65, 2572.13, 918.09, 3713.35, 16336, 499.109, 512.467, 0, 1124.22, 0, 471405, 15354.1, 352.437, 16861.9, 190.146, 
n_nonzero: 92

Running time so far: 229.643s

