n_tets: 47
relErr: 0.363716
Selected tets: 995, 6736, 3302, 3987, 3394, 5919, 5053, 3766, 4748, 2193, 2122, 6506, 5764, 1865, 4146, 1481, 7325, 7320, 3959, 6094, 983, 4455, 1823, 6731, 3811, 2352, 488, 6772, 7227, 66, 6257, 6007, 3897, 2837, 6381, 2097, 2003, 2113, 6822, 854, 5717, 2379, 5482, 929, 4260, 5442, 5647, 
Weights: 959.5, 162.564, 323.941, 140.258, 130.765, 525.067, 109.663, 708.958, 412.853, 253.695, 165.708, 881.352, 78.5333, 208.719, 77.871, 235.508, 1.00016, 0.920466, 128.664, 112.7, 181.186, 0.648027, 0, 586.829, 131.368, 1.02424, 1.01462, 269.948, 16.1909, 487.199, 41.1344, 106.384, 22.7607, 2.69415, 235.762, 1.13718, 1.00227, 154.712, 26.9236, 144.725, 0.944686, 1.3649, 1.20717, 0.97258, 327.915, 0.929908, 1.00821, 
n_nonzero: 46

