n_tets: 279
relErr: 0.140426
Selected tets: 10555, 21616, 12946, 21677, 4748, 6996, 23325, 27965, 4263, 12045, 17320, 25683, 19465, 9519, 19914, 12330, 23888, 5093, 21360, 28276, 21477, 726, 19503, 27247, 19660, 8811, 19456, 1518, 11035, 8328, 15796, 13232, 19166, 13409, 6928, 11618, 25707, 19162, 2547, 15300, 2987, 17874, 23620, 1861, 15479, 1269, 22785, 25329, 27418, 10401, 17509, 29299, 4195, 25933, 24111, 12388, 15089, 13391, 10002, 20247, 6697, 16256, 19800, 1543, 21586, 15012, 15261, 18244, 12419, 5851, 4114, 13262, 4087, 12118, 14799, 19346, 18806, 6050, 5897, 19548, 27873, 14866, 12204, 6574, 615, 23457, 14449, 24519, 11464, 5283, 27830, 26024, 26451, 4776, 3022, 22444, 1404, 20672, 4294, 25936, 21442, 23021, 19072, 15701, 2551, 3044, 25426, 22905, 8294, 5524, 10404, 21587, 2827, 14554, 27248, 9885, 14214, 11571, 26472, 15465, 14082, 21181, 14519, 12796, 17326, 12794, 9864, 13331, 4089, 4435, 22616, 14548, 27641, 5693, 1542, 1535, 17875, 11961, 22296, 17872, 25247, 21218, 19661, 3008, 4099, 19164, 2655, 24925, 11924, 26592, 11946, 14, 4806, 20118, 696, 28794, 37, 15723, 27439, 5905, 18733, 25223, 5289, 2367, 19468, 16, 23539, 22121, 13333, 12601, 6716, 14702, 777, 21756, 21881, 8553, 29295, 10155, 24700, 6444, 8653, 18908, 24011, 14869, 10233, 789, 8742, 15862, 8779, 4848, 5006, 28077, 14853, 20638, 18181, 1415, 25225, 19519, 22555, 14943, 24497, 18975, 16334, 25177, 21516, 25078, 8387, 14942, 1459, 2822, 19361, 10959, 2534, 28075, 12206, 16862, 21440, 17034, 2153, 15193, 2215, 15380, 4667, 19236, 2071, 4357, 44, 6472, 6005, 5968, 2021, 2812, 8298, 24134, 6131, 617, 4921, 9210, 33, 5081, 22119, 14847, 11963, 25756, 21341, 20534, 15775, 4356, 374, 18870, 22518, 15178, 10398, 14371, 2597, 10001, 11934, 26155, 28063, 15361, 3281, 4217, 4565, 20062, 13169, 19486, 19517, 9854, 13827, 19829, 29557, 18271, 23875, 8312, 19054, 20693, 3069, 8095, 3096, 
Weights: 1686.35, 1521.15, 191.709, 333.073, 0, 20.6557, 547.175, 0, 1.64365, 10.9984, 1.06009, 355.923, 0.94727, 662.211, 0, 0, 0, 152.345, 0.973918, 2131.46, 1.98816, 2534.45, 15.9705, 1.21615, 62.0993, 177.426, 0, 1.00322, 6.27918, 86.6501, 0, 6.29245, 0.510209, 0, 10.861, 26.1396, 0, 42.5201, 105.1, 346.2, 0, 0, 0, 0.993821, 175.868, 0.416039, 835.551, 100.761, 759.786, 38.2813, 0, 143.385, 0, 0, 1.88372, 0, 788.649, 0, 0.159511, 46.5984, 0, 0, 0.999923, 0.808657, 0.966705, 0, 0, 0, 0, 0, 0, 0, 1.00882, 10.3968, 0, 0, 16.6121, 0, 26.2007, 0, 0, 2.32725, 135.794, 442.711, 0, 16.5401, 54.1976, 0, 417.425, 0, 16.9305, 352.315, 268.289, 0, 0, 0, 807.166, 0, 0, 60.0085, 1.12332, 2.3249, 28.9237, 208.753, 0, 0, 0, 0, 1.03819, 3.56214, 56.9375, 0, 0, 0, 5.24028, 0, 31.4366, 1.1393, 0, 0, 0, 89.0444, 0, 0.768072, 0, 0, 123.201, 20.0447, 0.993012, 0, 0, 1608.43, 328.586, 0, 1.38794, 0, 0, 1.11607, 95.9622, 1.00801, 239.808, 104.202, 0.719297, 0, 2.13295, 0.998347, 5.92292, 0, 0, 1.94633, 0, 669.224, 0, 0.97656, 1.02324, 348.968, 0.987141, 924.222, 254.138, 0, 0, 3.85519, 1.56746, 0, 0.966916, 74.5549, 0, 0, 1.79636, 0, 0, 3.93299, 0, 43.18, 0.300541, 0, 108.115, 0, 0, 0, 1.03758, 0, 0, 0, 0, 706.841, 0, 0, 0, 1.03761, 0, 93.1729, 165.227, 624.674, 0.983465, 11.5821, 0.578365, 163.966, 0.970892, 1.50078, 942.229, 0, 1074.38, 3.44348, 0, 0, 0, 0.994219, 0, 0, 487.02, 45.1232, 0, 0, 1.16364, 0, 0.651885, 600.797, 0.995683, 556.551, 100.625, 91.8016, 143.05, 1.72106, 0, 3.97162, 9.45597, 1.05155, 522.924, 0, 668.444, 0, 0, 2.43781, 14.4937, 0.992283, 1653.78, 0.888013, 0, 0, 0, 2.71668, 0, 0.894437, 319.045, 422.25, 0, 0, 9.13113, 1.299, 0, 0.997967, 0.96084, 372.874, 975.976, 0, 685.716, 325.087, 420.915, 0, 853.387, 0.958017, 59.5425, 0, 0, 2.1693, 12.9368, 154.191, 0, 303.269, 13.4528, 0, 0.442731, 238.607, 673.797, 13.5871, 474.145, 145.556, 98.2524, 
n_nonzero: 170

Running time so far: 392.845s

