n_tets: 209
relErr: 0.366716
Selected tets: 21500, 27848, 13245, 1062, 23629, 22890, 26439, 10395, 1762, 13239, 2064, 7179, 9472, 27723, 24981, 25538, 15997, 17901, 5546, 26161, 18850, 4761, 5565, 27606, 22601, 20170, 12812, 17721, 2763, 14933, 20973, 11971, 24234, 3854, 16524, 4933, 15470, 7354, 20470, 23593, 2716, 26312, 15489, 22202, 6495, 19403, 4175, 26183, 25581, 28594, 14670, 7776, 16251, 26302, 4498, 13334, 10833, 23642, 26751, 15401, 6651, 28287, 27213, 10437, 19522, 5873, 5967, 9001, 797, 5789, 26177, 1249, 10457, 25105, 1041, 8851, 16236, 21990, 4960, 14700, 6339, 7218, 5056, 17417, 22733, 16473, 5270, 8120, 15142, 25168, 14245, 22838, 19706, 2303, 5541, 1787, 9988, 25121, 27307, 22758, 27118, 5367, 28123, 24230, 19701, 5322, 6105, 22447, 788, 24371, 514, 5611, 12546, 18677, 22399, 17584, 15196, 5272, 26570, 6448, 7782, 6001, 9622, 19954, 24762, 16167, 24682, 4553, 6030, 2808, 6023, 1436, 6382, 28429, 28325, 17138, 24418, 21635, 3390, 10128, 4570, 15492, 18878, 1948, 13220, 3996, 7089, 20070, 4447, 18428, 24740, 635, 10056, 6121, 27609, 11030, 4054, 21875, 13512, 21400, 17943, 14408, 10462, 21780, 12015, 24751, 19324, 26859, 5433, 2058, 6842, 27812, 13430, 18084, 17718, 24435, 25791, 13164, 12836, 552, 6238, 26529, 6044, 14932, 5807, 24877, 23379, 19225, 4161, 8462, 3903, 14349, 13085, 9124, 20388, 21901, 22900, 4026, 27388, 21325, 27618, 24564, 22851, 9644, 12504, 4963, 27417, 23809, 576, 
Weights: 0, 0, 3673.12, 0, 0, 2232.68, 403.127, 1.07681, 370.292, 0, 7.08309, 254.203, 0, 0, 17.7695, 0, 236.477, 333.757, 0, 749.649, 25.0731, 253.058, 129.062, 0, 0, 0, 0, 47.4387, 199.808, 0, 0.107088, 6.29136, 5.59085, 5.80528, 36.7355, 19.9316, 0, 1948.55, 0, 0.940995, 0, 1.59066, 0.70352, 54.2303, 1.75595, 434.574, 107.637, 1.00656, 0, 0, 0, 0, 1.13569, 0, 11.9415, 26.6001, 243.331, 40.9468, 393.635, 0, 0.971909, 1.67914, 395.774, 0, 0, 182.751, 1142.98, 0, 0, 3496.07, 118.228, 234.545, 0, 82.2428, 662.721, 0, 0, 5.53116, 0, 0, 16.4078, 0, 1.43919, 0, 1451.3, 40.3881, 65.5676, 14.1502, 148.412, 0, 0, 1.79251, 1989.17, 0, 0, 41.5842, 995.225, 108.595, 0, 3.43323, 0, 837.894, 0.300295, 232.555, 0, 38.2646, 1.24891, 26.2777, 170.256, 43.1473, 104.746, 499.683, 902.892, 0, 0, 0.96877, 0, 0, 92.1613, 0, 0, 20.0629, 0, 525.659, 15.3762, 0, 3275.93, 416.418, 0.833926, 90.3223, 0, 345.213, 40.1084, 101.831, 75.3092, 0, 0, 279.776, 2.87042, 0, 0, 1.05695, 155.742, 0, 7.79939, 9.64483, 0.738072, 0, 15368.5, 0, 1459.82, 658.862, 498.535, 0.955041, 13.2822, 0, 7.61063, 0, 2452.95, 0, 3.40478, 819.22, 2.63308, 0, 0, 505.067, 0.851675, 0, 1094.14, 1.658, 119.372, 409.069, 0, 14.6631, 0, 2.53448, 1.03522, 0, 0, 0, 1.72025, 4284.2, 0, 372.571, 7.84231, 0, 0, 1.00661, 0, 0, 0, 16.8865, 367.383, 397.276, 6327.62, 0, 126.293, 0, 0.961669, 0, 0, 0, 10421.7, 13.1985, 0, 220.59, 126.133, 0, 17.6707, 
n_nonzero: 128

Running time so far: 68.7061s

