n_tets: 41
relErr: 0.371599
Selected tets: 995, 6736, 3302, 3987, 3394, 5919, 5053, 3766, 4748, 2193, 2122, 6506, 5764, 1865, 4146, 1481, 7325, 7320, 3959, 6094, 983, 4455, 1823, 6731, 3811, 2352, 488, 6772, 7227, 66, 6257, 6007, 3897, 2837, 6381, 2097, 2003, 2113, 6822, 854, 5717, 
Weights: 947.572, 282.862, 323.316, 146.946, 115.77, 522.665, 116.741, 760.318, 434.091, 270.817, 122.319, 873.815, 75.7434, 221.169, 76.6245, 264.821, 0.997995, 0.918461, 141.531, 116.137, 169.01, 0.649647, 59.5403, 589.814, 121.793, 1.02172, 1.01416, 306.662, 14.2547, 558.607, 56.809, 111.803, 23.3843, 2.56345, 182.681, 1.13566, 1.0024, 148.075, 27.5057, 110.399, 0.946374, 
n_nonzero: 41

