n_tets: 144
relErr: 0.588651
Selected tets: 109225, 86416, 19065, 23959, 20611, 46163, 21172, 5626, 164053, 22911, 207, 145016, 5469, 587, 71853, 47093, 20132, 124881, 74601, 43764, 43954, 116136, 70744, 162421, 47365, 109863, 158477, 87902, 162730, 154546, 122013, 113089, 120044, 107669, 146025, 70309, 155917, 51586, 125604, 63079, 148199, 108684, 110284, 101291, 142233, 72943, 98066, 43744, 104180, 30846, 151967, 107631, 84390, 37805, 38015, 132317, 108138, 131378, 61009, 15, 42903, 138783, 5580, 46902, 102208, 68774, 1766, 2263, 61608, 140583, 53294, 144318, 6834, 38130, 153555, 98026, 33087, 48465, 48720, 17829, 61700, 68456, 140313, 36366, 100353, 153169, 3323, 92345, 38664, 135343, 91724, 154512, 138093, 67703, 132508, 24866, 97435, 22601, 5566, 70856, 150193, 30365, 93960, 2590, 73191, 143849, 74732, 77903, 27802, 3399, 143398, 112271, 90721, 95987, 7928, 62453, 60117, 62759, 5060, 123520, 88121, 147659, 4987, 143477, 84170, 154499, 24941, 4340, 1471, 36979, 47229, 145213, 88219, 150243, 158937, 96788, 117083, 160024, 100265, 80171, 5807, 107301, 136268, 132250, 
Weights: 316.711, 1149.06, 2210.95, 323.627, 5588.45, 0, 0, 3583.7, 0, 10789, 208.039, 0, 20451.7, 381.793, 15.2695, 0, 4158.85, 36.5052, 10286.4, 2775.28, 4.4241, 113.942, 0, 109.112, 1.27418, 0, 15.1745, 5.91477, 3459.72, 2434.47, 21.529, 2484.69, 398.604, 1413.68, 1546.24, 88.3839, 2858.24, 1931.84, 258.263, 1.74639, 0, 0.952055, 5821.43, 0, 0, 116.897, 933.538, 0, 0, 0, 0, 91226.7, 17.6085, 50354.2, 498.748, 8518.09, 139.378, 0, 43633, 0, 1607.16, 459.043, 975.304, 1646.07, 496.747, 1.07427, 0, 0.414481, 14.709, 217.166, 659.635, 0, 7.95572, 0, 0, 290.521, 0, 0, 1.44619, 0.0959602, 10.4003, 1424.54, 1005.31, 1502.97, 45.7592, 323.965, 8.42131, 3566.03, 0, 30201.4, 28.698, 0.719627, 0, 258.296, 5092.48, 2.19146, 8580.92, 0, 3.24986, 0, 331.257, 6.34273, 420.334, 0.973293, 1.119, 11.3488, 0, 0.850392, 319.049, 1.01663, 29.8051, 8407.83, 6.55676, 46.2158, 168.674, 0.91685, 1.0257, 48.6077, 247.626, 6662.8, 0, 48277.6, 3.27727, 0, 2578.97, 13206.3, 8259.96, 0, 0, 78.0773, 2.35694, 20983.4, 0.773119, 0, 2.60236, 63065.8, 1.97256, 1460.35, 102.67, 1.32536, 5441.58, 0, 3714.68, 0, 
n_nonzero: 110

Running time so far: 138.04s

