n_tets: 78
relErr: 0.124013
Selected tets: 51214, 33828, 1062, 17144, 34560, 57384, 71719, 24860, 79148, 18752, 26715, 54341, 55661, 18058, 79674, 58394, 47832, 65101, 75225, 78581, 38437, 11094, 31923, 65333, 25095, 40130, 52248, 14997, 55192, 55830, 47691, 20698, 60654, 45641, 58865, 6073, 6794, 65212, 50539, 8071, 42782, 6772, 53911, 40232, 61256, 1986, 27703, 1391, 9638, 22689, 60071, 57016, 31921, 26997, 30552, 60817, 40724, 7835, 41435, 40134, 5965, 55309, 16488, 75871, 33069, 59263, 79183, 47310, 65841, 43200, 16312, 77670, 5000, 2555, 33050, 19673, 43048, 4752, 
Weights: 0, 0, 0, 2630.92, 1798.49, 0, 0, 0, 0, 0, 0, 0, 4283.06, 0, 410.879, 0, 546.416, 8109.89, 3710.79, 0, 0, 0, 1.09543, 3785.66, 5487.5, 0, 0, 0, 0, 3861.94, 3251.79, 798.182, 0, 8191.12, 0, 0, 3245.3, 7.2745, 0, 3824.35, 0, 94.132, 0, 0, 0, 0, 0, 0, 0, 0, 0, 1308.05, 0, 0, 55.2214, 2410.56, 0, 0, 2433.17, 0, 313.104, 6365.83, 1755.13, 0, 0, 941.284, 5387.37, 908.578, 0, 0, 0, 96.2345, 1315.58, 0, 0, 0, 715.29, 0, 
n_nonzero: 31

Running time so far: 55.4641s

