n_tets: 198
relErr: 0.142843
Selected tets: 11653, 17340, 29124, 23576, 14512, 19181, 26439, 14755, 7643, 20581, 27376, 9208, 22436, 17370, 29530, 12686, 9765, 5093, 27829, 5223, 10587, 2282, 28753, 4945, 11956, 10685, 27251, 12253, 14924, 23185, 4460, 21799, 19166, 25112, 6928, 19480, 3092, 14022, 13107, 26027, 22837, 24849, 10400, 3918, 14873, 8521, 25376, 16928, 21411, 12601, 15774, 17871, 16874, 12159, 211, 14017, 13163, 9065, 1531, 2956, 17173, 3391, 5773, 4144, 21586, 2015, 4242, 10516, 3130, 9781, 17745, 21040, 4087, 6192, 18687, 12445, 18806, 18181, 18118, 29685, 25223, 29272, 14235, 13331, 14252, 7433, 4876, 27465, 26924, 24111, 15127, 12545, 1301, 12638, 17226, 27963, 13006, 8509, 4076, 4090, 17307, 29291, 13065, 25831, 13257, 13249, 11066, 17692, 8294, 22721, 58, 16989, 21930, 4862, 19164, 12648, 19562, 21931, 13189, 17545, 21566, 26415, 4158, 3086, 11038, 3042, 25613, 20749, 6798, 3708, 13372, 7471, 1543, 28971, 27681, 20835, 17875, 24336, 41, 6697, 6692, 13255, 24075, 4099, 2562, 1210, 2438, 4138, 5887, 20612, 28775, 29564, 9209, 19028, 18599, 26770, 14870, 2871, 8964, 23758, 2988, 15131, 18547, 25219, 3468, 12293, 2092, 9272, 13333, 7319, 3212, 7494, 24074, 25468, 22122, 4379, 247, 6064, 4978, 10886, 1939, 13594, 21540, 14869, 3129, 14108, 8963, 12795, 29093, 5006, 19188, 10087, 8534, 2248, 27931, 2446, 25795, 18900, 
Weights: 0, 206.262, 307.995, 0, 0, 960.532, 0, 0, 0, 3.44192, 0, 1.11821, 0, 318.538, 0.338654, 4.02909, 140.853, 0, 1.94903, 0, 0, 0, 0, 1.55627, 0.538204, 0, 0.996734, 119.796, 5.54077, 0, 0, 1.06995, 0.970207, 27.7316, 0, 16.2105, 41.2772, 0, 0, 0, 90.2981, 0, 0.97748, 288.893, 648.658, 0.512982, 0, 0, 60.4232, 5.37082, 0, 0, 298.356, 0, 1.05129, 789.595, 0, 0, 1375.44, 1222.24, 1481.97, 0, 0, 0, 0.699639, 2862.99, 0.659918, 181.234, 0, 0, 55.3681, 0.553754, 0.95445, 746.818, 341.196, 0, 0, 1.21916, 1.66689, 0, 17.3197, 2.14287, 0, 1.12702, 3.91393, 86.5018, 0, 1090.32, 0, 28.9873, 42.1314, 0, 0, 0, 300.904, 0, 9.5544, 21.0542, 249.339, 0.874088, 0, 0.326317, 0.979664, 0, 586.986, 343.84, 0, 0, 1.44234, 85.082, 0, 0, 0, 186.506, 2.74991, 0, 8.7398, 0, 0, 900.811, 43.1004, 0, 0, 0, 0, 0.766672, 3.30416, 386.374, 0, 0, 2197.94, 6.53499, 0.864961, 739.209, 1438.49, 0, 0.999561, 0, 156.3, 84.7527, 2.63715, 5738.89, 0, 0.807379, 0.693594, 0, 489.021, 0, 0, 457.473, 9.86528, 1.04952, 1.02158, 1.32587, 0, 0, 0.926416, 489.013, 11.1534, 0, 1.1992, 1330.3, 0, 100.592, 0, 0, 0, 250.874, 0.947781, 0, 0, 497.383, 224.264, 318.057, 189.382, 259.227, 0, 1.25609, 0, 0, 0.960293, 0, 0, 0.911872, 0, 0, 0.321686, 1.04802, 4690.14, 19.5703, 1157.38, 0, 4.52979, 0.242483, 0, 0, 112.577, 1.49117, 
n_nonzero: 114

Running time so far: 301.87s

