n_tets: 140
relErr: 0.501186
Selected tets: 102, 136, 98, 97, 43, 181, 200, 77, 68, 10, 28, 79, 2, 67, 1, 39, 47, 149, 65, 129, 188, 45, 190, 76, 176, 183, 146, 9, 53, 160, 26, 167, 5, 86, 157, 124, 55, 142, 17, 145, 18, 108, 88, 166, 44, 99, 63, 70, 197, 105, 178, 152, 15, 36, 24, 11, 126, 174, 27, 96, 83, 141, 185, 30, 37, 40, 62, 59, 23, 150, 133, 81, 14, 171, 119, 154, 41, 84, 104, 173, 117, 50, 199, 196, 94, 148, 52, 48, 25, 54, 19, 203, 20, 109, 161, 31, 194, 115, 51, 189, 112, 122, 134, 69, 0, 3, 4, 6, 7, 8, 12, 13, 16, 21, 22, 29, 32, 33, 34, 35, 38, 42, 46, 49, 56, 57, 58, 60, 61, 64, 66, 71, 72, 73, 74, 75, 78, 80, 82, 85, 
Weights: 0, 0, 0, 0, 0, 0, 0, 0, 0, 0, 0, 0, 0, 0, 1.48411e-15, 0, 0, 0, 0, 0, 0, 0, 0, 0, 0.348358, 0, 0, 0, 0, 0, 0, 0, 0, 0, 0, 0, 0, 0, 0, 21.0756, 0.73885, 0, 0, 0, 0, 0, 0.136146, 0, 0, 0, 6.57391e-05, 0, 0, 8.34727e-15, 0, 0, 0, 0, 0, 0, 0, 0, 0, 0.619494, 0, 0, 0, 26.7947, 0, 0, 0, 0, 0.0388365, 27.6466, 0, 0, 0, 0, 0, 0, 0, 0, 0, 0, 0, 0, 0, 0, 0, 0, 0, 0, 0, 0, 0, 0, 0, 0, 0, 0, 0, 0, 0, 0, 5.84303e-15, 0, 0, 0, 0, 6.49217e-14, 0, 0, 0, 0, 0, 0, 0, 28.8405, 0, 0, 0, 1.14395e-05, 0, 20.3304, 0, 0.0460168, 0, 0, 6.34088e-14, 0, 0, 0, 32.9526, 0, 0, 0, 2.50531e-16, 0, 0, 0, 
n_nonzero: 14

