n_tets: 230
relErr: 0.301345
Selected tets: 1842, 1597, 1136, 1224, 452, 822, 1277, 1021, 1856, 1431, 1326, 1875, 1870, 1851, 345, 1428, 475, 146, 405, 1311, 292, 520, 1854, 1332, 427, 731, 489, 1198, 50, 262, 363, 252, 1206, 955, 462, 435, 59, 874, 21, 246, 1652, 1143, 1790, 593, 559, 1457, 1627, 880, 849, 30, 1051, 455, 619, 281, 1638, 1583, 1341, 1102, 1503, 1210, 108, 504, 1159, 238, 682, 1427, 848, 5, 1194, 536, 529, 697, 881, 840, 1454, 1977, 1319, 638, 609, 1490, 1446, 502, 1578, 1868, 1761, 1628, 1351, 305, 447, 1392, 534, 1535, 198, 1032, 853, 1775, 949, 432, 36, 1926, 1119, 324, 1932, 595, 122, 1515, 1779, 753, 767, 1544, 1370, 1197, 1157, 1566, 1005, 1417, 732, 573, 235, 975, 838, 1462, 1009, 105, 918, 13, 1442, 329, 623, 921, 780, 1233, 808, 1883, 1852, 1873, 1642, 540, 199, 380, 1534, 1613, 960, 899, 1393, 1742, 1359, 1044, 1396, 53, 631, 625, 932, 1018, 634, 1376, 75, 812, 89, 334, 260, 839, 1867, 1251, 60, 1855, 201, 1675, 1343, 1440, 615, 1862, 580, 1364, 789, 1911, 2, 1016, 482, 488, 337, 1629, 1452, 40, 38, 1, 589, 440, 503, 1436, 1853, 1928, 721, 944, 856, 1796, 385, 1866, 1784, 1238, 911, 29, 232, 950, 643, 630, 16, 1550, 1549, 1239, 1532, 1934, 726, 535, 1403, 1375, 449, 1296, 1267, 1366, 1571, 113, 1871, 381, 893, 1676, 456, 49, 234, 1274, 
Weights: 8.42141, 170.963, 259.531, 0.947139, 0.721151, 1.0072, 46.7907, 1.07075, 0.980219, 1.04267, 204.099, 0.988641, 1.24683, 0, 2.13089, 1.24362, 1.07424, 1.50531, 0.987477, 0.877566, 11.6548, 1.06652, 1.13386, 0.922175, 0.959997, 1.96611, 0.8222, 0.996648, 1.0818, 0.995038, 1.46453, 1.04249, 1.01166, 0.529191, 0.978296, 0.988614, 1.00139, 0.927319, 0.61157, 0.964928, 229.741, 0.968045, 0, 4.30505, 0, 3.7522, 1.00595, 2.26285, 0.600271, 0.904828, 1.00816, 0.997672, 1.02598, 0.99569, 0.977343, 1.06213, 0.896654, 0.947024, 1.1113, 1.25182, 0.925182, 1.25812, 0.883184, 0.94245, 0.983213, 0.822302, 4.64154, 0.912702, 1.00817, 1.10066, 1.00548, 1.44919, 1.06704, 1.159, 1.08007, 0.864079, 1.26993, 0.995376, 1.0383, 1.02189, 51.5607, 0.999814, 0.483347, 0.988517, 1.0472, 0.922058, 15.1983, 1.05275, 0, 0.950474, 1.00759, 1.00438, 1.49243, 1.03667, 35.1333, 0.987856, 0.781746, 1.03846, 1.71313, 0.143684, 0.903142, 1.01926, 4.59355, 67.7055, 6.13832, 2.02821, 1.04246, 0.923495, 0.986715, 0.956735, 1.84265, 3.57768, 0.0931057, 0.979303, 0.694567, 1.01381, 2.56079, 1.60644, 249.466, 33.7927, 1.01369, 41.7017, 1.01627, 10.2498, 0.770379, 0, 2.97259, 1.15266, 0.912133, 1.54501, 0.769216, 1.12294, 40.7339, 1.26776, 0.980356, 1.0437, 1.01463, 1.04284, 1.00024, 0, 0.988602, 0.834366, 7.33015, 1.00063, 1.00605, 0.626273, 0.943454, 1.03173, 1.01066, 1.28874, 0.97057, 1.01366, 1.04013, 1.48528, 1.11667, 0, 82.3983, 79.466, 1.30402, 1.0719, 0.949007, 1.00151, 0.673822, 7.43474, 0.987271, 0.902487, 17.1226, 0, 0.222391, 0.554182, 0.977512, 110.325, 1.04112, 0.693179, 0.908452, 1.32718, 0.928665, 35.9234, 0.937016, 1.03447, 1.20179, 0.927683, 0, 1.02362, 0.496134, 1.15542, 1.19239, 46.3447, 4.9181, 0, 0.873479, 26.7015, 0, 5.77884, 0.975177, 0.901264, 0.430969, 0.49202, 214.936, 2.16978, 1.10034, 1.0619, 0.718355, 0.934174, 1.70297, 0, 2.70592, 163.472, 2.06439, 0.818967, 6.09078, 45.2465, 1.10203, 0.447049, 0.802536, 0, 1.10963, 0.453133, 2.19813, 1.84939, 1.24737, 0.58418, 0.92619, 1.04524, 0.76841, 4.21146, 0.46301, 1.0389, 1.0192, 0.807026, 
n_nonzero: 217

