n_tets: 22
relErr: 0.406097
Selected tets: 995, 6736, 3302, 3987, 3394, 5919, 5053, 3766, 4748, 2193, 2122, 6506, 5764, 1865, 4146, 1481, 7325, 7320, 3959, 6094, 983, 4455, 
Weights: 1427.41, 618.83, 660.942, 123.706, 354.868, 344.43, 102.662, 1541.59, 573.476, 236.547, 215.533, 533.789, 95.0931, 247.731, 163.834, 363.039, 0.53417, 0.90819, 110.842, 146.478, 317.618, 0.565572, 
n_nonzero: 22

