n_tets: 76
relErr: 0.151184
Selected tets: 995, 6736, 3302, 3987, 3394, 5919, 5053, 3766, 4748, 2193, 2122, 6506, 5764, 1865, 4146, 1481, 7325, 7320, 3959, 6094, 983, 4455, 1823, 6731, 3811, 2352, 488, 6772, 7227, 66, 6257, 6007, 3897, 2837, 6381, 2097, 2003, 2113, 6822, 854, 5717, 2379, 5482, 929, 4260, 5442, 5647, 3953, 7480, 3285, 2645, 3423, 7447, 205, 7291, 3554, 1134, 5283, 2773, 7449, 4780, 2781, 2964, 1828, 1942, 5356, 7446, 2662, 7378, 1587, 757, 3561, 5450, 489, 7483, 2988, 
Weights: 830.52, 311.27, 119.567, 167.129, 123.411, 332.654, 44.7003, 199.847, 373.254, 126.454, 69.4904, 793.452, 74.1116, 135.992, 56.5488, 50.0714, 1.08298, 0.927638, 85.3501, 115.785, 70.775, 0.682652, 24.4093, 496.309, 95.9858, 1.00826, 1.05072, 253.865, 16.3407, 150.221, 38.7002, 137.724, 23.8888, 1.49542, 320.255, 0.998951, 1.03707, 47.8795, 24.5213, 182.817, 1.05916, 1.38197, 0.366104, 1.0019, 210.046, 0.986757, 0.994972, 1.06545, 0.726808, 0.985736, 188.993, 276.45, 0.958377, 0.962447, 62.1943, 4.60068, 445.132, 1.02465, 73.1472, 0.456553, 268.306, 0.99417, 84.8191, 63.9231, 2.65115, 10.3621, 3.34064, 1.00319, 111.311, 112.202, 11.989, 1.15231, 1.19992, 191.23, 10.0243, 0.928061, 
n_nonzero: 76

