n_tets: 195
relErr: 0.292127
Selected tets: 25446, 10248, 10457, 5073, 26400, 4188, 19208, 5490, 23752, 17764, 10396, 18093, 21116, 11022, 27637, 23835, 14036, 27024, 11116, 23742, 11381, 23364, 1381, 24972, 18601, 13926, 6043, 13318, 897, 22844, 15735, 3129, 16526, 3854, 4266, 10273, 4054, 17245, 7116, 23400, 25791, 2721, 15489, 6031, 5092, 7787, 27307, 28552, 4161, 10270, 5192, 8788, 17138, 13389, 21944, 22079, 16676, 23385, 11760, 13846, 17643, 17325, 11672, 22694, 9475, 15456, 4370, 768, 20704, 17529, 6474, 4846, 5565, 6278, 2593, 21998, 21795, 10679, 16158, 4676, 9945, 16454, 26415, 24946, 20654, 16473, 10380, 871, 13107, 19901, 6337, 9274, 22333, 26184, 20080, 18953, 17370, 6295, 19054, 11859, 18179, 12478, 18316, 27025, 24970, 9650, 1361, 1025, 22842, 24509, 10680, 20193, 19050, 5833, 26770, 5319, 15077, 27142, 17970, 17603, 5792, 12170, 7710, 27299, 27020, 15852, 13102, 12905, 4041, 12342, 5483, 7310, 9942, 8325, 11686, 7213, 8645, 5502, 16251, 5064, 18944, 26000, 17760, 23552, 12437, 22680, 27699, 22428, 11860, 8995, 26801, 4371, 11959, 23365, 24430, 10864, 15049, 8914, 17259, 21483, 9019, 24646, 8009, 14739, 14294, 4935, 9356, 26859, 14407, 27580, 13227, 25886, 22963, 14225, 17414, 4871, 9471, 25663, 25362, 25937, 1612, 28620, 9001, 16340, 16589, 22737, 10652, 10114, 3724, 14483, 5658, 3427, 15313, 12070, 16012, 
Weights: 0, 448.191, 10.9431, 867.284, 1647.3, 290.475, 11.5536, 599.461, 1892.64, 0, 0, 427.242, 369.006, 19.1456, 0, 375.468, 0, 105.465, 0, 0, 28.4239, 0, 0, 64.2555, 0, 0, 3.82886, 0, 0, 7.5277, 0.507156, 0, 0.795833, 26.6377, 384.405, 574.348, 2.05006, 0, 0, 87.2661, 2.26578, 0, 107.452, 0, 1.05583, 35.32, 10.6611, 386.027, 2499.08, 0, 0, 0, 6.6647, 11.5306, 0, 0, 0, 0, 0, 0, 27.9626, 1056.11, 568.97, 4953.89, 2816.03, 1.32915, 0, 260.395, 0, 12.0767, 0, 69.0178, 9.20682, 32.8901, 0, 0, 13.455, 8.25002, 44.7897, 0.0926741, 4.7395, 2941.03, 0, 29.9608, 16.6473, 264.173, 0.551915, 0, 5.53067, 380.404, 16.7778, 1.16221, 0, 2.39269, 704.064, 7.45652, 0, 1.66819, 0, 1.99148, 0.978458, 110.354, 47.1221, 0.853539, 6.19381, 1400.82, 73.4494, 0, 1.08746, 1697.37, 0, 0, 0, 466.145, 0.991634, 0, 565.328, 100.477, 0, 33.9887, 0.650607, 1.64996, 0, 0, 1.07447, 0, 0, 0, 0, 2956.51, 1.22646, 5779.28, 718.09, 0, 0, 1300.98, 2905.4, 477.406, 52.4568, 1319.95, 0, 0, 8.03801, 202.721, 0, 17.1811, 0, 0.965187, 66.0543, 0, 433.176, 76.5469, 0.827208, 0, 0, 515.252, 1.00064, 0.0442153, 0.32814, 9.31485, 15.7939, 0, 0, 21.1915, 0, 24.6006, 1497.59, 5.86842, 0, 180.949, 0, 965.395, 0, 3.97904, 10.3824, 28.4057, 60.0503, 10.6457, 0, 0, 621.081, 197.166, 0.982178, 4591.9, 25.5737, 0.484389, 0, 0, 76.8598, 0, 12314.3, 240.706, 160.703, 4.05631, 0, 
n_nonzero: 125

Running time so far: 61.6613s

