n_tets: 196
relErr: 0.779731
Selected tets: 39353, 30746, 4000, 127016, 137541, 34911, 37641, 157732, 144701, 119503, 23429, 100082, 33787, 34518, 4648, 100167, 102518, 30099, 56408, 130299, 92910, 162781, 123728, 2462, 149395, 154934, 52975, 42814, 1605, 164211, 144926, 131827, 48867, 58655, 54362, 77928, 157359, 77567, 119324, 56411, 32125, 41548, 35169, 73273, 134693, 137605, 55479, 69165, 144507, 61821, 83609, 48926, 26470, 86134, 64450, 108336, 71160, 45704, 67438, 2016, 1214, 57287, 119574, 133997, 102208, 128376, 36025, 134563, 79036, 106998, 137522, 89043, 109554, 120497, 52499, 163223, 43794, 102985, 141295, 132701, 60021, 138091, 134942, 60022, 24182, 109839, 77932, 78179, 161340, 102614, 46546, 46904, 146672, 67703, 153609, 162883, 91612, 94437, 116815, 70856, 104913, 36201, 45798, 112315, 8316, 112319, 159206, 107309, 58308, 122475, 143398, 47285, 159266, 95987, 85443, 21483, 3372, 42581, 140586, 818, 92814, 103397, 34826, 29052, 151772, 154782, 60598, 123207, 73606, 139355, 3246, 59937, 88219, 45562, 124118, 76323, 153510, 72884, 107654, 49178, 150878, 107301, 163061, 162326, 2932, 80366, 143165, 3941, 120036, 43266, 127661, 11395, 148057, 12629, 132055, 61544, 138841, 101495, 30550, 117559, 31236, 3659, 86295, 77152, 89292, 18501, 78134, 153026, 81976, 10019, 33105, 43899, 33843, 146240, 161294, 40692, 35022, 163475, 51774, 80662, 53473, 81017, 149812, 61378, 162406, 155539, 12251, 162715, 21227, 220, 157794, 126383, 80586, 62519, 76890, 9610, 
Weights: 3223.95, 134.542, 7162.33, 0.816128, 0.723795, 22.7867, 3017.84, 2.47509, 2.2149, 17.508, 27588.3, 18.1417, 0, 91.3288, 0, 16771.8, 0, 2755.55, 701.352, 0, 7819.98, 31.5912, 8646, 27.9234, 4.07856, 0, 0.915217, 435.392, 81.8699, 84.9534, 1.11061, 0, 77.1503, 2470.86, 0, 1.54498, 1.30943, 0.878555, 0.620894, 1.14917, 1.18583, 352.872, 180.781, 25.8546, 3.31405, 1.80311, 1.45529, 817751, 0, 2169.25, 24195.2, 0, 48889.1, 332.524, 2.88555, 2571.5, 0, 0.843006, 0, 18.5291, 72.581, 26805, 145.003, 0, 21.5573, 0, 0, 3731.72, 9.06919, 1.29111, 19.1467, 0.934973, 498.553, 1.03211, 1.01173, 20621.2, 1096.37, 0.754272, 3212.2, 8199.31, 338.356, 0, 1.16948, 834.102, 99.0499, 13.156, 1.46015, 122.84, 2.37487, 17.782, 350.321, 675.523, 0.649996, 306.349, 12414.6, 9488.56, 586.46, 505.816, 605.288, 232.622, 0, 0, 705.67, 200.41, 0.944565, 0, 3.71842, 0, 1.08874, 0, 3.52483, 1.01289, 693113, 0, 1447.14, 5.22911, 0.989178, 0, 66.8956, 5086.96, 1.00352, 301.04, 40.6493, 0, 1.10425, 0, 0, 2884.01, 345.628, 0, 5.32397, 744.891, 9.61933, 5315.67, 0, 4.23891, 0, 3.23375, 329.814, 0, 3068.81, 0, 614.825, 2.11086, 51.1008, 0, 16429.8, 0.646999, 17054.8, 1.3525, 374.365, 0, 0.749853, 2.12694, 2838.42, 2.32158, 0, 0, 14.2461, 0, 83.3393, 2696.84, 0, 21.4949, 6.70273, 5.27652, 41.6841, 0.899321, 2.4512, 249.456, 2.09867, 0, 13548.8, 0, 550.304, 0.8761, 1404.64, 0.604498, 0, 19.1907, 8.81657, 0, 0, 0, 23132.1, 1.13071, 0, 1141.41, 626.159, 0, 1.14692, 52.1399, 0, 6.68274, 0, 7051.06, 
n_nonzero: 150

Running time so far: 203.068s

