n_tets: 102
relErr: 0.117987
Selected tets: 51214, 33828, 1062, 17144, 34560, 57384, 71719, 24860, 79148, 18752, 26715, 54341, 55661, 18058, 79674, 58394, 47832, 65101, 75225, 78581, 38437, 11094, 31923, 65333, 25095, 40130, 52248, 14997, 55192, 55830, 47691, 20698, 60654, 45641, 58865, 6073, 6794, 65212, 50539, 8071, 42782, 6772, 53911, 40232, 61256, 1986, 27703, 1391, 9638, 22689, 60071, 57016, 31921, 26997, 30552, 60817, 40724, 7835, 41435, 40134, 5965, 55309, 16488, 75871, 33069, 59263, 79183, 47310, 65841, 43200, 16312, 77670, 5000, 2555, 33050, 19673, 43048, 4752, 10977, 41150, 66780, 34082, 28668, 46052, 29236, 79852, 6774, 24248, 65126, 40068, 76084, 42294, 2944, 71310, 78538, 42987, 13502, 57367, 12636, 22885, 63886, 51750, 
Weights: 1253.42, 0, 0, 1253.78, 1749.41, 0, 120.108, 0, 0, 0, 0, 0, 0, 0, 0, 0, 0, 11437.2, 797.468, 121.595, 0, 0, 1.09724, 8053.4, 0, 0, 0, 0, 2418.19, 3054.68, 2984.23, 0, 0, 2685.93, 0, 0, 3836.57, 2.76767, 0, 1340.49, 0, 104.024, 0, 0, 0, 0, 0, 0, 0, 0, 0, 0, 0, 0, 55.0995, 3538.13, 78.6053, 0, 635.161, 0, 216.164, 2434.05, 2035.91, 0, 0, 0, 6214.38, 0, 0, 0, 1664.99, 100.462, 1415.82, 0, 0, 0, 896.62, 0, 14054.8, 0, 0, 0, 1468.82, 0, 1756.05, 0, 0, 3202.78, 952.239, 0.445709, 0.917696, 0, 26.1047, 0, 0, 1811.45, 9361.63, 62.8349, 0, 0, 0, 30.6443, 
n_nonzero: 41

Running time so far: 70.5499s

