n_tets: 73
relErr: 0.153274
Selected tets: 995, 6736, 3302, 3987, 3394, 5919, 5053, 3766, 4748, 2193, 2122, 6506, 5764, 1865, 4146, 1481, 7325, 7320, 3959, 6094, 983, 4455, 1823, 6731, 3811, 2352, 488, 6772, 7227, 66, 6257, 6007, 3897, 2837, 6381, 2097, 2003, 2113, 6822, 854, 5717, 2379, 5482, 929, 4260, 5442, 5647, 3953, 7480, 3285, 2645, 3423, 7447, 205, 7291, 3554, 1134, 5283, 2773, 7449, 4780, 2781, 2964, 1828, 1942, 5356, 7446, 2662, 7378, 1587, 757, 3561, 5450, 
Weights: 829.118, 268.102, 120.312, 161.992, 116.163, 410.714, 59.3912, 216.208, 399.351, 133.756, 78.2807, 763.272, 70.9758, 140.501, 61.1319, 33.3774, 1.07925, 0.926653, 83.7817, 121.824, 106.487, 0.678434, 20.7854, 507.694, 102.406, 1.00798, 1.04293, 262.488, 15.8399, 152.42, 32.8088, 136.688, 26.6693, 1.3458, 344.946, 0.999375, 0.992078, 45.8523, 24.1108, 182.472, 1.05394, 1.38257, 0.280768, 0.997928, 191.363, 0.987557, 0.993246, 1.11032, 0.577811, 0.983857, 215.227, 279.75, 0.935739, 0.96303, 58.859, 4.77599, 415.999, 1.02093, 148.191, 0.487631, 267.541, 0.994131, 61.8071, 56.1839, 2.74269, 11.8921, 3.19289, 1.00302, 104.905, 116.441, 10.9525, 17.0952, 1.19715, 
n_nonzero: 73

