n_tets: 160
relErr: 0.4009
Selected tets: 1842, 1597, 1136, 1224, 452, 822, 1277, 1021, 1856, 1431, 1326, 1875, 1870, 1851, 345, 1428, 475, 146, 405, 1311, 292, 520, 1854, 1332, 427, 731, 489, 1198, 50, 262, 363, 252, 1206, 955, 462, 435, 59, 874, 21, 246, 1652, 1143, 1790, 593, 559, 1457, 1627, 880, 849, 30, 1051, 455, 619, 281, 1638, 1583, 1341, 1102, 1503, 1210, 108, 504, 1159, 238, 682, 1427, 848, 5, 1194, 536, 529, 697, 881, 840, 1454, 1977, 1319, 638, 609, 1490, 1446, 502, 1578, 1868, 1761, 1628, 1351, 305, 447, 1392, 534, 1535, 198, 1032, 853, 1775, 949, 432, 36, 1926, 1119, 324, 1932, 595, 122, 1515, 1779, 753, 767, 1544, 1370, 1197, 1157, 1566, 1005, 1417, 732, 573, 235, 975, 838, 1462, 1009, 105, 918, 13, 1442, 329, 623, 921, 780, 1233, 808, 1883, 1852, 1873, 1642, 540, 199, 380, 1534, 1613, 960, 899, 1393, 1742, 1359, 1044, 1396, 53, 631, 625, 932, 1018, 634, 1376, 75, 812, 89, 334, 
Weights: 23.1568, 194.923, 352.671, 0.643178, 0.889641, 1.00343, 65.3594, 1.05924, 0.91714, 1.04551, 252.639, 0.946731, 2.30595, 5.05384, 1.96167, 1.25125, 1.01679, 0.647987, 0.98637, 0.910091, 11.4747, 1.09438, 1.12566, 0.886677, 0.905078, 1.98408, 0.844071, 0.99679, 1.32493, 0.92876, 1.41196, 0.967529, 1.02656, 0.369404, 0.994602, 0.969354, 0.999914, 0.901593, 1.17234, 0.963819, 299.834, 1.01072, 0, 4.24479, 0, 4.46126, 1.02915, 2.41761, 0.68174, 0.837572, 1.01908, 0.940195, 1.02699, 0.370522, 0.961101, 1.09592, 0.8577, 0.924936, 1.08112, 1.06431, 1.06681, 1.43615, 0.51952, 0.923386, 0.868719, 0.647214, 0, 0.865787, 1.00722, 1.11198, 1.00255, 1.68427, 1.16356, 1.126, 1.02687, 1.34049, 1.22689, 1.02077, 1.0363, 1.08115, 62.6533, 0.971812, 0.502159, 0.917594, 1.04775, 0.838506, 13.1498, 1.19349, 0, 1.00824, 1.01236, 1.01439, 5.74693, 1.04511, 34.8011, 0.928013, 0.74824, 1.09355, 1.4836, 3.39307, 0.61359, 0.966135, 4.61416, 117.718, 6.76141, 0.218384, 1.05332, 0.927791, 1.23861, 0.919187, 3.61327, 4.54985, 0, 0.964864, 1.48765, 1.01837, 2.63379, 1.42015, 360.039, 42.3432, 1.17996, 55.239, 1.01906, 31.1273, 0.742772, 0.916275, 5.40215, 1.19001, 0.908761, 1.44339, 0.709539, 1.10744, 47.0339, 2.84952, 0.986838, 1.01741, 1.00549, 0.870168, 0.936536, 23.9716, 0.96935, 0.890621, 12.5071, 0.991964, 1.00225, 0.636842, 0.965674, 1.06732, 1.01505, 1.16202, 1.15413, 1.01339, 1.03609, 1.63791, 1.07325, 0.200444, 55.754, 98.6518, 0.993812, 0.934616, 
n_nonzero: 155

