n_tets: 266
relErr: 0.162869
Selected tets: 12990, 2693, 1081, 13296, 29045, 55, 26069, 24777, 10112, 15775, 24597, 2844, 19576, 19124, 7979, 25032, 18631, 18394, 29312, 16154, 3112, 4458, 28064, 13752, 6155, 1757, 24381, 26954, 17568, 9447, 16999, 15160, 22523, 12427, 23888, 808, 18293, 11085, 21710, 5037, 28706, 24849, 3158, 1861, 26852, 6998, 22223, 17718, 23240, 13004, 29163, 18592, 21111, 17327, 2513, 26644, 26469, 9491, 19563, 18897, 21644, 14158, 19257, 32, 21177, 27885, 14912, 9834, 24152, 8911, 15257, 14184, 26771, 20202, 569, 1421, 81, 25792, 21740, 23859, 20246, 1885, 23608, 1141, 8463, 5287, 8599, 13200, 15779, 28779, 4481, 27112, 7344, 17765, 3052, 5285, 21881, 2808, 19236, 4425, 19523, 689, 28563, 17430, 1401, 13414, 10401, 12, 21536, 2164, 24585, 21119, 19905, 8878, 6015, 14305, 12269, 4838, 17328, 20236, 21868, 14509, 9883, 22851, 14811, 20334, 10372, 23174, 4089, 9537, 11876, 7944, 25381, 12565, 28071, 19262, 22036, 15773, 14687, 28832, 8746, 4118, 20165, 20615, 3666, 4852, 6435, 23188, 10851, 10690, 9179, 27752, 13879, 19233, 21931, 4698, 15778, 26197, 22990, 5353, 18733, 10258, 12134, 18497, 717, 13567, 10626, 14112, 4076, 9212, 21936, 14114, 15770, 29516, 19024, 23855, 4706, 28324, 28709, 22765, 3045, 20068, 23321, 2986, 11579, 10472, 20166, 9991, 6642, 11891, 21799, 24135, 2533, 6450, 2190, 1903, 25225, 944, 6419, 6878, 17980, 21691, 2217, 21729, 3387, 22233, 21807, 23778, 8947, 1351, 15905, 4242, 7413, 12085, 24583, 2261, 7311, 20111, 28958, 8233, 20494, 8062, 19504, 2859, 11969, 15057, 20056, 5412, 24560, 26843, 4127, 26363, 28788, 11981, 20233, 8922, 7322, 8995, 9414, 12598, 13475, 4514, 11898, 1839, 12032, 685, 1109, 19633, 20598, 25892, 17750, 15398, 17875, 12773, 18995, 28137, 17696, 6751, 4087, 18640, 5935, 26610, 4683, 2743, 4736, 21695, 
Weights: 244.117, 545.74, 441.049, 116.704, 190.753, 0, 1158.78, 276.025, 1359.26, 0.90803, 699.225, 84.6578, 35.9538, 50.8678, 181.393, 194.618, 175.845, 195.163, 1.00033, 1281.6, 1.11764, 643.246, 129.488, 0, 4673.95, 454.619, 96.1491, 811.299, 0, 151.197, 291.869, 241.931, 6.22852, 0, 9.23845, 1.26754, 102.796, 3.44871, 8.6591, 0, 0, 0, 164.064, 7.22277, 288.488, 11.584, 248.161, 50.1486, 0, 0, 246.255, 122.148, 0, 0.711154, 179.278, 0, 2906.04, 80.2486, 0, 0, 0, 0, 0, 1.02613, 0.961802, 495.097, 0, 650.303, 0, 0, 287.743, 0, 8.69672, 0, 0.978568, 0.421828, 1.024, 91.9038, 32.3376, 347.158, 0, 561.692, 101.662, 0, 75.8924, 0, 261.652, 9.46884, 12.1468, 128.082, 26.2874, 6.26102, 0, 0, 0, 1.08174, 0, 210.311, 0.059688, 96.4752, 50.937, 8.91023, 258.163, 0, 717.478, 203.791, 0, 1.92494, 452.3, 0, 0, 0, 79.1586, 512.628, 80.4093, 198.194, 224.498, 33.314, 0.268504, 6.2193, 0, 0, 0.856519, 255.07, 30.8546, 192.138, 67.1669, 91.0122, 0, 33.4784, 0, 116.379, 72.7563, 1.31522, 542.845, 0, 95.5304, 0.79457, 218.696, 163.641, 304.607, 108.776, 9.91051, 0.979581, 184.093, 1.46717, 1.10626, 68.9126, 0, 231.339, 0, 270.992, 814.311, 0, 9.92252, 3.88298, 0, 890.968, 0, 136.512, 151.782, 0, 170.006, 0, 2.73236, 125.902, 0, 46.5512, 0, 432.835, 103.033, 219.348, 1.14898, 2.9146, 71.9959, 76.0596, 0, 0, 73.5364, 517.961, 13.8383, 54.0351, 0, 45.3062, 199.78, 0, 0.998465, 0, 110.032, 74.6364, 0.869583, 0, 201.281, 349.292, 8.22186, 115.219, 0, 0, 695.311, 0, 136.766, 0.741218, 0, 0, 174.758, 355.766, 281.422, 0, 91.4032, 118.968, 0, 109.825, 325.568, 470.417, 39.057, 9.22547, 0, 139.66, 0, 0, 24.1971, 915.898, 110.995, 73.9435, 0, 322.24, 84.1258, 256.806, 62.4052, 361.246, 0, 67.4345, 0.995574, 0.979737, 7.01642, 70.865, 68.107, 230.049, 0, 0, 313.87, 0.999606, 88.5097, 0, 0, 1.0057, 1.01559, 148.883, 62.7819, 212.876, 123.841, 0, 29.0765, 0, 0, 444.939, 69.6073, 46.1466, 1.02337, 29.3772, 0.842943, 0, 0, 92.7344, 0, 0, 
n_nonzero: 190

Running time so far: 143.155s

