n_tets: 57
relErr: 0.221243
Selected tets: 12990, 2693, 1081, 13296, 29045, 55, 26069, 24777, 10112, 15775, 24597, 2844, 19576, 19124, 7979, 25032, 18631, 18394, 29312, 16154, 3112, 4458, 28064, 13752, 6155, 1757, 24381, 26954, 17568, 9447, 16999, 15160, 22523, 12427, 23888, 808, 18293, 11085, 21710, 5037, 28706, 24849, 3158, 1861, 26852, 6998, 22223, 17718, 23240, 13004, 29163, 18592, 21111, 17327, 2513, 26644, 26469, 
Weights: 815.634, 878.507, 1021.28, 259.738, 2535.11, 398.648, 2364.5, 663.188, 12859.1, 0.875726, 9809.72, 299.033, 261.723, 133.022, 429.125, 439.043, 1204.81, 2136.13, 1.31118, 1023.18, 1.14224, 223.455, 117.45, 475.657, 71122.2, 823.783, 0, 1512.91, 0, 1031.96, 2339.07, 158.981, 196.067, 286.811, 98.4581, 0.907893, 3525.94, 154.099, 6.95918, 2397.52, 812.33, 43.7965, 347.809, 6.63369, 2008.72, 182.278, 216.918, 609.445, 860.587, 1440.62, 269.497, 227.795, 406.552, 1.89694, 218.253, 285.529, 4926.65, 
n_nonzero: 55

Running time so far: 24.0584s

