n_tets: 176
relErr: 0.354907
Selected tets: 32562, 42675, 7400, 38757, 28732, 43879, 34020, 14663, 14859, 42759, 22443, 10634, 5978, 37804, 28795, 28803, 32402, 41971, 29320, 20127, 20195, 11336, 44942, 27216, 22250, 1961, 39019, 20950, 16309, 24941, 28091, 39255, 43258, 1820, 33980, 29553, 38698, 38867, 4042, 8391, 31826, 7766, 16138, 3845, 43883, 2979, 24124, 29217, 10435, 21177, 4725, 20125, 17790, 22361, 19515, 36163, 28351, 29877, 21975, 13782, 29410, 18013, 10363, 4301, 8559, 33077, 16720, 37321, 12683, 5310, 10419, 1617, 8545, 39181, 19418, 34555, 18584, 44231, 1634, 2543, 15819, 38626, 28706, 19861, 19504, 38079, 24500, 34060, 33978, 25061, 12813, 42805, 38847, 24400, 43881, 44735, 15828, 26515, 9529, 38938, 38101, 6030, 4723, 31818, 31854, 44288, 21500, 41986, 6077, 13145, 35241, 13885, 43848, 22347, 16513, 13068, 13783, 9176, 13091, 24881, 39288, 16805, 14512, 15569, 4205, 11311, 37438, 6488, 4814, 18026, 14017, 3963, 41982, 18898, 34055, 39884, 41978, 33025, 12113, 1783, 27313, 6489, 6721, 9870, 34337, 28612, 8199, 17061, 8928, 23481, 18852, 39187, 1686, 12138, 18358, 8544, 43702, 38068, 3687, 2802, 29330, 30897, 1953, 23484, 31074, 22114, 29197, 39020, 59, 44638, 16518, 25334, 34016, 28904, 18588, 12085, 
Weights: 1935.75, 7156.79, 225.983, 0.87205, 4232.14, 20.165, 110.546, 0.999659, 2.39066, 0, 62.3705, 1470.73, 1749.67, 1.15038, 0, 47.5702, 865.888, 22.7861, 434.443, 0, 0, 0.494765, 98.7286, 0, 1402.55, 1.57278, 0, 408.587, 0, 0, 685.63, 0, 0, 1.0966, 2.441, 307.391, 0.923892, 0.244535, 622.264, 1.08417, 210.787, 0, 0, 1479.82, 0.605128, 7.16732, 0, 0.883103, 25.6768, 0, 26.8955, 1.04337, 5.42836, 0, 15.4198, 7.29257, 309.793, 0, 27.7206, 0, 0, 1093.25, 1150.75, 20.1123, 291.407, 0.914454, 0.95946, 3678.71, 0.469235, 8.15924, 0, 25.3607, 3.28542, 66.8587, 1188.92, 133.477, 0, 47.5258, 697.004, 0, 541.799, 3.75033, 119.155, 0, 180.096, 1890.89, 340.934, 93.9547, 134.186, 24.523, 1.65164, 0, 1.29834, 0, 1.04818, 219.33, 682.037, 1.1089, 0.943433, 0.940704, 3.80217, 0, 0.388987, 41.2917, 162.29, 0, 1766.96, 0, 0, 1.92764, 1.01442, 1098.39, 0, 0.990898, 53.9226, 0, 1.4355, 2300.32, 0, 434.909, 0, 89.3791, 1078.05, 0, 3301.67, 1.55512, 0.00121759, 375.368, 2.10928, 15.6894, 0, 1.12158, 33.4999, 0, 12.3761, 236.664, 1.35109, 217.949, 1.03464, 12.5865, 3.94972, 0.565933, 118.373, 2.32353, 33.2963, 25.6107, 1359.42, 86.2316, 78.3265, 25.1767, 1.04607, 0.935618, 0, 202.115, 2.09457, 0.98099, 0, 0.698291, 345.55, 4.52335, 0, 59.2039, 49.9453, 1.47929, 0, 0.857145, 0, 0, 47.0816, 5.00779, 19.505, 8.87132, 12.0501, 0, 9.77234, 0, 
n_nonzero: 133

Running time so far: 104.813s

