n_tets: 23
relErr: 0.404203
Selected tets: 995, 6736, 3302, 3987, 3394, 5919, 5053, 3766, 4748, 2193, 2122, 6506, 5764, 1865, 4146, 1481, 7325, 7320, 3959, 6094, 983, 4455, 1823, 
Weights: 1422.77, 551.606, 624.502, 125.915, 358.306, 311.502, 118.771, 1264.15, 574.231, 246.535, 227.883, 669.627, 94.694, 246.405, 160.978, 387.066, 0.534195, 0.909299, 108.056, 138.914, 274.098, 0.565712, 263.546, 
n_nonzero: 23

