n_tets: 33
relErr: 0.0702287
Selected tets: 13986, 9874, 28312, 13284, 1214, 27342, 6233, 24777, 25350, 11692, 1312, 15251, 11970, 6638, 15836, 26177, 12232, 22738, 4998, 19909, 19835, 19799, 18800, 1088, 9388, 8792, 10521, 18579, 21869, 15721, 6623, 9788, 186, 
Weights: 689.232, 2736, 1118.77, 2000.33, 327.499, 1184.37, 730.916, 4229.47, 2880.48, 1364.73, 4717.02, 1693.15, 76.3976, 506.853, 319.022, 2075.59, 520.466, 0, 78.1753, 908.836, 425.781, 1445.12, 0, 1780.06, 436.284, 1138.38, 585.357, 16.7522, 326.861, 1073.15, 349.654, 432.238, 1487.15, 
n_nonzero: 31

Running time so far: 7.34411s

