n_tets: 9
relErr: 0.0088881
Selected tets: 5390, 2255, 5881, 7419, 5645, 3900, 5779, 951, 13400, 
Weights: 6122.64, 979.425, 2123.44, 0, 142330, 0, 917.691, 1476.58, 363.529, 
n_nonzero: 7

Running time so far: 8.91863s

