n_tets: 68
relErr: 0.274555
Selected tets: 99, 89, 141, 93, 171, 185, 186, 65, 77, 57, 53, 2, 172, 119, 137, 18, 135, 168, 84, 194, 202, 101, 200, 14, 138, 107, 166, 155, 111, 198, 63, 189, 3, 72, 58, 203, 95, 49, 183, 30, 130, 146, 81, 67, 142, 123, 43, 201, 71, 157, 118, 122, 193, 0, 149, 86, 69, 92, 25, 96, 175, 151, 197, 64, 167, 27, 104, 7, 
Weights: 0, 1.023, 29.312, 1.00182, 0, 0.950605, 0.967871, 5.25492, 1.01208, 1.43173, 0, 0, 14.973, 0.505962, 0.978933, 1.3593, 25.6405, 9.86192, 1.0162, 1.00377, 1.25256, 1.99506, 0.579928, 0.391458, 0.235617, 0.9731, 25.3926, 0, 1.00048, 0.892682, 1.13007, 1.91914, 13.1665, 4.24173, 1.29751, 0.869703, 15.329, 1.54039, 0.989525, 17.1715, 11.3239, 10.3434, 8.55101, 3.27934, 6.75248, 3.52483, 0, 0.138083, 23.3759, 20.9665, 4.28112, 1.43093, 1.84568, 0.419791, 10.5883, 6.57229, 9.21403, 1.45074, 1.57107, 12.9861, 26.4211, 3.04193, 0.541655, 172.587, 9.51618, 7.04809, 2.0532, 11.2361, 
n_nonzero: 62

