n_tets: 190
relErr: 0.760788
Selected tets: 78587, 86988, 33623, 161188, 61692, 46546, 4150, 3641, 1909, 129669, 136564, 73277, 54333, 80171, 88747, 113565, 85058, 162054, 60598, 162377, 114235, 18061, 3247, 155797, 52848, 155062, 18091, 40727, 53028, 62263, 45610, 77350, 69024, 63840, 161161, 115874, 71157, 50678, 3857, 143191, 40776, 126955, 18636, 107290, 146744, 2383, 127460, 39128, 63921, 2001, 114120, 77067, 70859, 159371, 6198, 1214, 85313, 75546, 310, 98650, 146673, 86030, 46542, 7828, 134066, 43459, 128179, 5652, 3520, 131468, 114102, 115471, 73094, 147347, 146275, 114738, 77696, 84102, 101306, 13770, 2937, 47424, 144049, 76689, 75410, 5353, 114140, 88234, 117788, 148327, 75370, 115468, 116752, 65019, 155148, 31474, 103372, 67703, 4678, 104618, 73014, 137859, 37747, 73999, 47323, 121160, 103706, 156221, 111771, 85199, 82021, 81976, 104377, 162099, 122340, 50690, 3931, 76918, 3383, 104102, 542, 20059, 164194, 5379, 94329, 75443, 670, 37310, 87714, 38667, 100633, 74158, 74245, 96708, 71307, 159860, 133263, 134218, 150755, 138167, 55885, 61709, 34911, 98604, 126234, 64575, 150252, 162736, 1674, 3010, 131553, 98127, 19730, 142336, 68419, 61246, 86485, 453, 161439, 31380, 172, 37457, 70264, 63378, 148938, 157382, 63749, 43836, 155738, 3397, 104735, 7842, 69987, 125779, 4035, 108991, 48618, 102092, 122350, 5394, 23840, 33105, 83602, 140995, 159848, 48032, 110357, 37545, 7884, 130645, 
Weights: 2888.59, 7.28711, 8440.97, 388.757, 370.655, 249.303, 10.0655, 58.3754, 0.902507, 1681.33, 0.968405, 4.19472, 120.591, 255.709, 1.10717, 5399.03, 12.669, 629.946, 1.007, 0.706555, 3.58817, 2.5914, 16640.2, 0.750855, 24271.9, 1.76684, 6.38449, 2.97165, 1.51798, 12.3144, 0.498621, 1.28608, 798.701, 1.42769, 1.11477, 1.33278, 877.677, 0.764156, 1.60285, 2.20847, 8.05269, 1524.57, 150.987, 603.162, 0.80433, 22068.7, 1.11797, 15219.5, 0.803077, 63.9482, 89.5668, 4.69414, 0.462409, 199.664, 0.805682, 1133.05, 4.68668, 14.8407, 37.3815, 269.472, 3.21908, 0.930316, 3.72559, 13.3754, 442.366, 5.315, 11.472, 10.3468, 695.243, 0.930877, 1.23878, 1329.7, 13.3539, 6.90202, 44.1782, 479.029, 0.754072, 2.12269, 3146.24, 1.04541, 3.37515, 2.80207, 118.944, 1.35761, 1.03588, 1.0099, 22.285, 1.49081, 1.58898, 0.595908, 11.2978, 1.35309, 193.082, 0.462008, 223.336, 1.01064, 1.84902, 0.591764, 7.6368, 180.542, 1.05001, 5.04026, 1.25049, 1.08445, 98.7453, 1.00522, 54.458, 8.10133, 1.08975, 16553.1, 11296, 8.47523, 0.675987, 10.1975, 992.797, 1.97736, 85.6793, 2.91326, 0.378947, 0.925245, 123.186, 1.46137, 0.755437, 1.08723, 11953.2, 13.9803, 517.699, 0.276166, 0.954514, 320.129, 7.07178, 172.044, 952.997, 2317.54, 3642.8, 1.01099, 93.1336, 1698.2, 1.11341, 0.893529, 11.8732, 6086.94, 0.499862, 25863.2, 51.5044, 1.70769, 16.9778, 1.03114, 0.778219, 1.83627, 1.09849, 1.72403, 1.13975, 149.706, 36.5522, 73.8382, 184.773, 133.125, 0.987509, 184.733, 150.136, 0.993866, 6359, 1.01881, 12.703, 1.92586, 1192.64, 78.6287, 6.07738, 1.09186, 21.762, 1.0444, 767.38, 3.10315, 118.117, 388.557, 11.4089, 1.99147, 25.9977, 0.9648, 1.00212, 2.37649, 276.987, 18.0463, 66.3472, 0.944649, 0.950025, 86796.3, 1.00406, 3.54663, 
n_nonzero: 190

Running time so far: 888.302s

