n_tets: 100
relErr: 0.123602
Selected tets: 995, 6736, 3302, 3987, 3394, 5919, 5053, 3766, 4748, 2193, 2122, 6506, 5764, 1865, 4146, 1481, 7325, 7320, 3959, 6094, 983, 4455, 1823, 6731, 3811, 2352, 488, 6772, 7227, 66, 6257, 6007, 3897, 2837, 6381, 2097, 2003, 2113, 6822, 854, 5717, 2379, 5482, 929, 4260, 5442, 5647, 3953, 7480, 3285, 2645, 3423, 7447, 205, 7291, 3554, 1134, 5283, 2773, 7449, 4780, 2781, 2964, 1828, 1942, 5356, 7446, 2662, 7378, 1587, 757, 3561, 5450, 489, 7483, 2988, 2756, 1944, 1782, 3087, 838, 1882, 3553, 198, 2212, 1505, 7445, 5823, 2668, 3188, 3426, 3122, 7048, 3326, 1443, 4753, 5652, 5492, 6283, 834, 
Weights: 713.299, 381.994, 30.3321, 149.335, 88.7425, 239.555, 34.525, 152.42, 328.69, 76.4484, 9.68893, 721.717, 66.3086, 93.3034, 71.2641, 65.387, 1.04593, 0.943889, 66.0782, 94.9801, 87.6905, 0.683069, 0, 352.668, 89.6655, 1.00463, 1.06334, 265.402, 14.442, 209.22, 40.9561, 107.008, 14.609, 1.99691, 362.588, 1.00103, 1.05047, 34.2885, 9.23876, 174.786, 1.01598, 1.35785, 0.388252, 1.00783, 260.727, 0.989904, 0.955086, 1.42301, 0.751101, 0.994687, 208.322, 199.348, 0.964731, 0.984873, 8.62249, 6.29745, 568.692, 1.02355, 0.769073, 0.370377, 311.546, 0.998402, 48.0195, 59.1303, 2.44814, 0.52934, 0.0194672, 1.00413, 129.913, 102.633, 0, 4.12159, 1.18151, 154.345, 12.7768, 0.790572, 141.579, 2.46728, 0.961962, 1078.94, 1.46687, 0.948412, 0, 0.373821, 96.9543, 239.797, 1.03106, 2.31023, 1.49574, 86.9263, 20.9125, 86.7129, 11.214, 144.451, 39.5008, 5.24292, 0.454576, 0.987719, 18.1823, 2.05181, 
n_nonzero: 97

