n_tets: 264
relErr: 0.333322
Selected tets: 32562, 42675, 7400, 38757, 28732, 43879, 34020, 14663, 14859, 42759, 22443, 10634, 5978, 37804, 28795, 28803, 32402, 41971, 29320, 20127, 20195, 11336, 44942, 27216, 22250, 1961, 39019, 20950, 16309, 24941, 28091, 39255, 43258, 1820, 33980, 29553, 38698, 38867, 4042, 8391, 31826, 7766, 16138, 3845, 43883, 2979, 24124, 29217, 10435, 21177, 4725, 20125, 17790, 22361, 19515, 36163, 28351, 29877, 21975, 13782, 29410, 18013, 10363, 4301, 8559, 33077, 16720, 37321, 12683, 5310, 10419, 1617, 8545, 39181, 19418, 34555, 18584, 44231, 1634, 2543, 15819, 38626, 28706, 19861, 19504, 38079, 24500, 34060, 33978, 25061, 12813, 42805, 38847, 24400, 43881, 44735, 15828, 26515, 9529, 38938, 38101, 6030, 4723, 31818, 31854, 44288, 21500, 41986, 6077, 13145, 35241, 13885, 43848, 22347, 16513, 13068, 13783, 9176, 13091, 24881, 39288, 16805, 14512, 15569, 4205, 11311, 37438, 6488, 4814, 18026, 14017, 3963, 41982, 18898, 34055, 39884, 41978, 33025, 12113, 1783, 27313, 6489, 6721, 9870, 34337, 28612, 8199, 17061, 8928, 23481, 18852, 39187, 1686, 12138, 18358, 8544, 43702, 38068, 3687, 2802, 29330, 30897, 1953, 23484, 31074, 22114, 29197, 39020, 59, 44638, 16518, 25334, 34016, 28904, 18588, 12085, 1320, 31828, 22894, 23634, 44291, 19841, 39167, 32548, 35144, 43894, 35158, 12876, 34184, 42425, 11176, 29906, 1339, 29905, 765, 18854, 903, 28587, 982, 8810, 12923, 15917, 20428, 39001, 6803, 15327, 2153, 27254, 43889, 27771, 3093, 32514, 39175, 9855, 26654, 9537, 42459, 29209, 13607, 44003, 38821, 1113, 22291, 28353, 12185, 39021, 42084, 28364, 34341, 21433, 1616, 16308, 9572, 11688, 21493, 4317, 1914, 43575, 1615, 37713, 39900, 38747, 33727, 44414, 39735, 22346, 42822, 25065, 38032, 6082, 34347, 18020, 37739, 10227, 42080, 22297, 12190, 12207, 9036, 3527, 4350, 22866, 2702, 23456, 
Weights: 1508.23, 4627.55, 0, 0.856288, 2713.63, 20.009, 85.2473, 1.00186, 2.41324, 0, 61.265, 1320.52, 340.168, 1.15029, 1.96452, 0, 481.459, 22.3009, 0, 0, 0, 0.484901, 0, 77.2504, 0, 1.57436, 0, 420.599, 0, 0, 884.718, 0, 0, 1.07348, 2.44446, 0, 0.922797, 0.391851, 446.951, 1.10575, 204.316, 0, 0.146411, 1938.39, 0.787473, 7.86552, 0, 0.862466, 24.7134, 330.207, 32.512, 1.01641, 5.4371, 0, 14.5189, 6.96559, 0, 0, 27.6221, 2.17674, 1.91433, 681.433, 619.043, 0, 352.471, 0.924319, 0.958735, 13.7597, 0.681003, 8.17669, 0, 20.7111, 3.33827, 38.6222, 704.198, 0, 0, 0, 972.917, 0, 247.308, 4.81108, 367.011, 371.197, 265.089, 5108.94, 681.651, 112.915, 132.947, 25.2863, 1.67983, 0, 1.34004, 0, 1.10439, 0, 0, 1.12295, 0.943719, 0.951226, 3.74426, 0, 0.388207, 39.6016, 132.109, 3.55018, 0, 0, 0, 1.99504, 1.01999, 4452.98, 0, 0.996715, 123.25, 370.28, 4.3038, 686.98, 0, 0, 0, 88.8165, 913.515, 1298.47, 1247.82, 0, 0, 391.989, 0.7792, 18.0321, 0, 1.13368, 33.1976, 0, 0, 88.9512, 1.38338, 151.855, 0.920632, 13.6899, 4.04935, 0.394285, 115.867, 2.33966, 51.182, 23.314, 0, 0, 179.997, 17.1808, 1.05514, 1.56682, 0, 270.68, 2.09375, 1.0188, 0, 1.74287, 0, 4.60743, 0, 0, 0, 3.08981, 778.22, 0.856573, 129.321, 0, 46.1219, 2.37215, 21.4654, 4.35501, 0, 0, 10.1027, 0, 1.05825, 3.31637, 0.770416, 0, 11.7505, 1.06284, 0.964269, 1.48631, 189.928, 0.998474, 0, 29.7201, 0, 0, 10.9349, 0, 0.328743, 1.02675, 0, 0.97163, 0, 1.5168, 0.830434, 387.242, 1.01197, 595.893, 346.145, 0, 1.06565, 2.40689, 14.1047, 6.59745, 0, 1.01071, 272.003, 290.195, 0, 830.348, 0, 0, 262.982, 1.22285, 297.653, 116.98, 0.916534, 115.933, 0.925125, 251.78, 69.4045, 7.48933, 110.545, 32.9638, 0, 1241.68, 160.67, 1.00133, 199.974, 215.797, 75.0293, 802.602, 0, 313.64, 0, 0, 0.467274, 3.43601, 0.959648, 6.66134, 739.343, 0.78196, 32.7082, 1.46163, 135.555, 0, 4381.56, 19.7253, 82.8759, 1.95671, 0, 0.910488, 312.538, 47.1341, 1.45591, 2.28046, 0, 0, 0, 99.0555, 
n_nonzero: 189

Running time so far: 177.119s

