n_tets: 20
relErr: 0.716274
Selected tets: 1842, 1597, 1136, 1224, 452, 822, 1277, 1021, 1856, 1431, 1326, 1875, 1870, 1851, 345, 1428, 475, 146, 405, 1311, 
Weights: 376.528, 459.714, 1180.65, 0.630795, 1.04688, 0.254963, 131.367, 1.27501, 0.90044, 1.02132, 402.113, 0.980198, 2.51717, 47.6298, 1.64356, 1.1379, 1.15307, 0.673902, 0.911889, 0.930275, 
n_nonzero: 20

