n_tets: 104
relErr: 0.348733
Selected tets: 25446, 10248, 10457, 5073, 26400, 4188, 19208, 5490, 23752, 17764, 10396, 18093, 21116, 11022, 27637, 23835, 14036, 27024, 11116, 23742, 11381, 23364, 1381, 24972, 18601, 13926, 6043, 13318, 897, 22844, 15735, 3129, 16526, 3854, 4266, 10273, 4054, 17245, 7116, 23400, 25791, 2721, 15489, 6031, 5092, 7787, 27307, 28552, 4161, 10270, 5192, 8788, 17138, 13389, 21944, 22079, 16676, 23385, 11760, 13846, 17643, 17325, 11672, 22694, 9475, 15456, 4370, 768, 20704, 17529, 6474, 4846, 5565, 6278, 2593, 21998, 21795, 10679, 16158, 4676, 9945, 16454, 26415, 24946, 20654, 16473, 10380, 871, 13107, 19901, 6337, 9274, 22333, 26184, 20080, 18953, 17370, 6295, 19054, 11859, 18179, 12478, 18316, 27025, 
Weights: 405.73, 3408.12, 10.6007, 2048.81, 18349.9, 264, 11.4527, 97.3631, 4323.98, 0, 0, 493.712, 127.88, 9.62873, 0, 842.67, 0, 1734.91, 718.916, 16165.4, 11.7704, 0, 0, 70.3479, 0, 50.4271, 3.01138, 1.11286, 0, 7.45751, 0.454529, 0, 0.803979, 48.9789, 756.804, 2953.9, 0.373868, 0, 0, 92.0838, 2.70394, 47.6748, 280.883, 0, 0.148869, 39.329, 10.5314, 698.244, 2900.88, 0, 0, 0, 6.04889, 11.5562, 240.134, 1225.22, 0, 0, 52.3812, 0, 25.9824, 11399, 326.587, 2816.5, 886.716, 1.34726, 0, 192.023, 402.239, 1.5366, 0, 36.5293, 8.67309, 37.9818, 1081.19, 0, 6.71301, 10.0094, 52.8985, 0.0518768, 6.48156, 0, 0, 33.0208, 16.8685, 249.467, 0, 0, 4.9162, 379.089, 16.524, 1.16503, 0, 0, 617.578, 1.68229, 0, 1.37296, 0, 0, 0.965616, 90.694, 40.6533, 0.966168, 
n_nonzero: 74

Running time so far: 30.2702s

