n_tets: 171
relErr: 0.154036
Selected tets: 10555, 21616, 12946, 21677, 4748, 6996, 23325, 27965, 4263, 12045, 17320, 25683, 19465, 9519, 19914, 12330, 23888, 5093, 21360, 28276, 21477, 726, 19503, 27247, 19660, 8811, 19456, 1518, 11035, 8328, 15796, 13232, 19166, 13409, 6928, 11618, 25707, 19162, 2547, 15300, 2987, 17874, 23620, 1861, 15479, 1269, 22785, 25329, 27418, 10401, 17509, 29299, 4195, 25933, 24111, 12388, 15089, 13391, 10002, 20247, 6697, 16256, 19800, 1543, 21586, 15012, 15261, 18244, 12419, 5851, 4114, 13262, 4087, 12118, 14799, 19346, 18806, 6050, 5897, 19548, 27873, 14866, 12204, 6574, 615, 23457, 14449, 24519, 11464, 5283, 27830, 26024, 26451, 4776, 3022, 22444, 1404, 20672, 4294, 25936, 21442, 23021, 19072, 15701, 2551, 3044, 25426, 22905, 8294, 5524, 10404, 21587, 2827, 14554, 27248, 9885, 14214, 11571, 26472, 15465, 14082, 21181, 14519, 12796, 17326, 12794, 9864, 13331, 4089, 4435, 22616, 14548, 27641, 5693, 1542, 1535, 17875, 11961, 22296, 17872, 25247, 21218, 19661, 3008, 4099, 19164, 2655, 24925, 11924, 26592, 11946, 14, 4806, 20118, 696, 28794, 37, 15723, 27439, 5905, 18733, 25223, 5289, 2367, 19468, 16, 23539, 22121, 13333, 12601, 6716, 
Weights: 4743.95, 851.623, 509.809, 778.881, 0, 888.454, 810.003, 0, 1.67689, 13.7368, 0.624671, 326.807, 1.02206, 1438.73, 291.991, 385.428, 72.3997, 102.315, 0.962881, 3255.7, 2.02654, 0, 110.424, 1.40419, 57.8161, 0, 454.961, 0.903771, 49.6363, 693.247, 0, 6.27186, 0.509594, 0, 10.9481, 0, 1130.48, 0, 233.637, 154.979, 0, 2.92869, 1142.9, 1.52203, 0, 0.434913, 1484.33, 149.098, 1799.15, 36.4272, 128.431, 195.172, 407.755, 0, 1.84147, 0, 1572.97, 134.708, 0, 0, 0, 0, 0.852422, 0.813685, 0.945996, 40.4888, 0, 1347.32, 0, 0, 0, 0, 1.01335, 95.2006, 113.567, 288.727, 326.251, 0, 734.786, 0, 1208.69, 2.09077, 538.855, 378.28, 109.616, 0, 0, 0, 356.78, 0, 13.7819, 0, 2.32948, 0, 0, 7.73554, 479.78, 0, 0, 60.4472, 1.13913, 2.33082, 0, 221.891, 0, 132.712, 0, 0, 1.02971, 3.59224, 51.202, 0, 0, 0, 5.27509, 0, 33.5049, 1.15357, 0, 0, 0, 119.915, 74.6348, 0.803843, 0, 0.930872, 110.818, 16.3079, 0.992062, 0, 0, 97.4911, 924.77, 0, 1.37741, 22.0188, 0, 1.14111, 91.4859, 0.972741, 2.12517, 180.194, 0.728531, 135.939, 2.11834, 0.986777, 23.5518, 0, 40.9044, 0, 159.675, 683.656, 0, 0.976705, 1.0336, 177.602, 0.988012, 1449.13, 0, 0, 0, 0, 1.58134, 0, 0.966971, 0, 0, 0, 1.76543, 0, 0, 
n_nonzero: 110

Running time so far: 194.792s

