n_tets: 120
relErr: 0.484253
Selected tets: 1842, 1597, 1136, 1224, 452, 822, 1277, 1021, 1856, 1431, 1326, 1875, 1870, 1851, 345, 1428, 475, 146, 405, 1311, 292, 520, 1854, 1332, 427, 731, 489, 1198, 50, 262, 363, 252, 1206, 955, 462, 435, 59, 874, 21, 246, 1652, 1143, 1790, 593, 559, 1457, 1627, 880, 849, 30, 1051, 455, 619, 281, 1638, 1583, 1341, 1102, 1503, 1210, 108, 504, 1159, 238, 682, 1427, 848, 5, 1194, 536, 529, 697, 881, 840, 1454, 1977, 1319, 638, 609, 1490, 1446, 502, 1578, 1868, 1761, 1628, 1351, 305, 447, 1392, 534, 1535, 198, 1032, 853, 1775, 949, 432, 36, 1926, 1119, 324, 1932, 595, 122, 1515, 1779, 753, 767, 1544, 1370, 1197, 1157, 1566, 1005, 1417, 732, 573, 235, 975, 
Weights: 79.2062, 172.798, 362.17, 0.561256, 0.913036, 0.998179, 67.2943, 1.08174, 0.946442, 1.04158, 379.393, 0.968632, 2.35978, 5.07694, 1.98683, 1.24858, 0.763817, 0.568991, 0.852526, 0.941448, 15.4039, 0.96462, 1.1178, 0.818008, 0.912598, 2.04826, 0.942619, 0.998529, 1.32638, 0.94724, 1.39045, 0.932875, 1.02695, 0.454542, 1.02321, 0.956646, 1.07655, 0.974221, 1.02981, 0.953136, 403.227, 0.983464, 0, 4.52167, 0, 19.5826, 1.02485, 1.86578, 0.730702, 0.593113, 1.00516, 0.948446, 1.00822, 0.354541, 0.976182, 1.12031, 0.85944, 0.961593, 1.07151, 1.23948, 1.47099, 1.48615, 0.503396, 0.903463, 0.742369, 0.747097, 6.34497, 0.983739, 1.04537, 1.06046, 0.998392, 1.88199, 1.11826, 1.10518, 1.03487, 1.29171, 1.22637, 0.902625, 1.04499, 1.02014, 68.0813, 0.974975, 0.692871, 0.917968, 1.05153, 0.855205, 15.0415, 1.07191, 0, 0.998247, 1.02212, 1.0157, 9.46913, 1.03677, 48.6258, 0.936584, 0.715681, 1.09474, 0.726107, 3.3529, 0.628962, 0.957182, 4.26307, 247.943, 6.05871, 0.0405985, 1.05355, 1.03551, 1.22563, 0.91325, 6.33042, 3.80021, 0, 0.964909, 0.0895558, 0.736531, 2.79521, 1.39885, 277.834, 35.3297, 
n_nonzero: 116

