n_tets: 297
relErr: 0.0594923
Selected tets: 13986, 9874, 28312, 13284, 1214, 27342, 6233, 24777, 25350, 11692, 1312, 15251, 11970, 6638, 15836, 26177, 12232, 22738, 4998, 19909, 19835, 19799, 18800, 1088, 9388, 8792, 10521, 18579, 21869, 15721, 6623, 9788, 186, 26553, 20056, 12458, 20950, 21067, 20597, 24495, 27104, 6222, 215, 3129, 4136, 8521, 23166, 15194, 25355, 2064, 2824, 7633, 5419, 1906, 17492, 17558, 1541, 191, 20393, 11877, 24089, 7382, 27757, 10960, 21177, 9228, 11678, 14312, 13939, 5052, 4979, 13407, 22993, 20059, 21061, 17591, 18961, 24762, 19733, 8776, 21175, 19188, 4395, 18922, 17562, 8507, 21683, 13200, 21730, 7716, 4176, 16017, 12656, 29389, 2291, 10248, 22502, 16225, 24080, 4511, 10807, 9106, 23911, 9840, 25841, 5362, 28931, 256, 3857, 23843, 15303, 24964, 723, 22646, 3114, 1210, 24852, 29425, 6932, 14520, 11434, 21181, 12534, 293, 21755, 22435, 17221, 17785, 14797, 29482, 22609, 8294, 19923, 11702, 19083, 26436, 2840, 8550, 18423, 21044, 4142, 2781, 19575, 15904, 1539, 2282, 5816, 8298, 21427, 24205, 14012, 14015, 4153, 22113, 17390, 24144, 23891, 4489, 21777, 23887, 19517, 7318, 6878, 15772, 9748, 8520, 7316, 14262, 8556, 11055, 18952, 17968, 8629, 2784, 11945, 25049, 20607, 17308, 25544, 19082, 6007, 9138, 21586, 20054, 10659, 17522, 12008, 12284, 876, 1206, 9900, 9316, 21517, 12268, 8094, 6436, 20072, 20067, 10455, 24660, 28910, 27456, 19326, 4090, 3312, 6512, 6302, 29350, 18929, 2822, 19510, 8921, 16411, 4324, 10938, 20449, 23880, 16312, 24932, 11895, 5901, 4188, 9112, 12115, 9029, 13771, 12299, 19328, 17994, 11961, 20995, 13923, 8186, 6265, 17302, 16092, 20487, 14988, 10998, 24132, 7317, 22355, 6733, 2142, 12032, 1439, 18733, 20604, 12564, 21592, 17578, 24081, 6716, 2137, 2190, 1737, 19350, 4087, 25297, 23252, 9392, 29597, 5857, 17807, 4466, 9812, 13930, 53, 27414, 13452, 20333, 4170, 16325, 21531, 24796, 1329, 6574, 20236, 1844, 3790, 12832, 16930, 4943, 4152, 12330, 12699, 27347, 19314, 5965, 27277, 5200, 21989, 21766, 22745, 12419, 20232, 8592, 
Weights: 302.073, 90.4502, 156.34, 286.208, 0, 0, 236.203, 1788.01, 32.8592, 84.6706, 958.865, 0, 0, 0, 164.334, 76.5703, 15.2846, 0, 160.51, 0, 66.2106, 0, 0, 0, 0, 280.928, 0, 28.0531, 0, 253.655, 0, 111.442, 0, 0, 0, 0, 767.672, 0, 0, 478.246, 0, 656.876, 0, 16.222, 144.377, 99.5772, 113.306, 343.661, 337.564, 253.061, 0, 175.344, 55.2514, 205.993, 0, 0, 28.2019, 0, 0, 0, 0, 0, 318.687, 13.1562, 1.69928, 0, 189.194, 0, 0, 1.07275, 0, 187.162, 40.3727, 0, 0, 51.2625, 440.683, 555.071, 105.473, 0, 0, 276.027, 418.961, 276.947, 34.7548, 28.4417, 0, 61.2782, 0, 143.796, 0, 0, 271.554, 0, 0, 790.665, 0, 0, 0, 0, 56.7224, 0, 0, 251.359, 19.3219, 528.798, 267.604, 134.498, 67.4519, 171.842, 53.2692, 0, 0, 176.509, 0, 0, 0, 0, 0, 0, 129.649, 0, 0, 0, 0, 0, 93.5458, 204.406, 0, 0, 105.308, 42.0915, 1.67577, 135.825, 0, 0, 217.216, 30.5263, 278.343, 0, 0, 104.032, 33.3337, 584.329, 53.2178, 0, 89.3604, 107.875, 607.003, 0, 0, 0, 0, 0, 0.616936, 59.0617, 0, 461.219, 0, 27.7129, 0, 24.6238, 0, 0, 341.003, 44.0072, 0, 0, 9.80477, 66.3529, 54.9454, 0, 122.118, 0, 0, 0, 307.858, 0, 0, 0, 528.785, 5.37037, 0.7606, 21.1651, 227.588, 0, 246.784, 102.768, 12.6852, 0, 0, 0, 85.6226, 826.931, 49.6187, 34.7076, 29.5553, 34.2381, 1192.83, 0, 0, 219.678, 0, 0, 0, 0, 36.267, 0, 274.549, 130.177, 0, 0, 111.277, 101.449, 0, 0, 0, 351.355, 151.053, 59.0855, 0, 2288.68, 0, 75.4084, 0, 0.478313, 49.182, 45.2523, 73.8123, 51.0263, 20.1383, 288.774, 30.2168, 398.488, 181.696, 0, 47.4374, 0, 0, 30.3634, 0, 0, 56.5106, 147.631, 115.513, 401.117, 0, 146.534, 17.7049, 0, 0, 20.3923, 0, 0, 48.1978, 0, 97.9456, 0.195786, 76.4119, 0, 6.21549, 0, 217.083, 95.4366, 56.3688, 77.1634, 0, 0, 234.294, 0, 154.887, 0, 19.2865, 3149.6, 55.6399, 276.011, 0, 9.08906, 67.4481, 0, 54.5597, 213.859, 248.174, 0, 0, 266.347, 790.564, 0, 121.825, 0, 0, 63.7785, 0, 0, 0, 0, 0, 
n_nonzero: 160

Running time so far: 100.252s

