n_tets: 117
relErr: 0.340011
Selected tets: 25446, 10248, 10457, 5073, 26400, 4188, 19208, 5490, 23752, 17764, 10396, 18093, 21116, 11022, 27637, 23835, 14036, 27024, 11116, 23742, 11381, 23364, 1381, 24972, 18601, 13926, 6043, 13318, 897, 22844, 15735, 3129, 16526, 3854, 4266, 10273, 4054, 17245, 7116, 23400, 25791, 2721, 15489, 6031, 5092, 7787, 27307, 28552, 4161, 10270, 5192, 8788, 17138, 13389, 21944, 22079, 16676, 23385, 11760, 13846, 17643, 17325, 11672, 22694, 9475, 15456, 4370, 768, 20704, 17529, 6474, 4846, 5565, 6278, 2593, 21998, 21795, 10679, 16158, 4676, 9945, 16454, 26415, 24946, 20654, 16473, 10380, 871, 13107, 19901, 6337, 9274, 22333, 26184, 20080, 18953, 17370, 6295, 19054, 11859, 18179, 12478, 18316, 27025, 24970, 9650, 1361, 1025, 22842, 24509, 10680, 20193, 19050, 5833, 26770, 5319, 15077, 
Weights: 72.1158, 3500.92, 10.6416, 2025.94, 15538.4, 258.333, 11.4946, 105.31, 3527.67, 0, 0, 505.617, 130.12, 14.9629, 0, 607.352, 0, 1480.93, 746.779, 18622.2, 17.6472, 0, 0, 70.3612, 0, 0, 4.13937, 0.308508, 0, 7.46414, 0.454805, 0, 0.795262, 25.4129, 467.812, 3349.63, 0.48702, 0, 0, 91.7026, 2.74364, 43.5187, 235.569, 0, 1.02209, 40.3544, 10.672, 477.196, 2404.43, 0, 0.173035, 0, 5.10319, 10.8644, 232.054, 1286.7, 0, 0, 0, 0, 25.9653, 10869.1, 332.857, 3477.16, 0, 1.30398, 0, 192.207, 443.869, 1.57496, 0, 31.1774, 8.70594, 37.3629, 3387.8, 0, 6.42697, 8.4645, 50.8782, 0.00615126, 5.06283, 0, 0, 32.7539, 16.7773, 238.812, 9.80816, 0, 4.9889, 377.607, 16.5309, 1.16416, 0, 0, 617.421, 1.68523, 0, 1.32441, 0, 0, 0.969791, 90.2881, 39.4748, 0.96387, 5.98038, 160.872, 0, 167.341, 1.05021, 1040.81, 185.02, 605.75, 0, 256.528, 0.995464, 0, 398.758, 
n_nonzero: 83

Running time so far: 34.1561s

