n_tets: 132
relErr: 0.40704
Selected tets: 21500, 27848, 13245, 1062, 23629, 22890, 26439, 10395, 1762, 13239, 2064, 7179, 9472, 27723, 24981, 25538, 15997, 17901, 5546, 26161, 18850, 4761, 5565, 27606, 22601, 20170, 12812, 17721, 2763, 14933, 20973, 11971, 24234, 3854, 16524, 4933, 15470, 7354, 20470, 23593, 2716, 26312, 15489, 22202, 6495, 19403, 4175, 26183, 25581, 28594, 14670, 7776, 16251, 26302, 4498, 13334, 10833, 23642, 26751, 15401, 6651, 28287, 27213, 10437, 19522, 5873, 5967, 9001, 797, 5789, 26177, 1249, 10457, 25105, 1041, 8851, 16236, 21990, 4960, 14700, 6339, 7218, 5056, 17417, 22733, 16473, 5270, 8120, 15142, 25168, 14245, 22838, 19706, 2303, 5541, 1787, 9988, 25121, 27307, 22758, 27118, 5367, 28123, 24230, 19701, 5322, 6105, 22447, 788, 24371, 514, 5611, 12546, 18677, 22399, 17584, 15196, 5272, 26570, 6448, 7782, 6001, 9622, 19954, 24762, 16167, 24682, 4553, 6030, 2808, 6023, 1436, 
Weights: 488.061, 0, 5195.21, 0, 455.384, 1925.76, 421.161, 1.03849, 372.604, 0, 7.50895, 721.843, 735.374, 6.09313, 31.5648, 0, 267.94, 1073.51, 0, 276.516, 24.3914, 390.324, 131.106, 0, 0, 0.54672, 0, 102.758, 1193.36, 0, 0.14114, 12.5451, 4.71669, 16.5242, 31.2145, 30.9016, 0, 1925.41, 0, 0.219965, 576.367, 3.79088, 0.70396, 44.0303, 1.85308, 677.682, 112.256, 1.00578, 0, 0, 0, 0, 1.13261, 0, 44.975, 26.8696, 209.511, 39.8664, 390.557, 2.19206, 0.974983, 1.67806, 443.271, 780.677, 1.92652, 126.724, 1292.44, 0, 0, 2702.64, 269.258, 0, 0, 85.004, 1120.3, 0, 0, 5.9901, 0, 0, 16.5603, 0, 1.85154, 0, 574.292, 40.3881, 66.2918, 14.0563, 125.016, 0, 1930.47, 0, 0, 0, 0, 16.4951, 2438.75, 189.833, 0, 3.35672, 148.288, 578.533, 0.295259, 211.295, 0, 41.4917, 1.74451, 20.3013, 2268.77, 64.0345, 115.158, 488.076, 1054.07, 0, 0, 0.968874, 0, 0, 33.8143, 0, 0, 9.82282, 0, 178.092, 15.6704, 0, 1943.15, 385.001, 0.833478, 147.63, 0, 484.646, 
n_nonzero: 90

Running time so far: 39.4924s

