n_tets: 279
relErr: 0.0538569
Selected tets: 19769, 26370, 25715, 13923, 23203, 22574, 27025, 9146, 28769, 8502, 10745, 18639, 29465, 21592, 5495, 3716, 21991, 3083, 27733, 23928, 27103, 20392, 19595, 9764, 18971, 27882, 12327, 19555, 5285, 18949, 4172, 29299, 13223, 12721, 6078, 28816, 1404, 7754, 12744, 9846, 27990, 17874, 19028, 20877, 10754, 1537, 27514, 15823, 14157, 4354, 2824, 27159, 29186, 9490, 11045, 23341, 5609, 15235, 8071, 20229, 22980, 8572, 21788, 12363, 2402, 10973, 27416, 2289, 22727, 22722, 24552, 18922, 4087, 17761, 18891, 14988, 18731, 20598, 17718, 1415, 6437, 815, 7470, 5543, 12533, 20058, 17875, 13200, 8254, 4561, 12186, 7344, 22465, 27460, 23148, 6472, 22767, 18168, 26850, 4090, 23238, 23021, 17148, 3607, 26409, 12910, 11066, 15696, 3086, 5783, 37, 15624, 11602, 6015, 18991, 13408, 7454, 29075, 19394, 3034, 12117, 21181, 17621, 5200, 21755, 1244, 5797, 32, 6497, 14451, 8691, 11659, 6548, 18733, 24134, 3867, 21930, 24583, 41, 25843, 19617, 2188, 21088, 20615, 2562, 19164, 23762, 19722, 11924, 23082, 7590, 9315, 24075, 11285, 29137, 7377, 11051, 6227, 27439, 6210, 21627, 7228, 25473, 20883, 19471, 1381, 4979, 24007, 19501, 22405, 12583, 4723, 29044, 6587, 19448, 15401, 15001, 16411, 27841, 4037, 4236, 12413, 21586, 6619, 3129, 1016, 8963, 6932, 16832, 18791, 21799, 14841, 24877, 10957, 12112, 29336, 9344, 20941, 8873, 6878, 3092, 4467, 11990, 18492, 14119, 10011, 23502, 17228, 3362, 5963, 25497, 5516, 17390, 21250, 18036, 25944, 17794, 4516, 411, 6148, 24014, 27879, 5291, 8105, 29607, 22522, 44, 28450, 3380, 14538, 23886, 5413, 12384, 22107, 2615, 8475, 21557, 11593, 1547, 24330, 20236, 24106, 11963, 5190, 15903, 5093, 27826, 9103, 432, 8047, 19822, 15398, 12218, 19187, 14810, 22278, 2280, 24175, 19167, 7837, 7476, 20335, 1719, 2743, 8910, 4075, 4142, 27428, 13644, 29269, 22734, 2388, 2634, 1204, 15940, 11853, 18013, 23697, 7393, 
Weights: 913.351, 258.665, 292.603, 0, 0, 166.712, 0, 0, 718.601, 383.327, 0, 0, 0, 161.625, 71.8491, 159.738, 0, 0, 0, 12.7388, 0, 0, 0, 0, 133.109, 0, 266.525, 0, 0, 0, 212.176, 14.5615, 0, 54.8411, 0, 71.3317, 381.181, 669.143, 0, 12.9139, 691.144, 0, 0, 492.077, 1232.95, 31.0007, 67.1278, 0, 40.5566, 63.8176, 11.2268, 169.189, 503.445, 267.428, 0, 0, 152.51, 0, 0, 147.843, 0, 0, 0, 45.2139, 107.951, 155.823, 0, 0, 0, 0, 0, 1061.25, 0.999823, 0, 0, 0, 0, 0, 0, 108.066, 12.973, 3.75813, 0, 0, 0, 10.975, 0.845725, 93.0784, 0, 18.7426, 356.735, 0, 1299.92, 56.8883, 0, 0, 147.716, 0, 0, 0.960848, 0, 0, 0, 434.588, 7.57561, 91.6672, 0, 0, 0, 0, 270.373, 0, 0, 16.6489, 0, 0, 0, 79.8842, 39.9093, 93.6393, 0, 0, 453.711, 0, 0, 0, 308.176, 75.9076, 0, 0, 621.766, 0, 0, 0, 31.8809, 1246.97, 27.4714, 0, 0, 0, 0, 0, 0, 0, 0, 91.417, 0, 0, 61.993, 1033.68, 0, 0, 0, 855.493, 34.7607, 0, 0, 0, 0, 341.793, 123.112, 328.167, 121.909, 231.67, 152.294, 284.719, 0, 11.4115, 0, 0, 12.6324, 318.898, 1171.43, 0, 893.305, 14.4358, 0, 100.104, 0, 2.6497, 62.0525, 0, 0, 0, 0, 0, 0, 0, 380.734, 87.4118, 0.999542, 0, 441.959, 0, 0, 133.685, 0, 437.076, 0, 0, 52.758, 11.3641, 0, 0, 0, 87.316, 181.333, 51.887, 0, 0, 288.068, 0, 0, 129.9, 0, 318.526, 363.815, 20.2091, 1156.84, 596.168, 327.79, 0, 19.8764, 0, 0, 106.182, 0, 0, 232.062, 201.297, 124.823, 0, 66.1612, 528.482, 609.916, 0, 153.043, 0, 128.109, 0, 3.74215, 24.1036, 67.4974, 144.598, 77.3268, 0, 83.3311, 28.6438, 0, 0, 23.5943, 345.872, 699.115, 231.584, 0, 74.5072, 0, 0, 0, 278.027, 0, 9.80685, 504.894, 0, 36.6483, 0, 0, 621.209, 0, 0, 73.1273, 17.4346, 0, 60.3497, 122.043, 0, 0, 0, 0, 
n_nonzero: 135

Running time so far: 172.628s

