n_tets: 150
relErr: 0.331303
Selected tets: 32562, 2811, 43286, 18384, 24071, 43879, 16774, 30220, 11939, 42759, 7052, 32003, 35144, 42003, 33866, 29492, 8491, 24035, 42965, 39954, 22963, 4138, 31870, 3748, 12100, 37253, 43894, 39169, 3981, 8750, 28805, 7987, 34335, 1820, 3010, 14249, 41973, 33171, 1548, 5577, 44247, 15450, 16138, 30782, 15187, 2979, 15401, 42531, 22322, 39851, 12243, 20125, 42722, 36310, 10559, 17140, 2881, 18193, 35613, 6158, 14859, 20282, 1614, 20754, 22402, 21249, 44411, 37958, 12145, 31817, 27313, 1617, 8545, 42402, 2808, 34094, 17166, 22361, 20239, 23424, 25091, 3675, 44291, 41901, 22443, 43847, 36484, 32063, 21164, 23010, 44985, 22568, 29135, 16786, 15437, 31085, 15828, 20995, 8104, 29493, 19856, 34505, 8800, 31818, 41983, 22293, 38968, 41986, 38872, 13502, 13860, 9257, 15863, 35680, 13784, 23461, 13783, 22357, 34425, 4284, 44199, 1355, 31852, 39840, 21645, 10464, 44233, 43420, 5461, 18026, 12209, 36115, 3532, 39899, 1076, 44183, 27903, 38853, 29495, 23371, 4723, 14040, 6260, 41971, 3901, 20930, 30753, 44223, 42882, 27475, 
Weights: 2154.03, 822.033, 63.8534, 373.613, 0, 1.22159, 4.28822, 5032.3, 0, 0, 115.912, 527.354, 398.076, 1.05016, 3.50129, 0, 0, 507.564, 1413.07, 1.34129, 102.837, 0, 283.346, 1389.95, 1.42302, 0, 1.35201, 0.574096, 3612.8, 0, 0.817344, 0, 18.169, 0.941847, 86.2095, 0, 1.83458, 53.3939, 80.9212, 42.2164, 32.1173, 177.88, 2.06817, 50.7142, 193.467, 0.736726, 547.108, 36.6991, 6.50184, 45.6006, 77.099, 0, 0, 2001.82, 0, 1.82918, 27.7177, 1526.87, 1.00532, 0, 0.813026, 199.78, 0, 0, 0.102227, 290.651, 3.03654, 361.356, 37.7576, 0, 29.998, 44.7561, 0.9966, 93.4555, 0, 71.2508, 228.218, 1.63684, 404.692, 10.1653, 1372.3, 0, 0, 845.358, 0, 63.0755, 599.75, 37.7932, 1499.3, 0, 1.36415, 26.0428, 0.657649, 755.722, 0, 123.737, 0, 195.53, 1398.96, 0, 0.989257, 0, 26.9344, 2.22284, 3.98952, 0, 213.181, 0.69162, 3.53838, 2.52637, 1.00836, 267.293, 4.96668, 20.8065, 0.969462, 0, 2.78252, 14.1134, 0, 689.633, 12.671, 0, 1.10473, 370.744, 348.61, 0, 0, 0, 0.94723, 6.13427, 1.24482, 348.93, 0, 0, 413.871, 0.890842, 0, 197.673, 942.301, 0, 1.03453, 0, 1132.98, 0, 0, 1.44698, 774.601, 10.5759, 3.15212, 550.888, 
n_nonzero: 110

Running time so far: 91.309s

