n_tets: 52
relErr: 0.522248
Selected tets: 25939, 699, 8335, 12763, 14231, 4944, 1622, 18088, 45004, 33142, 17824, 26526, 34964, 29197, 41971, 4088, 9429, 28182, 37261, 22357, 32934, 24473, 44764, 29504, 14031, 10997, 2671, 39876, 22778, 17576, 37292, 27223, 35427, 992, 44953, 24904, 3681, 38672, 1548, 31816, 41017, 24340, 43890, 37493, 13703, 2979, 44748, 25368, 42705, 17570, 44816, 26508, 
Weights: 3790.98, 3817.36, 3752.01, 2162.35, 1.30778, 2256.71, 0.719551, 4756.85, 121.343, 4.37665, 0.956707, 1.28294, 5.68941, 2659.45, 6.6558, 8.60185, 66.638, 6769.26, 5.02053, 1.56331, 4650.81, 3.59576, 0, 171.146, 0, 192.983, 3539.67, 311.186, 0, 0.0990118, 0, 1.08243, 999.535, 40.7731, 0.934512, 53.5436, 1.08431, 3.6592, 11.3059, 515.304, 6.8045, 0, 273.735, 106.311, 6.45015, 1.04748, 0, 0, 1.20622, 3.58984, 0, 0, 
n_nonzero: 43

Running time so far: 30.0826s

