n_tets: 116
relErr: 0.797421
Selected tets: 124375, 82838, 91751, 46542, 22431, 161983, 61709, 143674, 164006, 144972, 111426, 30791, 5209, 47645, 101503, 131827, 42982, 77928, 75164, 48075, 151043, 137605, 139011, 104180, 23772, 79876, 64033, 103700, 162187, 162776, 157029, 90073, 124555, 154522, 118915, 110716, 157615, 120497, 80145, 4787, 79199, 128925, 67519, 51116, 89831, 109839, 113271, 161340, 136800, 102614, 5446, 155762, 51827, 70410, 134308, 47830, 101564, 3217, 113369, 60563, 162162, 95446, 140702, 127430, 163843, 83605, 140904, 10924, 8806, 4015, 58308, 72964, 3399, 143398, 80987, 159644, 3372, 90894, 65265, 30496, 79449, 84833, 58896, 95395, 155062, 85558, 50615, 48731, 60140, 37708, 144295, 162377, 86234, 100461, 88219, 5390, 159306, 158937, 80389, 42999, 142582, 161683, 110239, 21622, 86780, 92476, 4852, 126230, 1265, 82570, 37713, 114235, 1103, 49700, 11367, 98684, 
Weights: 1540.68, 1426.71, 346.519, 2720.3, 1.9265, 367.688, 13672.7, 1784.13, 8271.21, 17468.9, 12200.4, 1.0232, 2226.79, 108.073, 437.991, 2.36953, 152.336, 215.139, 127059, 43.4383, 187.41, 1.00441, 378.356, 1.27145, 34.772, 2982.7, 1442.91, 4535.19, 5560.97, 28943.4, 1.02626, 86.8172, 797.109, 2.53174, 1743.48, 675.237, 4.82707, 14.9555, 230.208, 40648.3, 5265.3, 2426.96, 3.20916, 4935.14, 29279.1, 533187, 2.55128, 2.26571, 19.3049, 1.28493, 0.871557, 439742, 0.376739, 259.337, 1.19514, 295.153, 1542.78, 9061.16, 34282.1, 2.57427, 312.263, 23.1027, 10818.5, 1.03236, 4125.17, 952.023, 0.981069, 0.155252, 7636.99, 1965.98, 2308.56, 24.9112, 4388.96, 87593.2, 2067.75, 22.0013, 1.25046, 155.616, 1393.84, 1.3359, 654.174, 873.245, 120.148, 265.761, 0.485858, 3279.18, 1445.02, 0.86947, 605.924, 1110.39, 1.05935, 1.38346, 437.449, 135.44, 12.3589, 779.856, 1.9546, 13.9444, 1338.57, 164.71, 145.44, 5.44303, 7.25583, 2560.09, 23.5155, 0.0840423, 1537.48, 7143.45, 5.94488, 2454.97, 6.68844, 5.84194, 27.7864, 7279.17, 199.08, 2733.95, 
n_nonzero: 116

Running time so far: 209.697s

