n_tets: 78
relErr: 0.273161
Selected tets: 99, 89, 141, 93, 171, 185, 186, 65, 77, 57, 53, 2, 172, 119, 137, 18, 135, 168, 84, 194, 202, 101, 200, 14, 138, 107, 166, 155, 111, 198, 63, 189, 3, 72, 58, 203, 95, 49, 183, 30, 130, 146, 81, 67, 142, 123, 43, 201, 71, 157, 118, 122, 193, 0, 149, 86, 69, 92, 25, 96, 175, 151, 197, 64, 167, 27, 104, 7, 29, 37, 4, 23, 61, 100, 102, 154, 116, 112, 
Weights: 0, 1.02241, 22.0123, 1.00353, 0, 0.950647, 0.948499, 7.10398, 1.01588, 1.43265, 0, 0, 19.2935, 0.51103, 0.979938, 1.34106, 26.0359, 8.15053, 1.0054, 1.00144, 1.24258, 1.93779, 0.593859, 0.392416, 0.23455, 0.945732, 0, 0.572328, 1.03252, 0.864287, 1.11253, 1.88131, 15.6112, 3.76528, 1.65596, 0.850189, 12.1428, 1.5246, 0.970796, 12.3855, 5.19446, 0, 6.0264, 1.98963, 4.80247, 3.65533, 0, 0.145478, 14.605, 15.9725, 3.67167, 2.59376, 1.70001, 0.419311, 5.03413, 9.78424, 11.5061, 2.55894, 2.5981, 20.3144, 17.8007, 2.86588, 0.53031, 156.434, 16.1425, 8.82781, 4.30091, 25.714, 0.64063, 15.3782, 3.90414, 26.623, 10.5274, 4.33221, 4.33308, 2.41252, 3.68978, 6.68624, 
n_nonzero: 71

