n_tets: 70
relErr: 0.274151
Selected tets: 99, 89, 141, 93, 171, 185, 186, 65, 77, 57, 53, 2, 172, 119, 137, 18, 135, 168, 84, 194, 202, 101, 200, 14, 138, 107, 166, 155, 111, 198, 63, 189, 3, 72, 58, 203, 95, 49, 183, 30, 130, 146, 81, 67, 142, 123, 43, 201, 71, 157, 118, 122, 193, 0, 149, 86, 69, 92, 25, 96, 175, 151, 197, 64, 167, 27, 104, 7, 29, 37, 
Weights: 0, 1.0233, 23.5674, 1.00373, 0, 0.951157, 0.955521, 4.7171, 1.01606, 1.43045, 0, 0, 10.6447, 0.51024, 0.982347, 1.34044, 27.1429, 8.97545, 1.00722, 1.00391, 1.26133, 1.97877, 0.586056, 0.394381, 0.233627, 0.955098, 18.8826, 0, 0.994543, 0.854171, 1.1347, 1.94637, 10.994, 3.83985, 1.51165, 0.866302, 14.6803, 1.55361, 0.973554, 15.0717, 9.38538, 7.87705, 8.87466, 0.487948, 8.1247, 3.26886, 0, 0.140043, 19.4815, 20.7392, 3.99382, 5.1667, 1.56502, 0.408937, 11.7325, 7.78188, 8.98434, 1.21613, 1.72667, 14.2613, 25.4047, 2.25036, 0.490469, 195.544, 9.90212, 7.64573, 4.63868, 18.0056, 1.62855, 10.2947, 
n_nonzero: 64

