n_tets: 170
relErr: 0.328578
Selected tets: 32562, 2811, 43286, 18384, 24071, 43879, 16774, 30220, 11939, 42759, 7052, 32003, 35144, 42003, 33866, 29492, 8491, 24035, 42965, 39954, 22963, 4138, 31870, 3748, 12100, 37253, 43894, 39169, 3981, 8750, 28805, 7987, 34335, 1820, 3010, 14249, 41973, 33171, 1548, 5577, 44247, 15450, 16138, 30782, 15187, 2979, 15401, 42531, 22322, 39851, 12243, 20125, 42722, 36310, 10559, 17140, 2881, 18193, 35613, 6158, 14859, 20282, 1614, 20754, 22402, 21249, 44411, 37958, 12145, 31817, 27313, 1617, 8545, 42402, 2808, 34094, 17166, 22361, 20239, 23424, 25091, 3675, 44291, 41901, 22443, 43847, 36484, 32063, 21164, 23010, 44985, 22568, 29135, 16786, 15437, 31085, 15828, 20995, 8104, 29493, 19856, 34505, 8800, 31818, 41983, 22293, 38968, 41986, 38872, 13502, 13860, 9257, 15863, 35680, 13784, 23461, 13783, 22357, 34425, 4284, 44199, 1355, 31852, 39840, 21645, 10464, 44233, 43420, 5461, 18026, 12209, 36115, 3532, 39899, 1076, 44183, 27903, 38853, 29495, 23371, 4723, 14040, 6260, 41971, 3901, 20930, 30753, 44223, 42882, 27475, 18852, 7178, 11694, 20469, 7766, 7341, 15373, 38068, 32044, 32236, 9328, 15858, 4085, 23484, 310, 42311, 14263, 19369, 2382, 37423, 
Weights: 2295.63, 0, 63.0724, 191.445, 0, 1.21671, 4.25289, 3685.66, 0, 0, 0, 566.861, 476.312, 1.05018, 3.37426, 0.477685, 0, 585.334, 440.446, 1.34081, 89.5186, 0, 304.521, 1605.22, 1.56954, 0, 1.35224, 0.57918, 3479.52, 0, 0.811029, 0, 18.0433, 1.01676, 87.136, 0, 1.82429, 120.365, 78.993, 392.133, 32.1431, 174.931, 2.07902, 202.589, 465.396, 0.736985, 828.107, 35.2238, 5.81989, 43.8859, 66.7258, 0, 0, 2033.23, 0, 1.92103, 26.7051, 1070.06, 1.0054, 0, 0.812371, 201.249, 0, 0, 3.73633, 301.909, 3.04028, 1435.36, 60.7861, 0, 27.8961, 70.3217, 0.998141, 99.0758, 0, 10.8271, 219.354, 1.63831, 319.146, 9.36831, 1416.57, 0, 0, 1195.95, 0, 61.1437, 485.691, 76.3866, 1383.35, 0, 1.35787, 26.1434, 0.657576, 793.67, 115.199, 181.653, 0, 262.254, 972.16, 0, 0.990288, 0, 22.2046, 2.23332, 3.99572, 0, 33.6162, 0.698262, 3.55405, 2.54284, 1.00809, 270.444, 5.32008, 20.9055, 0.963991, 0, 2.79728, 14.1812, 0, 812.793, 13.067, 0, 1.10134, 318.945, 360.241, 0, 0, 0, 0.946134, 6.02107, 1.24186, 555.468, 0, 0, 472.937, 0.884268, 0, 18.679, 974.903, 0, 1.03489, 0, 310.536, 1.45546, 0, 1.53322, 501.696, 10.5277, 2.27388, 851.543, 0.972743, 1.27968, 1545.51, 450.627, 5.46542, 0, 0, 129.796, 0, 0, 3.84817, 0.222815, 2.5088, 0.820043, 7.5715, 0, 0, 66.8102, 0, 0, 
n_nonzero: 123

Running time so far: 106.293s

