n_tets: 207
relErr: 0.05388
Selected tets: 19769, 26370, 25715, 13923, 23203, 22574, 27025, 9146, 28769, 8502, 10745, 18639, 29465, 21592, 5495, 3716, 21991, 3083, 27733, 23928, 27103, 20392, 19595, 9764, 18971, 27882, 12327, 19555, 5285, 18949, 4172, 29299, 13223, 12721, 6078, 28816, 1404, 7754, 12744, 9846, 27990, 17874, 19028, 20877, 10754, 1537, 27514, 15823, 14157, 4354, 2824, 27159, 29186, 9490, 11045, 23341, 5609, 15235, 8071, 20229, 22980, 8572, 21788, 12363, 2402, 10973, 27416, 2289, 22727, 22722, 24552, 18922, 4087, 17761, 18891, 14988, 18731, 20598, 17718, 1415, 6437, 815, 7470, 5543, 12533, 20058, 17875, 13200, 8254, 4561, 12186, 7344, 22465, 27460, 23148, 6472, 22767, 18168, 26850, 4090, 23238, 23021, 17148, 3607, 26409, 12910, 11066, 15696, 3086, 5783, 37, 15624, 11602, 6015, 18991, 13408, 7454, 29075, 19394, 3034, 12117, 21181, 17621, 5200, 21755, 1244, 5797, 32, 6497, 14451, 8691, 11659, 6548, 18733, 24134, 3867, 21930, 24583, 41, 25843, 19617, 2188, 21088, 20615, 2562, 19164, 23762, 19722, 11924, 23082, 7590, 9315, 24075, 11285, 29137, 7377, 11051, 6227, 27439, 6210, 21627, 7228, 25473, 20883, 19471, 1381, 4979, 24007, 19501, 22405, 12583, 4723, 29044, 6587, 19448, 15401, 15001, 16411, 27841, 4037, 4236, 12413, 21586, 6619, 3129, 1016, 8963, 6932, 16832, 18791, 21799, 14841, 24877, 10957, 12112, 29336, 9344, 20941, 8873, 6878, 3092, 4467, 11990, 18492, 14119, 10011, 23502, 
Weights: 1218.23, 1083.36, 386.813, 269.005, 91.9175, 224.751, 0, 58.4791, 769.706, 358.741, 0, 0, 0, 0, 104.899, 338.895, 0, 0, 14.9802, 0, 0, 0, 0, 215.31, 176.767, 0, 311.563, 0, 0, 0, 278.495, 91.4825, 0, 327.88, 366.16, 160.04, 503.124, 695.687, 27.775, 11.4276, 671.319, 0, 0, 294.46, 0, 28.2368, 133.947, 0, 46.3042, 151.441, 0, 714.648, 373.144, 357.456, 423.471, 0, 0, 0, 0, 176.943, 0, 0, 0, 46.8046, 90.2076, 152.881, 0, 0, 0, 0, 12.9479, 1293.08, 0.999511, 9.70136, 0, 0, 11.2494, 0, 0, 495.305, 0, 106.932, 0, 0, 0, 77.7812, 0.845421, 15.7331, 0, 164.127, 315.021, 0, 943.424, 91.0514, 18.2909, 0, 674.52, 0, 0, 0.959917, 0, 0, 0, 214.818, 0, 457.946, 0, 1323.96, 0, 0, 258.547, 43.7353, 0, 82.5823, 83.8676, 0, 0, 83.1676, 58.5153, 148.738, 40.1942, 0, 751.283, 57.5374, 0, 45.2649, 0, 59.9844, 0, 0, 153.061, 0, 0, 0, 17.5665, 574.889, 22.9937, 54.1792, 0, 60.8675, 80.9973, 0, 106.575, 12.065, 76.1278, 72.393, 0, 0, 89.2981, 979.929, 0, 0, 0, 797.673, 188.063, 258.767, 0, 0, 0, 1196.46, 95.8883, 534.834, 247.686, 140.554, 0, 263.151, 0, 593.632, 47.4571, 0, 132.139, 531.734, 1276, 0, 776.09, 0, 1324.69, 561.45, 0, 0, 147.878, 0, 0, 32.2613, 0, 0, 0, 0, 386.834, 169.062, 0.999533, 0, 126.746, 0, 209.544, 53.8693, 42.2013, 461.294, 96.6283, 0, 71.2676, 29.4606, 0, 0, 0, 197.448, 188.245, 
n_nonzero: 115

Running time so far: 106.93s

