n_tets: 33
relErr: 0.385709
Selected tets: 995, 6736, 3302, 3987, 3394, 5919, 5053, 3766, 4748, 2193, 2122, 6506, 5764, 1865, 4146, 1481, 7325, 7320, 3959, 6094, 983, 4455, 1823, 6731, 3811, 2352, 488, 6772, 7227, 66, 6257, 6007, 3897, 
Weights: 950.256, 268.518, 442.017, 115.024, 125.28, 405.444, 134.002, 867.635, 494.042, 270.624, 109.868, 764.201, 101.231, 242.559, 127.397, 337.664, 0.532952, 0.911525, 188.046, 139.918, 207.658, 0.568985, 185.062, 530.738, 117.327, 1.01323, 1.01078, 274.94, 14.5205, 627.002, 37.1509, 101.496, 22.3255, 
n_nonzero: 33

