n_tets: 182
relErr: 0.16205
Selected tets: 249002, 300504, 115294, 173416, 216464, 67661, 381863, 388822, 307228, 161633, 259931, 386542, 166703, 73861, 16052, 159116, 209093, 50939, 51631, 34542, 253661, 2257, 155159, 213606, 343630, 417567, 185388, 220283, 135203, 246536, 211127, 388422, 38346, 15029, 127251, 390, 271020, 248004, 126519, 314260, 199316, 125865, 249141, 152948, 80674, 232911, 194442, 7265, 258789, 387932, 93220, 308533, 301075, 213596, 104085, 13444, 368449, 27328, 275890, 204986, 48458, 302146, 312336, 20156, 422593, 313811, 367720, 228208, 21213, 328721, 319118, 93254, 339994, 221968, 373921, 144535, 312385, 251749, 1379, 372877, 73401, 328756, 244, 428170, 250468, 143266, 420411, 395462, 139570, 130436, 353062, 371551, 224135, 401702, 225648, 398601, 4787, 416749, 155955, 14323, 83190, 19673, 17540, 87189, 40205, 615, 99341, 347967, 371558, 327987, 340722, 196739, 361950, 192590, 318882, 349706, 404042, 17341, 419208, 212437, 91467, 353886, 280245, 60530, 376002, 51697, 264224, 34956, 428503, 318883, 401943, 273584, 416856, 199382, 7691, 343990, 392938, 32132, 280917, 34787, 146, 213609, 89897, 59151, 350468, 43408, 352518, 324376, 99772, 80066, 46129, 32827, 417326, 106313, 35455, 280552, 86934, 96682, 21990, 153010, 418086, 56035, 79712, 192644, 301912, 345519, 226462, 83110, 407349, 355269, 313686, 421836, 239276, 212531, 34902, 34173, 18141, 320780, 62976, 421009, 145219, 114610, 
Weights: 0, 6113.22, 0, 6773.36, 0, 720.256, 275.512, 0, 3797.62, 0, 792.009, 0, 0, 0, 718.059, 0, 7070.43, 0, 3382.35, 0, 0, 0, 0, 0, 1716.41, 2277.07, 0, 0, 91.7003, 2211.47, 0, 0, 0, 0, 0, 0, 0, 1710.16, 0, 0, 3423.31, 0, 0, 9455.74, 0, 0, 0, 231.466, 2848.22, 539.519, 0, 0, 0, 0, 0, 0, 1169.27, 0, 520.824, 0, 0, 0, 0, 0, 644.514, 334791, 123.469, 0, 0, 0, 1446.25, 0, 13.5163, 569.057, 0, 1329.21, 0, 0, 13105.8, 42294.4, 768.913, 0, 18.7184, 9132.03, 194.856, 0, 0, 0, 0, 30114.9, 0, 79300.4, 0, 0, 0, 0, 0, 121348, 2773.64, 0, 340.615, 3767.77, 2087.15, 895.011, 0, 655.239, 0, 70743.5, 1689.14, 4000.87, 21204.8, 0, 24.668, 0, 165571, 0, 0, 4002.92, 2506.76, 476.677, 0, 154180, 0, 0, 0, 89479.8, 0, 0, 1850.16, 0, 2831, 526.418, 5301.36, 0, 0, 0, 1218.14, 0, 0, 0, 692.556, 164.04, 155.613, 0, 366.413, 0, 690.949, 0, 0, 8888.73, 0, 0, 0, 207.674, 481.602, 554.84, 0, 0, 252.616, 1437.68, 0, 5.33172, 0, 0, 1726.82, 0, 0, 0, 432.004, 0, 0, 0, 0, 313.333, 1974.61, 0, 0, 6235.78, 0, 0, 0, 5506.45, 
n_nonzero: 77

Running time so far: 228.713s

