n_tets: 270
relErr: 0.101249
Selected tets: 995, 6736, 3302, 3987, 5864, 4070, 3730, 3440, 7494, 2193, 2122, 2261, 5764, 5142, 6166, 3572, 3695, 7454, 5135, 7320, 5016, 4455, 1016, 3762, 5387, 2352, 4049, 1000, 3179, 1735, 5789, 5372, 4724, 685, 5526, 1828, 6339, 5976, 264, 645, 5895, 5482, 3808, 1141, 1909, 5442, 7480, 3953, 2668, 5647, 5939, 2837, 270, 3811, 4160, 2849, 2642, 5738, 4590, 4390, 205, 2781, 2258, 4000, 6711, 5356, 886, 2662, 3672, 3262, 6141, 3341, 3561, 284, 7483, 4651, 3990, 7445, 1782, 6646, 838, 1751, 1411, 198, 7048, 3775, 7465, 7325, 2920, 3201, 237, 5204, 7393, 2830, 2415, 250, 5652, 5492, 2594, 3367, 86, 1017, 4883, 296, 2003, 3876, 7443, 5153, 1906, 648, 400, 4483, 3285, 212, 6643, 842, 4009, 3391, 3863, 56, 4416, 145, 4663, 1780, 667, 2338, 2700, 3688, 4167, 4196, 4838, 2255, 1682, 1896, 2176, 929, 2528, 5632, 4648, 1339, 5876, 69, 2367, 463, 2591, 7486, 6474, 6461, 1369, 6531, 3897, 91, 4687, 1501, 362, 5771, 2093, 2333, 3955, 372, 606, 1223, 3804, 1701, 443, 7227, 717, 7485, 7119, 2406, 2063, 3504, 5981, 3535, 4841, 2097, 4050, 2213, 5283, 3257, 6342, 1910, 6998, 5838, 1395, 6645, 6489, 5413, 3022, 1904, 914, 4962, 1107, 4081, 4308, 7321, 1810, 5450, 3644, 3907, 7523, 1225, 3476, 1317, 5154, 7484, 1824, 7040, 653, 5677, 2379, 7323, 7322, 1852, 3708, 3317, 1010, 4053, 2857, 6014, 1989, 388, 6162, 6499, 1442, 4145, 3580, 4077, 944, 4787, 2805, 2833, 2779, 2178, 5717, 5681, 1681, 1776, 4909, 3417, 539, 2769, 2958, 505, 2365, 1002, 5946, 3889, 1892, 3081, 6732, 7463, 1461, 7228, 2634, 3619, 5072, 1742, 4600, 5490, 1416, 5679, 4553, 3899, 6783, 4394, 3419, 3353, 2899, 2646, 
Weights: 221.549, 40.5725, 56.7842, 40.9019, 53.8031, 63.4135, 0, 59.1678, 41.4605, 52.9717, 0, 26.3415, 32.4133, 228.294, 1.83056, 367.973, 67.7673, 76.3742, 0, 0.991971, 0.392792, 0.767636, 0, 0, 0, 1.01599, 1.0342, 0, 126.105, 62.0505, 83.2861, 26.0849, 11.7243, 4.80522, 0, 0, 0, 0, 23.4596, 43.9947, 0, 1.29659, 11.4003, 45.6359, 55.8613, 0.95303, 0, 1.35071, 1.28917, 0.940901, 49.6473, 2.48449, 0, 0, 42.8956, 7.52856, 47.3669, 1.93177, 331.961, 55.1848, 0.995213, 0.999364, 230.744, 232.286, 5.29427, 14.0054, 28.3008, 1.00095, 0, 26.3183, 0, 1.66922, 0, 0, 0.763538, 0, 0, 0, 0.995777, 0, 1.43346, 0, 15.7627, 0.505081, 0.0212841, 118.138, 0, 1.05219, 39.6389, 0, 9.44761, 0, 32.5585, 0, 19.3894, 47.3178, 0, 0.996422, 0, 0, 0, 15.4672, 33.411, 73.398, 0.905538, 0.954133, 0, 84.8385, 0.868009, 6.25646, 26.0582, 0.745047, 0.995005, 4.88144, 1.03213, 59.1272, 0, 0, 32.7834, 0.964423, 7.86209, 21.2779, 1.04592, 16.3127, 7.14268, 0, 212.771, 1887.03, 139.406, 86.7103, 0, 0, 49.1566, 0, 4.16478, 0.97299, 63.1105, 4.74038, 241.746, 76.5233, 0, 0, 38.1985, 0, 24.048, 14.8588, 338.328, 31.2355, 97.4011, 13.2502, 7.7243, 5.27404, 0, 92.79, 39.5497, 0, 0, 0, 0.591888, 30.9311, 16.9666, 20.6243, 0.655648, 0, 0, 0.400058, 267.487, 0.150448, 80.4672, 35.652, 0, 0, 0, 46.8356, 143.545, 0.991737, 15.3087, 11.553, 1.03426, 8.61229, 44.5747, 0, 19.0555, 7.75122, 140.174, 11.1575, 15.7771, 5.97155, 38.6003, 17.4413, 156.375, 0, 34.2352, 47.7296, 74.0861, 0.897178, 66.4427, 1.06331, 6.7771, 39.9363, 229.079, 43.3666, 3.70435, 3.40361, 157.553, 0, 20.3294, 188.418, 53.7775, 0, 1.37396, 21.0892, 0, 0, 27.955, 0, 0, 85.1751, 26.3835, 23.2063, 0, 18.1222, 63.517, 0, 0, 86.7158, 33.1114, 0, 95.9883, 0, 0, 0, 2.11657, 1.00427, 1.02161, 0, 18.8481, 0.954751, 139.756, 22.2753, 0, 0.997636, 18.215, 190.621, 0, 0.215309, 2.38561, 14.393, 0, 0, 0.872957, 4.0246, 14.7264, 0.862741, 0, 91.6935, 84.8356, 0, 0, 1.34503, 327.365, 0, 516.116, 55.5841, 0, 0, 98.921, 7.8633, 34.6893, 1.06429, 
n_nonzero: 193

