n_tets: 260
relErr: 0.274042
Selected tets: 25446, 10248, 10457, 5073, 26400, 4188, 19208, 5490, 23752, 17764, 10396, 18093, 21116, 11022, 27637, 23835, 14036, 27024, 11116, 23742, 11381, 23364, 1381, 24972, 18601, 13926, 6043, 13318, 897, 22844, 15735, 3129, 16526, 3854, 4266, 10273, 4054, 17245, 7116, 23400, 25791, 2721, 15489, 6031, 5092, 7787, 27307, 28552, 4161, 10270, 5192, 8788, 17138, 13389, 21944, 22079, 16676, 23385, 11760, 13846, 17643, 17325, 11672, 22694, 9475, 15456, 4370, 768, 20704, 17529, 6474, 4846, 5565, 6278, 2593, 21998, 21795, 10679, 16158, 4676, 9945, 16454, 26415, 24946, 20654, 16473, 10380, 871, 13107, 19901, 6337, 9274, 22333, 26184, 20080, 18953, 17370, 6295, 19054, 11859, 18179, 12478, 18316, 27025, 24970, 9650, 1361, 1025, 22842, 24509, 10680, 20193, 19050, 5833, 26770, 5319, 15077, 27142, 17970, 17603, 5792, 12170, 7710, 27299, 27020, 15852, 13102, 12905, 4041, 12342, 5483, 7310, 9942, 8325, 11686, 7213, 8645, 5502, 16251, 5064, 18944, 26000, 17760, 23552, 12437, 22680, 27699, 22428, 11860, 8995, 26801, 4371, 11959, 23365, 24430, 10864, 15049, 8914, 17259, 21483, 9019, 24646, 8009, 14739, 14294, 4935, 9356, 26859, 14407, 27580, 13227, 25886, 22963, 14225, 17414, 4871, 9471, 25663, 25362, 25937, 1612, 28620, 9001, 16340, 16589, 22737, 10652, 10114, 3724, 14483, 5658, 3427, 15313, 12070, 16012, 21901, 14452, 22201, 4869, 13834, 13237, 27501, 4138, 4061, 17969, 4324, 3013, 5051, 576, 28445, 7448, 25267, 20686, 19058, 4254, 3856, 23442, 16255, 27116, 28444, 20042, 18948, 6368, 9502, 28308, 16281, 21676, 25180, 13345, 7235, 27961, 7174, 7940, 11641, 19856, 18916, 13240, 1465, 16173, 443, 23363, 24725, 25286, 12264, 8050, 23731, 5066, 14589, 23490, 24353, 20730, 8114, 24707, 3554, 10589, 17885, 6611, 15223, 10433, 2240, 
Weights: 0, 0, 11.9916, 551.722, 0, 315.464, 11.1697, 621.633, 1752.54, 0, 0, 422.842, 348.602, 17.6253, 0, 524.157, 0, 0, 0, 0, 6.09662, 0, 0, 40.28, 0, 0, 7.95887, 0, 0, 7.55183, 0.420512, 0, 0.794225, 10.6839, 669.189, 420.153, 1.8823, 0, 0, 86.055, 2.46584, 0, 0, 0, 1.05627, 26.5238, 7.40418, 528.499, 1975.39, 0, 0.739048, 0, 6.80465, 17.9475, 0, 0, 0, 0, 129.651, 0, 29.943, 4507.97, 92.1623, 5411.64, 1895.66, 1.33464, 0, 348.053, 0, 12.3275, 0, 68.6905, 9.15617, 44.7491, 27.7437, 0, 26.4867, 5.88171, 45.7269, 0.983584, 4.8119, 113.402, 0, 29.6922, 15.2829, 391.872, 0, 0, 5.48467, 372.14, 17.5726, 1.1619, 0, 0.0072186, 703.995, 1.93106, 0, 1.64339, 0, 1.55106, 0.97963, 109.438, 48.0347, 0.905658, 6.96883, 851.425, 72.0835, 15.9562, 1.0915, 1521.65, 14.3821, 0, 0, 135.17, 0.983917, 215.453, 557.772, 100.404, 0, 262.085, 0.216382, 0.694699, 0, 8.23904, 1.99924, 0, 0, 0, 0, 2484.63, 1.13054, 2847.37, 419.968, 0, 2.03826, 1536.53, 1960.22, 742.725, 81.1808, 1425.28, 0, 0, 7.57266, 187.016, 0, 16.1709, 0, 1.0113, 62.44, 0, 0, 0, 1.43749, 0, 0, 0, 0.996093, 0.485602, 0.298425, 7.28478, 0, 0, 0, 7.46661, 0, 24.9817, 0, 5.79708, 0, 179.671, 0, 487.26, 0, 3.92051, 11.1342, 70.6611, 56.6239, 12.3265, 0, 0, 636.222, 198.171, 0.989747, 6878.45, 41.5444, 0.489891, 0, 0, 77.3, 0, 0, 201.103, 179.186, 0, 0, 8.02497, 0, 0, 16.9065, 1.01644, 0, 363.786, 0, 0, 0, 0, 0, 0, 2.63623, 0, 0, 0.153766, 16.6875, 0, 360.009, 0, 39.5334, 58.0622, 0, 1.95371, 6421.87, 55.4257, 0, 0, 0.476367, 17.3375, 0, 0, 3.85978, 0, 0, 4616.29, 490.141, 108.583, 142.04, 574.907, 0, 0, 0, 7.3538, 0, 0, 2449.18, 0, 0, 0, 7.41562, 1.02149, 1.7303, 20.8987, 0, 0, 0, 0, 0, 6.38791, 169.677, 0, 1882.44, 0, 
n_nonzero: 151

Running time so far: 92.3777s

