n_tets: 147
relErr: 0.794312
Selected tets: 124375, 43585, 128391, 134415, 59101, 93396, 121790, 82838, 79239, 131994, 91751, 74532, 28145, 134502, 46542, 82970, 22431, 26017, 89393, 65681, 121237, 101268, 161983, 3754, 23284, 138593, 67843, 61709, 3828, 70448, 84754, 77842, 111041, 102518, 128557, 143674, 13689, 164006, 62260, 53053, 69463, 9277, 84811, 64575, 144972, 20862, 107228, 2462, 111426, 47365, 100766, 151883, 143326, 144101, 77606, 7235, 47645, 1605, 163045, 101503, 138009, 146702, 65679, 131827, 110361, 151770, 79557, 80280, 42982, 54362, 127101, 52224, 137145, 157359, 77567, 77462, 117369, 75164, 136213, 164244, 112223, 91428, 110545, 48075, 154030, 92476, 158403, 136019, 70320, 58643, 137605, 139011, 150188, 49752, 100819, 53251, 156189, 104180, 37180, 23772, 70467, 151967, 45913, 48926, 17939, 156218, 124078, 102260, 82015, 19659, 27452, 18361, 97819, 16191, 103700, 162187, 162776, 139535, 157029, 28525, 117286, 90073, 37170, 124555, 91815, 154522, 137901, 163394, 77701, 161064, 128376, 144296, 18615, 36025, 42287, 22940, 11390, 127580, 9475, 46221, 53294, 8367, 138515, 30982, 52627, 150563, 161570, 
Weights: 4508.4, 0, 1394.56, 170.467, 3055.99, 8.53773, 0, 0, 11708.2, 2224.07, 4709.46, 0, 22960.7, 8112.56, 1.01921, 2695.62, 103.503, 169.735, 2.39754, 0, 140.806, 0, 180.128, 0, 133751, 4.18654, 0, 1.03112, 325.292, 1.21132, 15.5433, 0, 1982.74, 0, 1591.47, 5920.39, 18414.8, 11039.6, 0, 1.01673, 9.6404, 14311.6, 22.7415, 1.00522, 1286.66, 1276.96, 0, 30.3764, 1712.96, 67.643, 775.903, 2.53614, 1304.21, 0, 405.356, 4.77155, 15.5018, 273.66, 1.12938, 2705.01, 0, 33489.9, 0, 3.32479, 2906.5, 1.0075, 0, 4461.74, 325758, 0, 2.53872, 0, 20.3369, 1.29438, 0.870833, 50202, 0, 0.314793, 0, 177.478, 3128.31, 201.917, 0, 139.203, 18666.4, 0.281754, 38987.2, 456.095, 0, 3.6224, 1.80512, 343.067, 0, 0, 71.2434, 0, 0, 10.4623, 333.582, 1.25313, 0, 2920.98, 240.147, 0, 64476.5, 4328.72, 4802.14, 2619.43, 3.20105, 0, 38671, 23.3113, 0, 146130, 2194.47, 104.19, 829.472, 1.18345, 8.25388, 0, 0.933655, 6617.18, 1197.44, 33.7452, 4646.73, 0.821525, 4981.39, 1738.88, 869.731, 219.69, 0, 2.25937, 10046.5, 0, 0, 1.02542, 7968.62, 6.25323, 0, 0, 703.331, 0, 1.41117, 10538.1, 0, 0, 0, 
n_nonzero: 107

Running time so far: 118.466s

