n_tets: 286
relErr: 0.0594942
Selected tets: 13986, 9874, 28312, 13284, 1214, 27342, 6233, 24777, 25350, 11692, 1312, 15251, 11970, 6638, 15836, 26177, 12232, 22738, 4998, 19909, 19835, 19799, 18800, 1088, 9388, 8792, 10521, 18579, 21869, 15721, 6623, 9788, 186, 26553, 20056, 12458, 20950, 21067, 20597, 24495, 27104, 6222, 215, 3129, 4136, 8521, 23166, 15194, 25355, 2064, 2824, 7633, 5419, 1906, 17492, 17558, 1541, 191, 20393, 11877, 24089, 7382, 27757, 10960, 21177, 9228, 11678, 14312, 13939, 5052, 4979, 13407, 22993, 20059, 21061, 17591, 18961, 24762, 19733, 8776, 21175, 19188, 4395, 18922, 17562, 8507, 21683, 13200, 21730, 7716, 4176, 16017, 12656, 29389, 2291, 10248, 22502, 16225, 24080, 4511, 10807, 9106, 23911, 9840, 25841, 5362, 28931, 256, 3857, 23843, 15303, 24964, 723, 22646, 3114, 1210, 24852, 29425, 6932, 14520, 11434, 21181, 12534, 293, 21755, 22435, 17221, 17785, 14797, 29482, 22609, 8294, 19923, 11702, 19083, 26436, 2840, 8550, 18423, 21044, 4142, 2781, 19575, 15904, 1539, 2282, 5816, 8298, 21427, 24205, 14012, 14015, 4153, 22113, 17390, 24144, 23891, 4489, 21777, 23887, 19517, 7318, 6878, 15772, 9748, 8520, 7316, 14262, 8556, 11055, 18952, 17968, 8629, 2784, 11945, 25049, 20607, 17308, 25544, 19082, 6007, 9138, 21586, 20054, 10659, 17522, 12008, 12284, 876, 1206, 9900, 9316, 21517, 12268, 8094, 6436, 20072, 20067, 10455, 24660, 28910, 27456, 19326, 4090, 3312, 6512, 6302, 29350, 18929, 2822, 19510, 8921, 16411, 4324, 10938, 20449, 23880, 16312, 24932, 11895, 5901, 4188, 9112, 12115, 9029, 13771, 12299, 19328, 17994, 11961, 20995, 13923, 8186, 6265, 17302, 16092, 20487, 14988, 10998, 24132, 7317, 22355, 6733, 2142, 12032, 1439, 18733, 20604, 12564, 21592, 17578, 24081, 6716, 2137, 2190, 1737, 19350, 4087, 25297, 23252, 9392, 29597, 5857, 17807, 4466, 9812, 13930, 53, 27414, 13452, 20333, 4170, 16325, 21531, 24796, 1329, 6574, 20236, 1844, 3790, 12832, 16930, 4943, 4152, 12330, 12699, 
Weights: 298.892, 0, 94.0655, 224.285, 0, 0, 234.906, 1734.87, 163.109, 0, 1122.07, 0, 0, 0, 155.833, 369.816, 2.43698, 0, 158.12, 0, 68.8745, 0, 0, 0, 0, 257.141, 0, 40.8919, 0, 460.377, 0, 222.572, 0, 0, 0, 0, 820.422, 0, 0, 527.81, 0, 0, 0, 29.0178, 82.1041, 75.8224, 111.735, 469.217, 359.261, 317.341, 0, 265.576, 0, 228.592, 0, 0, 45.7676, 0, 0, 0, 0, 0, 308.047, 12.3468, 1.70474, 0, 180.769, 0, 0, 72.1421, 0, 231.612, 42.4691, 0.82961, 0, 30.2415, 373.252, 596.244, 24.4058, 0, 0, 277.757, 348.125, 269.026, 0, 55.8741, 0, 81.2915, 10.164, 61.5942, 0, 107.182, 258.186, 0, 0, 767.858, 0, 0, 0, 612.088, 86.1787, 0, 0, 250.207, 17.0205, 1178.82, 239.105, 116.328, 118.637, 164.488, 0, 0, 2.23063, 183.998, 0, 0, 0, 0, 0, 0, 140.149, 0, 0, 0, 0, 0, 28.8842, 217.274, 0, 0, 161.539, 0, 5.06073, 128, 0, 0, 208.676, 29.0156, 273.33, 0, 0, 142.875, 6.3136, 566.317, 58.906, 0, 520.867, 201.092, 696.504, 0, 0, 0, 47.3741, 0, 0.616769, 7.0472, 0, 475.06, 0, 31.513, 0, 27.0293, 0, 0, 239.149, 63.1562, 0.0301025, 0, 22.6724, 83.5612, 79.7038, 0, 117.833, 6.43585, 0, 0, 314.431, 0, 0, 0, 535.341, 6.09006, 0.76092, 37.8648, 554.972, 23.0308, 171.186, 73.4318, 6.37109, 0, 0, 0, 76.2397, 952.042, 62.7169, 48.5143, 0, 0, 1216.08, 0, 0, 223.633, 0, 0, 0, 0, 57.5145, 0, 253.881, 148.676, 0, 0, 126.099, 105.442, 0, 0, 0, 346.369, 169.198, 55.241, 0, 2570.59, 0, 69.254, 0, 0, 59.1908, 58.1925, 78.2608, 76.3245, 21.7462, 318.387, 43.291, 428.119, 133.591, 0, 110.035, 0, 0, 28.8943, 0, 0, 52.7779, 142.947, 130.92, 259.65, 0, 192.782, 26.2534, 0, 0, 19.462, 0, 0, 45.1787, 0, 128.23, 0.196665, 57.4084, 0, 40.5446, 0, 183.692, 92.2324, 28.1959, 101.287, 0, 0, 25.2179, 0, 77.1063, 0, 50.8463, 2952.32, 48.1947, 243.151, 0, 6.64569, 66.697, 0, 24.4118, 139.875, 156.999, 0, 0, 194.773, 
n_nonzero: 156

Running time so far: 90.3319s

