n_tets: 196
relErr: 0.789155
Selected tets: 124375, 43585, 128391, 134415, 59101, 93396, 121790, 82838, 79239, 131994, 91751, 74532, 28145, 134502, 46542, 82970, 22431, 26017, 89393, 65681, 121237, 101268, 161983, 3754, 23284, 138593, 67843, 61709, 3828, 70448, 84754, 77842, 111041, 102518, 128557, 143674, 13689, 164006, 62260, 53053, 69463, 9277, 84811, 64575, 144972, 20862, 107228, 2462, 111426, 47365, 100766, 151883, 143326, 144101, 77606, 7235, 47645, 1605, 163045, 101503, 138009, 146702, 65679, 131827, 110361, 151770, 79557, 80280, 42982, 54362, 127101, 52224, 137145, 157359, 77567, 77462, 117369, 75164, 136213, 164244, 112223, 91428, 110545, 48075, 154030, 92476, 158403, 136019, 70320, 58643, 137605, 139011, 150188, 49752, 100819, 53251, 156189, 104180, 37180, 23772, 70467, 151967, 45913, 48926, 17939, 156218, 124078, 102260, 82015, 19659, 27452, 18361, 97819, 16191, 103700, 162187, 162776, 139535, 157029, 28525, 117286, 90073, 37170, 124555, 91815, 154522, 137901, 163394, 77701, 161064, 128376, 144296, 18615, 36025, 42287, 22940, 11390, 127580, 9475, 46221, 53294, 8367, 138515, 30982, 52627, 150563, 161570, 120497, 59331, 113272, 79199, 112180, 46454, 125542, 128925, 53106, 67519, 108122, 41646, 130443, 92680, 38469, 146452, 107960, 3476, 17333, 139978, 163951, 93676, 89831, 127368, 109839, 74543, 69428, 125608, 113271, 161340, 136800, 102614, 33367, 160047, 116936, 70916, 134277, 158287, 54895, 61321, 60385, 47830, 150468, 134016, 108871, 108877, 5193, 12987, 57965, 
Weights: 4086.46, 0, 1416.48, 50.376, 2955.45, 9.74586, 0, 0, 10984.1, 2029.16, 3602.46, 0, 9852.75, 7297.54, 1.0184, 2625.55, 105.851, 218.306, 2.39863, 0, 165.136, 0, 132.975, 0, 149516, 4.19109, 0, 1.06183, 315.688, 1.20247, 12.1656, 0, 2036.76, 0, 1375.43, 0, 18758.1, 0, 0, 1.04372, 9.70339, 1924.83, 18.8719, 1.00506, 611.435, 861.222, 212.994, 27.7894, 1291.23, 58.9193, 724.051, 2.23969, 1259.78, 0, 117.713, 4.75983, 13.2481, 246.832, 1.1262, 6949.49, 0, 16991.3, 0, 1.43379, 4293.34, 1.00769, 0, 4961.48, 290229, 0, 2.5471, 0, 20.5036, 1.2924, 0.872546, 32418.2, 0, 0.315559, 0, 0, 2221.82, 59.9755, 0, 145.522, 17269.9, 0.285445, 11385.9, 488.122, 0, 3.61871, 1.80739, 330.857, 0, 0, 58.39, 0, 0, 9.44149, 310.668, 1.18836, 0, 0, 73.1603, 0, 70810.4, 4658.06, 6809.52, 2449.37, 3.21592, 0, 45279.7, 22.9005, 0, 63547.9, 1665.31, 121.129, 685.58, 1.19148, 8.25302, 0, 0.933999, 9083.63, 1424.59, 31.6724, 6385.48, 0.819774, 3714.26, 0, 380.906, 220.328, 0, 2.14398, 7460.07, 0, 0, 1.02588, 6431.11, 4.96905, 0, 0, 716.249, 0, 1.40785, 19522.8, 0, 0, 0, 1.03259, 189.772, 0.633418, 0.97613, 15.8077, 577.232, 0, 1403.05, 0, 0, 24.7662, 0, 0, 35622.1, 0, 3518.18, 13545.5, 15.9593, 1.77595, 0, 0, 4025.56, 2.11703, 0, 12.6883, 11.159, 1.74623, 0, 0.987308, 2.33489, 7.65182, 18.5602, 0, 0, 819.461, 11.4875, 0, 454.75, 9.95054, 0, 609.041, 2.25533, 1211.18, 58.4962, 0, 569.618, 965.684, 294.492, 8397.67, 
n_nonzero: 137

Running time so far: 158.936s

