n_tets: 99
relErr: 0.169092
Selected tets: 10555, 21616, 12946, 21677, 4748, 6996, 23325, 27965, 4263, 12045, 17320, 25683, 19465, 9519, 19914, 12330, 23888, 5093, 21360, 28276, 21477, 726, 19503, 27247, 19660, 8811, 19456, 1518, 11035, 8328, 15796, 13232, 19166, 13409, 6928, 11618, 25707, 19162, 2547, 15300, 2987, 17874, 23620, 1861, 15479, 1269, 22785, 25329, 27418, 10401, 17509, 29299, 4195, 25933, 24111, 12388, 15089, 13391, 10002, 20247, 6697, 16256, 19800, 1543, 21586, 15012, 15261, 18244, 12419, 5851, 4114, 13262, 4087, 12118, 14799, 19346, 18806, 6050, 5897, 19548, 27873, 14866, 12204, 6574, 615, 23457, 14449, 24519, 11464, 5283, 27830, 26024, 26451, 4776, 3022, 22444, 1404, 20672, 4294, 
Weights: 5113.47, 1089.47, 728.334, 721.809, 265.635, 438.217, 917.101, 0, 1.66736, 12.7561, 0, 535.056, 1.01916, 1430.01, 513.347, 498.057, 165.646, 141.265, 0.985059, 1185.68, 2.03, 0, 0, 1.56877, 33.5326, 0, 1301.66, 0.877932, 63.9346, 631.438, 3.16253, 6.38126, 0.508654, 0, 10.1321, 233.503, 1178.98, 169.366, 39.7225, 47.9312, 0, 2.46591, 3536.9, 1.55349, 0, 0.446968, 2249.6, 85.8151, 1533.9, 33.5345, 75.8449, 511.784, 1034.64, 0, 1.83943, 22.7878, 1354.67, 263.569, 0.144193, 0, 0, 0, 0.852733, 1.23157, 0.883725, 0, 0, 1073.86, 27.658, 362.438, 0, 0, 1.0337, 91.5576, 215.425, 486.768, 1546.34, 0, 0, 19.9597, 1082.99, 1.5333, 533.908, 0, 94.0739, 34.6516, 42.2228, 157.132, 463.021, 0, 27.8168, 30.7077, 0, 8.57904, 0, 0, 295.018, 189.951, 0, 
n_nonzero: 75

Running time so far: 107.622s

