n_tets: 60
relErr: 0.379548
Selected tets: 995, 6736, 3302, 3987, 5864, 4070, 3730, 3440, 7494, 2193, 2122, 2261, 5764, 5142, 6166, 3572, 3695, 7454, 5135, 7320, 5016, 4455, 1016, 3762, 5387, 2352, 4049, 1000, 3179, 1735, 5789, 5372, 4724, 685, 5526, 1828, 6339, 5976, 264, 645, 5895, 5482, 3808, 1141, 1909, 5442, 7480, 3953, 2668, 5647, 5939, 2837, 270, 3811, 4160, 2849, 2642, 5738, 4590, 4390, 
Weights: 838.865, 349.024, 85.9357, 129.199, 197.421, 286.624, 307.664, 263.949, 242.526, 143.366, 217.15, 199.474, 75.9881, 456.115, 44.1705, 472.15, 126.443, 254.22, 48.7773, 0.922997, 0.471925, 0.548826, 2591.96, 215.353, 0, 1.07589, 1.342, 49.157, 132.775, 250.365, 188.314, 48.0043, 55.523, 867.474, 302.356, 132.939, 0, 214.999, 105.041, 41.5697, 54.995, 1.216, 65.809, 37.4788, 185.876, 0.931958, 0.701146, 4.27966, 0.414044, 0.99011, 304.299, 3.23455, 0, 0, 10.9261, 17.2058, 203.468, 48.2191, 2130.75, 120.215, 
n_nonzero: 56

