n_tets: 306
relErr: 0.0538531
Selected tets: 19769, 26370, 25715, 13923, 23203, 22574, 27025, 9146, 28769, 8502, 10745, 18639, 29465, 21592, 5495, 3716, 21991, 3083, 27733, 23928, 27103, 20392, 19595, 9764, 18971, 27882, 12327, 19555, 5285, 18949, 4172, 29299, 13223, 12721, 6078, 28816, 1404, 7754, 12744, 9846, 27990, 17874, 19028, 20877, 10754, 1537, 27514, 15823, 14157, 4354, 2824, 27159, 29186, 9490, 11045, 23341, 5609, 15235, 8071, 20229, 22980, 8572, 21788, 12363, 2402, 10973, 27416, 2289, 22727, 22722, 24552, 18922, 4087, 17761, 18891, 14988, 18731, 20598, 17718, 1415, 6437, 815, 7470, 5543, 12533, 20058, 17875, 13200, 8254, 4561, 12186, 7344, 22465, 27460, 23148, 6472, 22767, 18168, 26850, 4090, 23238, 23021, 17148, 3607, 26409, 12910, 11066, 15696, 3086, 5783, 37, 15624, 11602, 6015, 18991, 13408, 7454, 29075, 19394, 3034, 12117, 21181, 17621, 5200, 21755, 1244, 5797, 32, 6497, 14451, 8691, 11659, 6548, 18733, 24134, 3867, 21930, 24583, 41, 25843, 19617, 2188, 21088, 20615, 2562, 19164, 23762, 19722, 11924, 23082, 7590, 9315, 24075, 11285, 29137, 7377, 11051, 6227, 27439, 6210, 21627, 7228, 25473, 20883, 19471, 1381, 4979, 24007, 19501, 22405, 12583, 4723, 29044, 6587, 19448, 15401, 15001, 16411, 27841, 4037, 4236, 12413, 21586, 6619, 3129, 1016, 8963, 6932, 16832, 18791, 21799, 14841, 24877, 10957, 12112, 29336, 9344, 20941, 8873, 6878, 3092, 4467, 11990, 18492, 14119, 10011, 23502, 17228, 3362, 5963, 25497, 5516, 17390, 21250, 18036, 25944, 17794, 4516, 411, 6148, 24014, 27879, 5291, 8105, 29607, 22522, 44, 28450, 3380, 14538, 23886, 5413, 12384, 22107, 2615, 8475, 21557, 11593, 1547, 24330, 20236, 24106, 11963, 5190, 15903, 5093, 27826, 9103, 432, 8047, 19822, 15398, 12218, 19187, 14810, 22278, 2280, 24175, 19167, 7837, 7476, 20335, 1719, 2743, 8910, 4075, 4142, 27428, 13644, 29269, 22734, 2388, 2634, 1204, 15940, 11853, 18013, 23697, 7393, 20202, 3112, 20375, 7193, 17145, 10175, 12380, 14520, 19075, 22489, 3021, 12441, 27057, 21556, 11908, 2178, 29540, 14449, 14691, 25401, 12458, 25758, 5198, 28853, 3500, 15466, 6797, 
Weights: 978.53, 487.801, 645.328, 0, 0, 158.813, 0, 0, 670.041, 368.401, 0, 0, 0, 176.051, 88.1133, 115.646, 0, 0, 64.7919, 0, 0, 0, 45.8844, 0, 141.711, 0, 294.983, 0, 0, 0, 0, 0, 0, 288.394, 0, 0, 428.266, 667.199, 187.615, 0, 727.903, 0, 0, 397.969, 870.131, 29.3806, 48.3576, 0, 2.77026, 79.5289, 91.9372, 95.7581, 436.91, 283.238, 0, 0, 127.303, 0, 0, 156.365, 0, 0, 0, 35.6074, 78.2231, 85.1209, 0, 0, 0, 0, 0, 790.142, 0.999992, 0, 0, 0, 0, 0, 0, 115.566, 23.9554, 49.2192, 0, 0, 0, 2.96452, 0.845864, 69.6559, 0, 43.077, 312.224, 0, 833.08, 56.126, 58.4622, 0, 5.10756, 0, 0, 0.96104, 0, 0, 161.167, 450.152, 0, 24.6786, 0, 0, 0, 0, 270.278, 0, 0, 48.9715, 71.9752, 0, 0, 71.3424, 0, 94.5497, 0, 0, 347.086, 0, 0, 0, 0, 49.7726, 0, 0, 661.931, 0, 0, 0, 28.3628, 234.828, 5.71193, 0, 0, 17.0791, 0, 0, 0, 17.2883, 0, 102.625, 0, 250.453, 60.5228, 1023.65, 0, 0, 0, 800.102, 0, 0, 0, 0, 0, 591.859, 82.1284, 0, 152.55, 110.421, 180.386, 240.466, 0, 46.9359, 0, 0, 0, 280.197, 971.293, 0, 881.081, 16.4237, 0, 0, 0, 20.9165, 0, 0, 0, 0, 0, 0, 0, 0, 323.882, 2.89522, 0.999502, 0, 458.527, 0, 0, 145.009, 0, 277.242, 0, 0, 55.6888, 0.295822, 0, 0, 0, 131.62, 117.132, 30.0248, 0, 0, 349.63, 0, 0, 108.46, 0, 217.394, 0, 0, 853.024, 414.954, 0, 0, 0, 0, 0, 97.8767, 0, 0, 279.373, 144.566, 137.619, 9.92884, 84.0125, 331.503, 751.384, 0, 237.346, 0, 189.803, 0, 0.445704, 0, 0, 132.174, 103.23, 0, 20.2737, 23.0882, 0, 0, 0, 217.315, 795.039, 208.883, 0, 316.488, 0, 0, 0, 178.058, 0, 13.3775, 638.711, 0, 0, 0, 3.45472, 658.718, 0, 0, 107.96, 65.684, 0, 0, 0, 0, 3.64856, 0, 0, 643.659, 0, 331.631, 268.513, 161.03, 0, 46.4059, 0, 207.343, 1.91368, 0, 0, 0, 0, 92.3152, 0, 0, 22.2222, 1600.07, 281.717, 0, 78.906, 0, 104.5, 0, 0, 0, 
n_nonzero: 137

Running time so far: 203.121s

