n_tets: 230
relErr: 0.317738
Selected tets: 32562, 2811, 43286, 18384, 24071, 43879, 16774, 30220, 11939, 42759, 7052, 32003, 35144, 42003, 33866, 29492, 8491, 24035, 42965, 39954, 22963, 4138, 31870, 3748, 12100, 37253, 43894, 39169, 3981, 8750, 28805, 7987, 34335, 1820, 3010, 14249, 41973, 33171, 1548, 5577, 44247, 15450, 16138, 30782, 15187, 2979, 15401, 42531, 22322, 39851, 12243, 20125, 42722, 36310, 10559, 17140, 2881, 18193, 35613, 6158, 14859, 20282, 1614, 20754, 22402, 21249, 44411, 37958, 12145, 31817, 27313, 1617, 8545, 42402, 2808, 34094, 17166, 22361, 20239, 23424, 25091, 3675, 44291, 41901, 22443, 43847, 36484, 32063, 21164, 23010, 44985, 22568, 29135, 16786, 15437, 31085, 15828, 20995, 8104, 29493, 19856, 34505, 8800, 31818, 41983, 22293, 38968, 41986, 38872, 13502, 13860, 9257, 15863, 35680, 13784, 23461, 13783, 22357, 34425, 4284, 44199, 1355, 31852, 39840, 21645, 10464, 44233, 43420, 5461, 18026, 12209, 36115, 3532, 39899, 1076, 44183, 27903, 38853, 29495, 23371, 4723, 14040, 6260, 41971, 3901, 20930, 30753, 44223, 42882, 27475, 18852, 7178, 11694, 20469, 7766, 7341, 15373, 38068, 32044, 32236, 9328, 15858, 4085, 23484, 310, 42311, 14263, 19369, 2382, 37423, 14447, 38754, 30837, 19854, 35495, 12085, 23553, 31828, 19012, 26974, 41990, 18853, 39167, 26374, 11315, 8391, 18714, 40986, 33727, 33142, 30949, 29702, 40118, 29905, 13322, 31833, 6572, 28587, 29286, 6594, 29913, 35515, 44066, 39021, 10420, 9923, 38661, 44055, 31995, 5221, 13020, 42235, 44927, 41309, 3900, 14582, 12146, 3881, 33764, 32136, 17597, 14374, 32001, 38885, 34100, 10790, 10818, 9326, 38513, 14789, 
Weights: 2311.61, 0, 63.8154, 0, 185.483, 0.941971, 4.25372, 0, 0, 0, 0, 791.083, 53.4347, 1.05076, 0.889169, 1.18671, 0, 328.44, 0, 1.34279, 111.553, 0, 527.476, 1498.91, 1.68617, 0, 1.34479, 0.581042, 3756.5, 0, 0.825084, 0, 18.1186, 1.01548, 77.2612, 0, 1.79473, 195.779, 181.615, 38.7706, 32.2092, 119.147, 1.97049, 207.755, 458.429, 0.940508, 0, 32.817, 1.69924, 38.178, 57.8929, 0, 0, 1272.47, 0, 1.04564, 27.6658, 603.56, 1.00669, 0, 0.814965, 197.42, 0, 0, 5.49024, 256.018, 3.00919, 1967.86, 67.4349, 0, 29.6148, 82.1468, 1.01086, 113.617, 0, 32.3736, 293.529, 1.62408, 352.341, 16.2943, 1361.78, 0, 0, 831.986, 0, 55.3458, 36.6016, 101.861, 512.212, 0, 1.31235, 26.7142, 0.458658, 697.441, 444.423, 0, 10.0454, 269.741, 952.144, 0, 1.02686, 0, 20.6832, 2.50466, 3.97289, 0, 0, 0.692648, 3.59047, 2.52862, 1.00878, 240.921, 6.24337, 25.2163, 0.964908, 55.9299, 1.5949, 14.7509, 0, 697.227, 13.1311, 27.967, 1.10183, 0, 331.767, 0, 0, 0, 0.948962, 5.77114, 1.24237, 0, 0, 0, 530.7, 0.883054, 0, 0, 532.706, 0, 1.03545, 491.561, 192.807, 1.56037, 0, 1.29612, 418.11, 10.5318, 1.13567, 152.668, 0.973256, 1.39908, 1713.34, 836.873, 5.45709, 39.2491, 0, 224.161, 0, 0, 3.88188, 0.223764, 2.5168, 0.869035, 8.45015, 260.757, 0, 36.3389, 0, 0, 36.2126, 0, 0.774773, 2.31048, 812.554, 0, 480.041, 0, 167.967, 308.254, 2.23986, 0, 0, 0, 2.27634, 0.576465, 996.043, 1.33739, 0.9346, 173.282, 5.90901, 0, 0, 0.782296, 0, 2.16537, 0.68013, 28.5877, 1.73787, 0, 2.76138, 0, 21.9345, 2.31227, 0.176764, 108.171, 0.338354, 0, 538.671, 22.0587, 235.79, 10.3713, 0, 0, 17.6486, 0, 1.75036, 0, 3920.41, 1689.75, 0.94577, 0, 972.299, 0, 760.909, 0.541541, 1.39328, 20.2468, 0.892255, 115.151, 
n_nonzero: 163

Running time so far: 161.257s

