n_tets: 168
relErr: 0.497674
Selected tets: 20227, 7158, 12249, 20491, 1852, 17144, 17447, 27511, 21389, 4497, 5016, 8905, 19850, 28665, 25016, 26706, 23953, 5251, 18745, 11531, 24173, 26417, 6142, 15927, 14609, 7866, 13926, 29492, 18163, 6160, 25344, 7382, 22708, 4992, 22649, 23867, 931, 21067, 15576, 19480, 9281, 22115, 1551, 23380, 14130, 16661, 21751, 23344, 15032, 28481, 14116, 27972, 24937, 14485, 3243, 28400, 1541, 9894, 4607, 8128, 15775, 27599, 6668, 24843, 21177, 22391, 18806, 3022, 24507, 28584, 5782, 24435, 4087, 28879, 25060, 8774, 18298, 7444, 4077, 21795, 10679, 29272, 5212, 8733, 24642, 20617, 4764, 25968, 20644, 21253, 7244, 22787, 21881, 24331, 27140, 2490, 2822, 23513, 18946, 12777, 28409, 1284, 26074, 26177, 13257, 9234, 13404, 22740, 10666, 3999, 27190, 7141, 12835, 19481, 10680, 9785, 28558, 24384, 18220, 3034, 15436, 7163, 23183, 16494, 27244, 5839, 5797, 20615, 17057, 14991, 12264, 24287, 1098, 5813, 28505, 28377, 17875, 8876, 41, 9347, 15624, 5103, 10318, 8460, 23667, 29652, 17325, 18992, 1797, 6881, 17916, 23888, 27675, 11855, 27037, 11599, 2921, 17749, 10102, 5848, 27895, 2359, 25120, 13366, 10300, 82, 26149, 23456, 
Weights: 1806.28, 0.440033, 992.647, 800.387, 3036.39, 835.075, 4235.68, 0.54812, 332.807, 1019.27, 0.619797, 1.38031, 0.767082, 0.427935, 0, 689.219, 1073.61, 10.9565, 120.331, 513.358, 1.36319, 21.0739, 180.919, 579.886, 6943.63, 83.1959, 3.50517, 2.82942, 17.9056, 666.262, 0.99303, 451.781, 0.448183, 194.297, 0, 1.02983, 2654.18, 0.796231, 0.959488, 94.2141, 3.10045, 41.3267, 7.31959, 437.532, 218.411, 4.43324, 224.049, 1.15626, 190.023, 0, 0.219906, 0.986223, 10.7712, 1.4773, 0.82567, 3.72284, 1.08452, 1.51112, 593.839, 0, 0.93532, 600.52, 1621.63, 232.57, 1.01802, 6.90865, 5.22839, 40.3329, 691.98, 61.8627, 0, 599.668, 1.01011, 81.3252, 906.793, 0.314626, 1.48968, 410.343, 0.409994, 3.29184, 0.855107, 211.599, 4.16392, 141.96, 29.9295, 0.756973, 0.974223, 0.995836, 646.652, 4.74484, 0, 0.945215, 0.93464, 0.811845, 1.53532, 24.6704, 0.959631, 1.15427, 0.90792, 0.117955, 0.752777, 61.5603, 607.506, 7.87718, 0.804257, 1.16812, 0.988512, 0, 0, 0.974687, 1.2818, 0.935882, 55.4135, 0, 0.711359, 40.3748, 292.847, 0.355277, 1606.88, 0.944808, 0.981894, 1.17256, 118.355, 5.20524, 0.835443, 1.86854, 208.811, 0.961683, 0.910457, 0, 3.07736, 2.83024, 0.761542, 1.30595, 38.7117, 0.569327, 1.43977, 0.721501, 1.01746, 368.909, 0, 213.49, 911.249, 16.331, 2362.52, 0.61292, 1.29974, 42.3072, 0.920748, 0.786232, 378.259, 5.20339, 41.9972, 0.97308, 3.0316, 635.781, 74.7738, 10.6373, 101.56, 0, 53, 7.19046, 0.894124, 1.03415, 2.40589, 0.214935, 0, 0.948281, 
n_nonzero: 155

Running time so far: 137.326s

