n_tets: 247
relErr: 0.170602
Selected tets: 12990, 2693, 1081, 13296, 29045, 55, 26069, 24777, 10112, 15775, 24597, 2844, 19576, 19124, 7979, 25032, 18631, 18394, 29312, 16154, 3112, 4458, 28064, 13752, 6155, 1757, 24381, 26954, 17568, 9447, 16999, 15160, 22523, 12427, 23888, 808, 18293, 11085, 21710, 5037, 28706, 24849, 3158, 1861, 26852, 6998, 22223, 17718, 23240, 13004, 29163, 18592, 21111, 17327, 2513, 26644, 26469, 9491, 19563, 18897, 21644, 14158, 19257, 32, 21177, 27885, 14912, 9834, 24152, 8911, 15257, 14184, 26771, 20202, 569, 1421, 81, 25792, 21740, 23859, 20246, 1885, 23608, 1141, 8463, 5287, 8599, 13200, 15779, 28779, 4481, 27112, 7344, 17765, 3052, 5285, 21881, 2808, 19236, 4425, 19523, 689, 28563, 17430, 1401, 13414, 10401, 12, 21536, 2164, 24585, 21119, 19905, 8878, 6015, 14305, 12269, 4838, 17328, 20236, 21868, 14509, 9883, 22851, 14811, 20334, 10372, 23174, 4089, 9537, 11876, 7944, 25381, 12565, 28071, 19262, 22036, 15773, 14687, 28832, 8746, 4118, 20165, 20615, 3666, 4852, 6435, 23188, 10851, 10690, 9179, 27752, 13879, 19233, 21931, 4698, 15778, 26197, 22990, 5353, 18733, 10258, 12134, 18497, 717, 13567, 10626, 14112, 4076, 9212, 21936, 14114, 15770, 29516, 19024, 23855, 4706, 28324, 28709, 22765, 3045, 20068, 23321, 2986, 11579, 10472, 20166, 9991, 6642, 11891, 21799, 24135, 2533, 6450, 2190, 1903, 25225, 944, 6419, 6878, 17980, 21691, 2217, 21729, 3387, 22233, 21807, 23778, 8947, 1351, 15905, 4242, 7413, 12085, 24583, 2261, 7311, 20111, 28958, 8233, 20494, 8062, 19504, 2859, 11969, 15057, 20056, 5412, 24560, 26843, 4127, 26363, 28788, 11981, 20233, 8922, 7322, 8995, 9414, 12598, 13475, 4514, 11898, 1839, 12032, 685, 1109, 
Weights: 209.362, 577.846, 416.357, 111.161, 0, 0, 1077.06, 297.69, 1013.71, 0.908659, 1574.43, 221.321, 64.4367, 51.9614, 156.26, 225.087, 145.134, 0, 0.999938, 533.471, 1.11658, 556.53, 125.848, 0, 0, 359.193, 2.76824, 945.714, 0, 276.551, 834.43, 258.995, 10.6728, 0, 25.6813, 1.25967, 621.794, 0, 8.80064, 0, 0, 24.3177, 149.187, 7.30097, 356.891, 69.436, 237.282, 0, 0, 138.451, 240.252, 146.238, 0, 0.797101, 216.949, 0, 1175.95, 45.5732, 0, 299.964, 0, 0, 0, 1.0261, 0.96195, 481.979, 0, 564.215, 0, 24.5277, 268.434, 50.6024, 58.0873, 373.131, 0.979171, 0.141695, 1.01891, 0, 207.479, 186.751, 13.7298, 526.308, 115.161, 217.696, 106.632, 0, 116.129, 4.48313, 12.4026, 158.024, 31.3416, 7.86546, 7.97477, 0, 0, 1.26235, 0, 177.501, 0.42986, 34.1627, 70.2122, 31.8747, 266.679, 0, 477.688, 508.845, 0, 1.9175, 194.995, 0, 5.82561, 13.0779, 77.4544, 502.7, 68.7826, 154.255, 225.338, 137.171, 0, 8.38463, 0, 18.9128, 0.905213, 261.019, 69.6031, 143.028, 0, 276.549, 0.988592, 65.9363, 228.311, 110.091, 70.4859, 1.3271, 582.005, 0, 102.635, 0.795938, 576.886, 182.06, 204.602, 2.52443, 9.91601, 0.980636, 222.38, 1.28932, 1.10781, 84.8464, 0, 221.269, 0, 260.415, 863.831, 0, 41.3011, 3.42895, 0.125537, 685.918, 0, 89.9996, 136.392, 0, 132.154, 0, 0, 102.178, 0, 101.229, 30.3367, 472.942, 29.3098, 213.884, 1.15911, 48.755, 78.1453, 74.4637, 0, 61.7408, 0, 412.994, 18.4286, 160.169, 0, 0, 265.272, 0, 1.02172, 0, 0, 77.0206, 0.845207, 0, 170.316, 0, 17.8081, 17.4493, 0, 0, 1038.73, 55.3423, 185.044, 0.739726, 0, 0, 0, 569.855, 268.726, 0, 0, 242.851, 0, 137.319, 503.842, 351.629, 10.1572, 203.757, 0, 236.124, 116.733, 0, 140.57, 695.654, 65.8814, 64.5952, 6.34279, 257.349, 80.6214, 224.922, 53.2392, 410.252, 0, 196.304, 0, 0.976173, 23.3334, 34.5848, 75.69, 189.674, 0, 15.3179, 268.146, 1.00119, 46.8716, 0, 18.5993, 1.02195, 1.01589, 
n_nonzero: 184

Running time so far: 125.694s

