n_tets: 270
relErr: 0.313031
Selected tets: 995, 4859, 3302, 1369, 524, 2701, 7267, 6313, 6491, 2724, 3266, 3596, 1063, 1252, 827, 6733, 7325, 7320, 3294, 5053, 5016, 4455, 1823, 105, 955, 2352, 918, 4146, 2631, 2959, 237, 819, 7394, 522, 2634, 2097, 6339, 5879, 1781, 4578, 5895, 729, 3112, 6564, 2567, 5442, 7480, 5585, 3237, 5647, 3425, 4410, 2329, 5934, 451, 6547, 1818, 2668, 6815, 2607, 205, 1814, 6623, 4749, 6079, 5356, 7446, 2662, 983, 359, 1485, 1657, 3561, 1032, 5715, 4651, 2778, 7445, 3836, 1782, 2313, 126, 7016, 198, 3829, 3662, 6852, 3770, 2600, 6257, 3879, 534, 1269, 4511, 4943, 7054, 6537, 5492, 6283, 3686, 2180, 4001, 4771, 804, 2003, 3876, 7443, 2679, 1906, 1704, 3253, 4483, 4939, 212, 6643, 4534, 4070, 4223, 536, 1069, 56, 5580, 4663, 6782, 3175, 6979, 7226, 1745, 2393, 3959, 4352, 3408, 489, 2496, 6171, 5093, 7251, 2901, 3911, 5326, 5876, 897, 7342, 6144, 2591, 7238, 6487, 264, 3711, 6711, 36, 838, 668, 4514, 3823, 5790, 5775, 4150, 3955, 6201, 4122, 6436, 1189, 3239, 2407, 7227, 5042, 7485, 4210, 2853, 1878, 7433, 776, 1595, 2210, 1623, 1421, 2363, 5283, 2357, 1942, 4397, 875, 2871, 3493, 7180, 3326, 925, 2091, 6004, 1246, 2088, 5166, 4081, 948, 1643, 947, 5450, 890, 197, 7236, 1110, 7428, 3454, 5149, 7484, 855, 1556, 1305, 5362, 5385, 532, 3094, 574, 5721, 3996, 3608, 4980, 6188, 757, 1989, 1550, 347, 539, 3317, 3512, 3580, 4552, 759, 1223, 6066, 4506, 6454, 967, 5717, 1157, 7496, 6268, 225, 1985, 2092, 5364, 2769, 2958, 5075, 862, 1002, 3471, 7379, 1467, 6793, 4128, 169, 4778, 88, 2103, 1730, 6922, 4874, 7356, 1, 2675, 6008, 4766, 5725, 6783, 1870, 1884, 276, 3012, 
Weights: 679.466, 200.147, 50.3718, 107.243, 168.408, 321.729, 807.064, 42.9818, 105.583, 341.127, 161.79, 104.42, 145.473, 139.758, 14.6332, 101.854, 0.10666, 0.941826, 303.636, 55.4036, 0.423425, 0.772308, 39.7952, 329.806, 19.8365, 1.01605, 116.216, 21.533, 102.722, 164.568, 6.51757, 52.9064, 127.388, 0, 0, 1.10151, 0, 275.231, 55.6478, 36.5086, 0, 62.0898, 13.93, 87.0009, 55.5606, 0.949665, 0, 202.084, 61.8905, 0.956758, 0.717186, 1.55919, 138.719, 3.9448, 0, 39.8967, 0, 0.289908, 0, 30.7496, 0.928491, 0, 4.72412, 72.6441, 31.8794, 6.56393, 2.05208, 0.998071, 0, 0, 70.095, 0, 23.135, 0, 0, 0.467472, 106.385, 0.483131, 51.0406, 1.02943, 4.1728, 0, 46.6492, 0.396961, 108.7, 0, 116.202, 0, 0, 16.3539, 54.4825, 0, 254.329, 0, 0, 0, 0, 0.97958, 1.11693, 1755.79, 56.5307, 2.62528, 30.6153, 116.483, 1.01337, 0.938536, 0, 0, 0.70093, 0, 0, 0.725762, 14.409, 0, 1.04064, 22.6569, 35.7254, 218.543, 300.453, 21.5482, 2.73927, 5.53824, 0.933055, 28.9842, 0, 55.9791, 0, 1.33221, 41.9697, 12.116, 18.6522, 0, 115.66, 25808.1, 49.9698, 10.6131, 227.947, 0, 196.813, 46.7763, 0, 17.8121, 67.6437, 43.7281, 97.4636, 189.753, 4.63964, 28.3718, 0, 8.84975, 0, 0, 127.533, 1923.54, 2.02503, 0, 13.3363, 127.139, 12.9143, 24.9437, 40.2111, 0, 10.9608, 82.9097, 0, 11.1622, 99.0741, 1.68763, 12.1559, 11.5116, 135.954, 77.6258, 0, 1.06397, 11.365, 35.5543, 74.3073, 34.3823, 1.01878, 16.1066, 3.11732, 25.0223, 0, 67.754, 9.7935, 0, 14.8603, 75.733, 161.469, 0, 38.9423, 57.9452, 32.2568, 51.7401, 41.2463, 109.971, 2.31553, 0.994236, 257.825, 47.2068, 320.616, 103.443, 58.4339, 0, 26.059, 1.22248, 28.7766, 53.5357, 0, 12.8938, 0.33623, 21.1087, 47.6235, 42.374, 53.4062, 15.3115, 39.4409, 0, 80.645, 13.8635, 1240.62, 86.3125, 30.2883, 51.1921, 0, 442.307, 37.9507, 121.616, 0, 80.6262, 0.888719, 16.9534, 0, 0, 0.384174, 82.2316, 63.8133, 105.86, 0, 72.2378, 43.1601, 69.7798, 0, 89.1522, 10.2583, 76.1296, 0.322596, 128.407, 23.5751, 0, 4.35744, 0, 0, 38.4959, 257.363, 136.102, 45.4771, 658.539, 30.1596, 59.3619, 3.82755, 0, 16.9352, 178.974, 57.9792, 0, 1.84394, 70.1302, 56.2796, 25.6156, 
n_nonzero: 213

