n_tets: 96
relErr: 0.519484
Selected tets: 20227, 7158, 12249, 20491, 1852, 17144, 17447, 27511, 21389, 4497, 5016, 8905, 19850, 28665, 25016, 26706, 23953, 5251, 18745, 11531, 24173, 26417, 6142, 15927, 14609, 7866, 13926, 29492, 18163, 6160, 25344, 7382, 22708, 4992, 22649, 23867, 931, 21067, 15576, 19480, 9281, 22115, 1551, 23380, 14130, 16661, 21751, 23344, 15032, 28481, 14116, 27972, 24937, 14485, 3243, 28400, 1541, 9894, 4607, 8128, 15775, 27599, 6668, 24843, 21177, 22391, 18806, 3022, 24507, 28584, 5782, 24435, 4087, 28879, 25060, 8774, 18298, 7444, 4077, 21795, 10679, 29272, 5212, 8733, 24642, 20617, 4764, 25968, 20644, 21253, 7244, 22787, 21881, 24331, 27140, 2490, 
Weights: 1946.35, 0.440109, 1238.67, 836.782, 3548.99, 923.353, 8510.72, 0.548552, 254.195, 1340.68, 0.622055, 6.48247, 0.76515, 0.40957, 0, 745.246, 999.063, 13.2648, 167.077, 517.48, 1.37312, 20.5886, 130.418, 508.209, 7810.08, 95.7682, 3.4495, 2.98469, 35.6816, 1036.7, 0.965033, 571.388, 0.459167, 228.503, 0, 0.994467, 2207.28, 0.800269, 0.946562, 435.161, 3.12322, 31.6998, 7.06792, 723.17, 233.188, 4.1136, 103.399, 1.15834, 441.867, 0, 0.22356, 0.960139, 10.9962, 1.45944, 0.812238, 3.79003, 1.09373, 1.40736, 627.772, 0, 0.897553, 110.104, 1842.47, 210.949, 1.00816, 6.95908, 4.79793, 27.2349, 1405.62, 55.6236, 0, 1233.3, 1.02035, 85.0771, 972.893, 0, 1.48511, 675.962, 0.44657, 3.50213, 0.856231, 233.857, 4.14349, 607.138, 45.6198, 0.405541, 0.980035, 0.996493, 916.076, 4.97311, 0, 0.942562, 0.939314, 0.830392, 1.53539, 26.796, 
n_nonzero: 89

Running time so far: 72.6731s

