n_tets: 36
relErr: 0.28826
Selected tets: 99, 89, 141, 93, 171, 185, 186, 65, 77, 57, 53, 2, 172, 119, 137, 18, 135, 168, 84, 194, 202, 101, 200, 14, 138, 107, 166, 155, 111, 198, 63, 189, 3, 72, 58, 203, 
Weights: 41.6424, 1.03753, 48.6053, 1.00585, 16.1971, 0.941197, 0.86844, 4.02057, 1.05362, 1.42356, 76.4004, 6.80854, 15.0166, 0.433097, 0.989516, 1.45249, 41.2416, 34.2411, 1.03878, 1.02121, 1.09454, 1.84959, 0.567122, 0.394306, 0.245767, 1.00322, 78.7294, 4.74321, 1.04218, 0.798262, 1.13052, 2.31802, 20.2391, 5.09571, 3.92997, 0.788505, 
n_nonzero: 36

