n_tets: 39
relErr: 0.528063
Selected tets: 25939, 699, 8335, 12763, 14231, 4944, 1622, 18088, 45004, 33142, 17824, 26526, 34964, 29197, 41971, 4088, 9429, 28182, 37261, 22357, 32934, 24473, 44764, 29504, 14031, 10997, 2671, 39876, 22778, 17576, 37292, 27223, 35427, 992, 44953, 24904, 3681, 38672, 1548, 
Weights: 3984.26, 4552.47, 4401.97, 2231.54, 1.27454, 3136.18, 0.715253, 4574.16, 125.088, 4.38404, 0.96471, 1.28418, 5.64649, 2952.56, 6.7417, 8.79843, 66.234, 7203.73, 5.14308, 1.55466, 2021.48, 3.56057, 26.0686, 165.769, 0, 198.168, 2854.8, 425.688, 0, 0.0554351, 0, 1.09377, 988.475, 41.0651, 0.935766, 53.9507, 1.08486, 10.7813, 12.3441, 
n_nonzero: 36

Running time so far: 24.5428s

