n_tets: 68
relErr: 0.156122
Selected tets: 995, 6736, 3302, 3987, 3394, 5919, 5053, 3766, 4748, 2193, 2122, 6506, 5764, 1865, 4146, 1481, 7325, 7320, 3959, 6094, 983, 4455, 1823, 6731, 3811, 2352, 488, 6772, 7227, 66, 6257, 6007, 3897, 2837, 6381, 2097, 2003, 2113, 6822, 854, 5717, 2379, 5482, 929, 4260, 5442, 5647, 3953, 7480, 3285, 2645, 3423, 7447, 205, 7291, 3554, 1134, 5283, 2773, 7449, 4780, 2781, 2964, 1828, 1942, 5356, 7446, 2662, 
Weights: 888.172, 211.951, 155.119, 170.191, 174.885, 448.238, 86.7354, 397.308, 398.998, 126.559, 127.2, 797.003, 63.6546, 151.215, 42.1123, 80.6958, 1.0794, 0.924159, 82.9132, 110.677, 113.516, 0.682019, 0, 634.158, 89.6707, 1.01037, 1.02318, 310.919, 16.095, 280.899, 33.0159, 125.969, 24.834, 1.62262, 283.344, 1.01583, 0.999959, 23.4456, 31.2332, 206.626, 1.05642, 1.37487, 0.2632, 0.998859, 188.311, 0.98826, 0.994199, 1.26127, 0.675666, 0.985281, 216, 301.51, 0.934115, 0.970073, 51.9945, 5.10887, 364.659, 1.02179, 127.981, 0.468455, 206.473, 0.995725, 73.7942, 72.3311, 2.77429, 10.8861, 3.19065, 1.00343, 
n_nonzero: 67

