n_tets: 99
relErr: 0.372845
Selected tets: 32562, 42675, 7400, 38757, 28732, 43879, 34020, 14663, 14859, 42759, 22443, 10634, 5978, 37804, 28795, 28803, 32402, 41971, 29320, 20127, 20195, 11336, 44942, 27216, 22250, 1961, 39019, 20950, 16309, 24941, 28091, 39255, 43258, 1820, 33980, 29553, 38698, 38867, 4042, 8391, 31826, 7766, 16138, 3845, 43883, 2979, 24124, 29217, 10435, 21177, 4725, 20125, 17790, 22361, 19515, 36163, 28351, 29877, 21975, 13782, 29410, 18013, 10363, 4301, 8559, 33077, 16720, 37321, 12683, 5310, 10419, 1617, 8545, 39181, 19418, 34555, 18584, 44231, 1634, 2543, 15819, 38626, 28706, 19861, 19504, 38079, 24500, 34060, 33978, 25061, 12813, 42805, 38847, 24400, 43881, 44735, 15828, 26515, 9529, 
Weights: 2742.73, 7729.13, 1039.92, 1.14194, 3866.21, 14.096, 119.418, 0.998075, 2.39362, 0, 64.401, 2744.98, 1519.49, 1.14975, 0.842008, 63.4638, 408.564, 23.1121, 0, 0, 0, 0.514264, 0, 424.741, 2616.72, 1.58393, 0.916397, 432.597, 1.75356, 876.286, 1819.24, 0, 0, 1.07388, 2.9081, 546.218, 0.936986, 0.0806363, 416.916, 1.13214, 170.188, 3.34396, 0, 2984.6, 0.57798, 7.26874, 269.616, 0.834516, 60.1607, 1223.01, 27.8235, 0.998511, 2.2712, 0, 13.6929, 5.58474, 438.28, 0, 26.6453, 0, 0, 973.716, 981.422, 34.8009, 169.804, 0.969566, 0.961574, 0, 0.656752, 8.3131, 0, 33.0949, 2.23118, 75.239, 1350.9, 1503.16, 0, 67.9971, 1878.48, 0, 1120.32, 0.983006, 0, 0, 391.698, 3496.4, 583.799, 101.537, 147.291, 22.859, 1.61422, 0, 0.0656226, 0, 1.00435, 1069.69, 951.417, 0.763843, 0.968999, 
n_nonzero: 79

Running time so far: 57.6525s

