n_tets: 38
relErr: 0.377954
Selected tets: 995, 6736, 3302, 3987, 3394, 5919, 5053, 3766, 4748, 2193, 2122, 6506, 5764, 1865, 4146, 1481, 7325, 7320, 3959, 6094, 983, 4455, 1823, 6731, 3811, 2352, 488, 6772, 7227, 66, 6257, 6007, 3897, 2837, 6381, 2097, 2003, 2113, 
Weights: 927.192, 306.02, 321.261, 112.828, 105.496, 475.774, 78.4891, 1029.29, 462.99, 274.843, 107.911, 713.635, 100.4, 243.098, 124.133, 232.486, 0.53319, 0.911191, 164.135, 140.356, 185.354, 0.570299, 153.561, 589.036, 125.062, 1.01225, 1.01321, 375.278, 14.1446, 559.473, 59.4422, 103.288, 22.5416, 2.58382, 233.239, 1.13415, 0.993858, 115.538, 
n_nonzero: 38

