n_tets: 96
relErr: 0.123549
Selected tets: 51214, 33828, 1062, 17144, 34560, 57384, 71719, 24860, 79148, 18752, 26715, 54341, 55661, 18058, 79674, 58394, 47832, 65101, 75225, 78581, 38437, 11094, 31923, 65333, 25095, 40130, 52248, 14997, 55192, 55830, 47691, 20698, 60654, 45641, 58865, 6073, 6794, 65212, 50539, 8071, 42782, 6772, 53911, 40232, 61256, 1986, 27703, 1391, 9638, 22689, 60071, 57016, 31921, 26997, 30552, 60817, 40724, 7835, 41435, 40134, 5965, 55309, 16488, 75871, 33069, 59263, 79183, 47310, 65841, 43200, 16312, 77670, 5000, 2555, 33050, 19673, 43048, 4752, 10977, 41150, 66780, 34082, 28668, 46052, 29236, 79852, 6774, 24248, 65126, 40068, 76084, 42294, 2944, 71310, 78538, 42987, 
Weights: 428.605, 0, 0, 1790.85, 1755.28, 0, 0, 0, 0, 0, 358.766, 0, 0, 0, 548.549, 0, 0, 8134.95, 3706.57, 1198.06, 0, 0, 1.09723, 4105.03, 0, 0, 0, 0, 219.697, 4686.66, 3270.48, 383.55, 0, 7668.81, 0, 0, 3965.79, 2.97582, 0, 2622.15, 0, 94.4687, 0, 0, 0, 0, 0, 0, 0, 0, 30.3152, 0, 0, 0, 55.121, 2930.57, 0, 0, 691.853, 0, 735.342, 4372.1, 1714.66, 0, 0, 0, 5808.05, 0, 0, 0, 927.023, 70.1161, 1163.17, 189.15, 0, 0, 936.949, 0, 6215.32, 0, 0, 0, 2022.35, 0, 11393.5, 0, 774.246, 2789.16, 0, 0.42307, 0.909912, 0, 0, 0, 0, 1584.28, 
n_nonzero: 40

Running time so far: 66.3639s

