n_tets: 19
relErr: 0.820436
Selected tets: 124375, 109225, 128391, 134415, 59101, 71726, 162993, 137162, 72274, 67506, 96731, 116739, 86123, 80435, 46542, 75932, 22431, 64178, 89393, 
Weights: 9775.73, 7102.74, 1660.62, 637.932, 4061.11, 6364.83, 28081.6, 31714.7, 4182.98, 8076.94, 2160.07, 13340, 897.41, 2251.15, 1.04368, 976939, 87.1433, 2719.21, 2.38493, 
n_nonzero: 19

Running time so far: 105.035s

