n_tets: 180
relErr: 0.145707
Selected tets: 11653, 17340, 29124, 23576, 14512, 19181, 26439, 14755, 7643, 20581, 27376, 9208, 22436, 17370, 29530, 12686, 9765, 5093, 27829, 5223, 10587, 2282, 28753, 4945, 11956, 10685, 27251, 12253, 14924, 23185, 4460, 21799, 19166, 25112, 6928, 19480, 3092, 14022, 13107, 26027, 22837, 24849, 10400, 3918, 14873, 8521, 25376, 16928, 21411, 12601, 15774, 17871, 16874, 12159, 211, 14017, 13163, 9065, 1531, 2956, 17173, 3391, 5773, 4144, 21586, 2015, 4242, 10516, 3130, 9781, 17745, 21040, 4087, 6192, 18687, 12445, 18806, 18181, 18118, 29685, 25223, 29272, 14235, 13331, 14252, 7433, 4876, 27465, 26924, 24111, 15127, 12545, 1301, 12638, 17226, 27963, 13006, 8509, 4076, 4090, 17307, 29291, 13065, 25831, 13257, 13249, 11066, 17692, 8294, 22721, 58, 16989, 21930, 4862, 19164, 12648, 19562, 21931, 13189, 17545, 21566, 26415, 4158, 3086, 11038, 3042, 25613, 20749, 6798, 3708, 13372, 7471, 1543, 28971, 27681, 20835, 17875, 24336, 41, 6697, 6692, 13255, 24075, 4099, 2562, 1210, 2438, 4138, 5887, 20612, 28775, 29564, 9209, 19028, 18599, 26770, 14870, 2871, 8964, 23758, 2988, 15131, 18547, 25219, 3468, 12293, 2092, 9272, 13333, 7319, 3212, 7494, 24074, 25468, 22122, 4379, 247, 6064, 4978, 10886, 
Weights: 867.009, 0, 0, 0, 0, 12.254, 0, 0, 0, 3.5675, 0, 1.11881, 0, 962.199, 0.219213, 39.2706, 85.5949, 0, 1.94636, 0, 0, 0, 0, 1.55418, 0.291165, 0, 0.993747, 0, 0, 0, 0, 1.05463, 0.970394, 34.8406, 0, 38.6734, 0, 74.4063, 0, 0, 88.8772, 32.6135, 0.977243, 283.464, 1036.08, 0.47529, 0, 0, 59.0698, 2.9764, 0, 0, 416.1, 0, 1.05255, 0, 0, 0, 1503, 762.082, 1675.15, 0, 0, 0, 0.702444, 2858.64, 0.661431, 393.221, 544.045, 0, 256.943, 0.511396, 0.955062, 470.155, 0, 0, 0, 1.21737, 1.61293, 0, 41.6114, 2.14562, 0, 1.12602, 3.88966, 101.445, 0, 0, 0, 30.0967, 24.2133, 0, 0, 0, 416.063, 0, 9.05612, 50.5239, 0, 0.87204, 231.274, 0.326777, 0.980082, 0, 340.314, 686.2, 0, 0, 1.44183, 68.2065, 0, 446.598, 0, 2469.79, 2.76292, 0, 8.76501, 0, 0, 1180.04, 42.7965, 0, 1631.62, 0, 0, 0.772667, 2.54114, 1063.97, 12.3335, 0, 2047.84, 5.74672, 0.864706, 930.767, 1139.66, 0, 0.996921, 0, 201.624, 607.856, 2.70683, 1498.39, 0, 0.799822, 0.682686, 0, 0, 0, 0, 721.298, 10.2586, 1.04772, 1.02013, 1.36118, 0, 0, 0.748506, 755.072, 11.1361, 500.472, 1.22774, 929.303, 6.05082, 137.439, 0, 0, 121.65, 51.3771, 0.949608, 0, 0, 681.447, 173.999, 0, 169.549, 731.406, 0, 1.27725, 0, 0, 
n_nonzero: 103

Running time so far: 268.207s

