n_tets: 155
relErr: 0.143865
Selected tets: 10627, 18711, 3267, 3330, 20119, 42460, 24063, 44641, 18271, 7005, 34905, 26526, 31186, 41800, 11439, 8472, 11381, 32955, 38458, 30908, 29783, 37525, 31135, 29877, 23963, 2985, 40461, 3178, 4873, 7354, 38196, 28967, 28129, 20028, 27914, 11673, 35294, 14390, 7435, 31416, 19641, 17393, 14017, 26739, 14692, 42438, 6696, 27940, 560, 9096, 25457, 14260, 22491, 35862, 14184, 2722, 1031, 36486, 784, 16052, 20446, 21175, 39842, 13027, 41911, 16997, 25208, 21730, 7771, 11937, 18292, 18909, 28389, 26485, 3512, 3206, 28349, 35183, 11548, 23703, 35425, 12279, 25535, 17061, 31087, 28695, 1373, 39978, 15365, 40422, 12458, 24893, 37672, 24511, 41057, 38250, 24616, 16302, 17907, 17341, 22257, 18038, 12342, 30469, 18913, 32809, 39177, 24689, 10871, 15596, 39732, 38186, 12614, 115, 4052, 41411, 24715, 12259, 9533, 17585, 16205, 29136, 16691, 24698, 14778, 3365, 5578, 29832, 38302, 37575, 38416, 2559, 35627, 20422, 5939, 44910, 37709, 2353, 7749, 14837, 17984, 37481, 20557, 38892, 30846, 7631, 13693, 38877, 13796, 868, 30352, 13070, 20994, 10622, 39509, 
Weights: 0, 0, 0, 0, 998.146, 0, 0, 0, 0, 0, 161.473, 0, 0, 0, 0, 0, 0, 0, 0, 0, 0, 0, 0, 0, 0, 0, 0, 0, 319.993, 0, 0, 0, 0, 0, 0, 0, 0, 0, 0, 0, 0, 0, 0, 0, 0, 0, 0, 0, 0, 0, 0, 4672.72, 0, 0, 0, 0, 0, 0, 0.735077, 0, 4427.96, 0, 0, 0, 0, 0, 0, 0, 1845.11, 0, 0, 0, 2071.86, 0, 0, 2242.77, 2571.29, 0, 0, 0, 142.435, 0, 0, 0, 0, 4288.82, 0, 0, 0, 1096.93, 0, 0, 0, 0, 0, 0, 14230.6, 0, 0, 0, 2083.66, 0, 832.196, 229.79, 0, 0, 0, 0, 0, 0, 0, 0, 175.756, 0, 0, 2409.72, 0, 495.649, 58.9967, 0, 5155.86, 0, 0, 0, 2599.07, 9975.6, 0, 0, 2459.96, 0, 925.322, 412.423, 0, 0, 1407.08, 598.048, 0, 0, 0, 0, 778.285, 0, 0, 454.175, 0, 1123.38, 0, 0, 0, 0, 369.204, 0, 0, 0, 0, 
n_nonzero: 33

Running time so far: 127.83s

