n_tets: 247
relErr: 0.474831
Selected tets: 25939, 699, 8335, 12763, 14231, 4944, 1622, 18088, 45004, 33142, 17824, 26526, 34964, 29197, 41971, 4088, 9429, 28182, 37261, 22357, 32934, 24473, 44764, 29504, 14031, 10997, 2671, 39876, 22778, 17576, 37292, 27223, 35427, 992, 44953, 24904, 3681, 38672, 1548, 31816, 41017, 24340, 43890, 37493, 13703, 2979, 44748, 25368, 42705, 17570, 44816, 26508, 35141, 37485, 10559, 29550, 11894, 42687, 14294, 10567, 44291, 3093, 36649, 31115, 10652, 27915, 12262, 13861, 21682, 8391, 32080, 39501, 15389, 22564, 6641, 44226, 9963, 21658, 15930, 30067, 3006, 21196, 13786, 12178, 10960, 16308, 20405, 29476, 21551, 39865, 22699, 11408, 2945, 9729, 25223, 6191, 26836, 21676, 4089, 30066, 43910, 36640, 972, 29098, 14460, 18208, 21553, 21568, 32237, 17740, 36645, 12078, 29904, 10553, 4052, 21657, 11683, 43884, 31408, 10555, 3311, 39925, 3361, 19374, 44196, 21653, 7316, 44751, 4814, 10744, 44907, 19750, 5691, 44610, 20952, 18420, 16029, 1067, 42018, 7042, 18157, 37476, 24761, 22356, 29787, 21459, 39190, 42950, 37879, 34345, 17813, 5267, 2719, 6614, 4734, 38635, 44725, 33165, 10223, 2802, 42722, 21635, 11445, 38627, 5051, 3162, 3682, 8151, 13198, 44638, 45123, 22442, 17577, 5566, 42694, 503, 24416, 15833, 34961, 14583, 37358, 15224, 17815, 29472, 11315, 11928, 10226, 19391, 9876, 39238, 4583, 25645, 1339, 34958, 44906, 18854, 764, 24373, 20931, 14578, 42706, 32860, 38805, 16734, 391, 17681, 31757, 18153, 7951, 26914, 28369, 16899, 41310, 22468, 11388, 13483, 9968, 23486, 5811, 38797, 19507, 42693, 13062, 16511, 32235, 6922, 24432, 37218, 35500, 28645, 10557, 33845, 29181, 11509, 6339, 41353, 11391, 22368, 23187, 389, 37426, 38747, 25479, 29317, 26965, 3973, 20125, 
Weights: 2556.01, 1787.35, 1893.64, 1584.32, 1.51606, 951.735, 0.736096, 2087.85, 104.939, 4.24222, 0.913672, 1.297, 5.10613, 833.238, 8.45088, 12.7132, 62.192, 0, 4.60791, 1.23413, 3346.81, 4.42578, 0, 0, 0, 209.579, 1869.92, 387.116, 0, 0.143946, 0, 1.3043, 772.455, 39.9741, 0.955068, 59.9533, 1.07721, 0, 9.93591, 498.22, 6.02246, 23.5544, 0, 0, 0, 1.08511, 0, 0, 0.801922, 3.42816, 0, 0, 0.990508, 0, 0.945135, 6.11075, 2.18751, 0, 0.664436, 0, 1.40253, 0, 26.5223, 1105.24, 8.01373, 606.943, 11.2444, 0, 18.6192, 0.327383, 0, 0.891955, 1.7869, 0.986564, 0, 0, 5.95435, 0.305049, 0.918969, 0, 12.0799, 7.39684, 3.748, 0.394293, 1.00845, 84.9422, 0, 4.66898, 0, 78.6348, 23.3001, 1.16602, 16.972, 52.6555, 15.8425, 41.273, 0, 3.16011, 9.08234, 0, 578.997, 632.533, 1.01192, 3.9392, 0.994472, 0, 8.56511, 4.59298, 0, 0, 0, 618.059, 1.22914, 0, 0, 0.228777, 1.03423, 0.606629, 0, 1885.62, 0, 0, 0, 38.8425, 2.11393, 1.50255, 0, 0, 0.978641, 4.89808, 26.6224, 1062.12, 1.09845, 1.32132, 0, 452.85, 347.263, 1225.73, 0, 44.7698, 239.054, 0, 0, 3.68943, 108.716, 242.569, 1.04835, 408.805, 34.3528, 0, 1.00834, 0.931316, 3239.2, 167.249, 2.79453, 1.15634, 0.695368, 0, 1.60904, 0.0515232, 128.329, 40.7593, 0.987742, 0, 0.988963, 1.48823, 0.488007, 0.663463, 6.27062, 1.0662, 64.9098, 828.9, 0.917748, 0, 0, 1.99146, 291.792, 0, 18.3431, 0.776407, 13.7759, 1.47044, 1.1215, 1.78424, 0, 0, 0.00340045, 103.365, 0, 0, 42.2563, 906.544, 3.5709, 54.215, 0, 1.00369, 616.181, 10.9606, 13.0668, 0, 0, 0, 0, 1051.53, 532.382, 0.898367, 0, 0.798708, 1.59267, 1.02415, 5.05016, 0, 43.1152, 0, 0.964836, 0, 5.77987, 0.463118, 513.896, 0.269667, 1511.01, 2.15418, 4.25529, 282.662, 21.2822, 38.7012, 2.02108, 5.30546, 3.44844, 0, 0.494355, 1154.88, 2.5304, 17.2771, 0.915858, 873.281, 37.5362, 8.89434, 0, 170.153, 1.1392, 0, 3.70176, 0, 12.8057, 0.534347, 0, 
n_nonzero: 180

Running time so far: 145.874s

