n_tets: 132
relErr: 0.0603244
Selected tets: 13986, 9874, 28312, 13284, 1214, 27342, 6233, 24777, 25350, 11692, 1312, 15251, 11970, 6638, 15836, 26177, 12232, 22738, 4998, 19909, 19835, 19799, 18800, 1088, 9388, 8792, 10521, 18579, 21869, 15721, 6623, 9788, 186, 26553, 20056, 12458, 20950, 21067, 20597, 24495, 27104, 6222, 215, 3129, 4136, 8521, 23166, 15194, 25355, 2064, 2824, 7633, 5419, 1906, 17492, 17558, 1541, 191, 20393, 11877, 24089, 7382, 27757, 10960, 21177, 9228, 11678, 14312, 13939, 5052, 4979, 13407, 22993, 20059, 21061, 17591, 18961, 24762, 19733, 8776, 21175, 19188, 4395, 18922, 17562, 8507, 21683, 13200, 21730, 7716, 4176, 16017, 12656, 29389, 2291, 10248, 22502, 16225, 24080, 4511, 10807, 9106, 23911, 9840, 25841, 5362, 28931, 256, 3857, 23843, 15303, 24964, 723, 22646, 3114, 1210, 24852, 29425, 6932, 14520, 11434, 21181, 12534, 293, 21755, 22435, 17221, 17785, 14797, 29482, 22609, 8294, 
Weights: 399.208, 0, 984.765, 38.1203, 0, 107.577, 553.228, 2056.38, 641, 0, 2080.47, 0, 169.332, 0, 226.991, 85.2525, 34.5177, 7.24735, 215.241, 0, 69.3097, 0, 0, 0, 0, 255.982, 54.0723, 72.0717, 203.51, 1060.71, 0, 596.949, 0, 101.691, 0, 0, 1177.7, 12.4446, 33.0128, 671.012, 35.3394, 3025.33, 0, 50.3926, 8.56449, 162.933, 5.51628, 652.124, 393.082, 101.341, 0, 472.965, 93.4707, 0, 0, 0, 0, 343.116, 0, 549.014, 178.546, 352.883, 334.143, 55.4849, 1.46882, 12.5176, 559.846, 158.075, 0, 285.777, 0, 183.001, 226.272, 377.101, 249.109, 0, 439.415, 759.837, 54.5843, 0, 0, 375.634, 0, 608.729, 2217.48, 4.81175, 231.677, 70.0267, 172.724, 0, 0, 609.269, 601.083, 0, 0, 709.86, 0, 0, 4.22672, 1458.41, 5.80002, 1193.35, 255.95, 266.374, 0, 1035.41, 267.332, 190.092, 190.159, 346.103, 0, 0, 0, 137.335, 192.546, 73.3526, 0, 1678.3, 0, 121.284, 79.3666, 21.8894, 86.2073, 222.435, 0, 6101.14, 106.051, 217.023, 0, 0, 64.2624, 0, 
n_nonzero: 89

Running time so far: 29.9414s

