n_tets: 100
relErr: 0.512078
Selected tets: 1842, 1597, 1136, 1224, 452, 822, 1277, 1021, 1856, 1431, 1326, 1875, 1870, 1851, 345, 1428, 475, 146, 405, 1311, 292, 520, 1854, 1332, 427, 731, 489, 1198, 50, 262, 363, 252, 1206, 955, 462, 435, 59, 874, 21, 246, 1652, 1143, 1790, 593, 559, 1457, 1627, 880, 849, 30, 1051, 455, 619, 281, 1638, 1583, 1341, 1102, 1503, 1210, 108, 504, 1159, 238, 682, 1427, 848, 5, 1194, 536, 529, 697, 881, 840, 1454, 1977, 1319, 638, 609, 1490, 1446, 502, 1578, 1868, 1761, 1628, 1351, 305, 447, 1392, 534, 1535, 198, 1032, 853, 1775, 949, 432, 36, 1926, 
Weights: 179.614, 170.52, 554.891, 0.40001, 1.00255, 0.992028, 77.0491, 1.06861, 0.924761, 1.04027, 327.719, 0.981454, 1.91326, 0, 1.94672, 1.25029, 1.24114, 0.797026, 0.882407, 0.93979, 17.7568, 0.986298, 1.11613, 0.788392, 0.906867, 1.82733, 0.892942, 0.998597, 1.32152, 0.951399, 1.36386, 0.994741, 1.0313, 0.883049, 1.09251, 0.955862, 1.07665, 0.977227, 0.910921, 1.02997, 415.269, 0.951273, 175.325, 4.42552, 0, 16.3702, 1.03112, 1.71373, 0.757358, 0.553946, 1.01636, 0.95033, 1.01514, 0.365527, 0.973693, 1.05867, 0.828605, 0.927755, 1.09703, 1.2644, 1.51165, 1.51757, 0.49956, 0.895178, 0.709229, 0.728059, 10.4825, 0.971348, 1.04353, 1.07527, 0.995413, 1.7807, 1.13279, 1.08635, 1.00432, 1.32429, 1.22014, 0.898842, 1.05947, 1.11232, 60.7796, 0.960987, 0.74075, 0.894545, 1.05007, 0.853047, 24.6916, 1.07666, 0, 1.05967, 1.01856, 1.0187, 11.0904, 1.02644, 71.03, 0.941091, 0.721084, 1.12883, 0.738087, 2.87148, 
n_nonzero: 97

