n_tets: 10
relErr: 0.732379
Selected tets: 1842, 1597, 1136, 1224, 452, 822, 1277, 1021, 1856, 1431, 
Weights: 384.215, 512.756, 1250.84, 0.640789, 1.39777, 0.253596, 135.591, 1.29391, 0.816789, 1.01878, 
n_nonzero: 10

