n_tets: 100
relErr: 0.20649
Selected tets: 13417, 13808, 28312, 14069, 12972, 8258, 18944, 8070, 481, 15775, 21730, 13395, 25325, 4033, 14210, 4406, 28758, 3292, 10851, 23758, 19900, 6591, 14973, 28694, 28842, 9171, 13131, 19233, 2668, 27964, 22780, 12583, 186, 25112, 5552, 2931, 25758, 2253, 27971, 14506, 13058, 21692, 6449, 11962, 5801, 25739, 11593, 17718, 14157, 5185, 24834, 6697, 808, 12454, 12031, 26393, 5141, 24502, 13201, 4846, 19037, 8572, 1861, 12, 22228, 2107, 7838, 15856, 22491, 12004, 21868, 27114, 6553, 20202, 1249, 28810, 6927, 18163, 24785, 20221, 6437, 16292, 20597, 22441, 14252, 20058, 29515, 13200, 15779, 4090, 8983, 4014, 24556, 4929, 3052, 3549, 21881, 9319, 1421, 11924, 
Weights: 265.788, 976.241, 1155.47, 367.567, 672.636, 2235.25, 217.802, 339.096, 1057.12, 1.02796, 73.4945, 154.195, 275.669, 0, 4552.02, 467.425, 83.7483, 344.182, 2065.17, 771.644, 346.442, 180.438, 15.5441, 657.681, 561.763, 369.894, 202.768, 0, 149.627, 1151.06, 742.154, 67.1144, 740.89, 287.732, 555.494, 10.2169, 67.0571, 252.994, 0.80161, 253.833, 1.00905, 0.993877, 333.225, 22.4755, 567.403, 575.45, 100.35, 151.804, 23.024, 312.927, 0, 139.287, 41.4206, 941.214, 331.066, 8822.01, 1739.4, 335.836, 508.737, 46.0882, 0.819445, 123.225, 1.18789, 0.662058, 335.489, 480.464, 249.279, 766.793, 275.942, 3.0391, 95.3314, 456.659, 150.146, 517.895, 390.707, 1461.51, 0, 0, 0, 99.8445, 102.997, 216.273, 55.674, 0, 121.209, 1.08781, 115.332, 1.73678, 1.10062, 29.4524, 129.062, 0, 83.7791, 0, 49.3502, 87.4651, 1.39492, 112.691, 0.905201, 177.744, 
n_nonzero: 91

Running time so far: 33.3224s

