n_tets: 40
relErr: 0.241428
Selected tets: 99, 200, 141, 89, 164, 116, 93, 2, 77, 197, 63, 44, 194, 119, 185, 65, 18, 137, 145, 135, 169, 202, 186, 198, 172, 155, 25, 184, 138, 57, 189, 111, 146, 84, 123, 191, 118, 193, 127, 167, 
Weights: 42.3621, 0.995848, 20.5737, 1.00673, 31.6297, 1.58073, 1.0963, 0.993401, 1.03074, 1.44913, 1.17866, 0.696137, 0.944081, 0.473244, 0.969235, 2.65565, 9.82986, 1.07048, 61.2716, 30.0277, 110.976, 15.3286, 0.807634, 0.754858, 7.60614, 3.17016, 1.84325, 0, 0.435702, 1.22675, 10.0972, 0.471879, 7.68061, 3.78745, 4.84193, 6.28505, 7.22621, 0.401546, 9.32985, 7.40083, 
n_nonzero: 39

