n_tets: 77
relErr: 0.150767
Selected tets: 995, 6736, 3302, 3987, 3394, 5919, 5053, 3766, 4748, 2193, 2122, 6506, 5764, 1865, 4146, 1481, 7325, 7320, 3959, 6094, 983, 4455, 1823, 6731, 3811, 2352, 488, 6772, 7227, 66, 6257, 6007, 3897, 2837, 6381, 2097, 2003, 2113, 6822, 854, 5717, 2379, 5482, 929, 4260, 5442, 5647, 3953, 7480, 3285, 2645, 3423, 7447, 205, 7291, 3554, 1134, 5283, 2773, 7449, 4780, 2781, 2964, 1828, 1942, 5356, 7446, 2662, 7378, 1587, 757, 3561, 5450, 489, 7483, 2988, 2756, 
Weights: 821.718, 322.102, 84.8824, 161.294, 118.156, 363.389, 42.2935, 209.689, 383.274, 79.0632, 73.6123, 769.687, 78.2481, 124.429, 51.4289, 54.5055, 1.08158, 0.927372, 85.0873, 113.622, 80.1597, 0.680535, 40.2765, 495.122, 100.226, 1.00764, 1.05096, 270.66, 16.36, 164.607, 35.7532, 135.069, 23.9468, 1.92152, 331.668, 1.00072, 1.0383, 19.9249, 25.2124, 165.772, 1.05756, 1.38158, 0.365808, 1.0024, 236.08, 0.986723, 0.996, 0.948803, 0.728515, 0.985397, 201.284, 245.279, 0.958734, 0.960796, 72.3471, 4.6036, 508.715, 1.02398, 51.8599, 0.456947, 258.485, 0.994479, 92.0373, 78.2521, 2.65646, 10.4045, 3.35025, 1.00394, 128.195, 99.4379, 11.0947, 1.2936, 1.19741, 184.115, 10.3238, 0.924832, 99.068, 
n_nonzero: 77

