n_tets: 53
relErr: 0.347249
Selected tets: 995, 6736, 3302, 3987, 3394, 5919, 5053, 3766, 4748, 2193, 2122, 6506, 5764, 1865, 4146, 1481, 7325, 7320, 3959, 6094, 983, 4455, 1823, 6731, 3811, 2352, 488, 6772, 7227, 66, 6257, 6007, 3897, 2837, 6381, 2097, 2003, 2113, 6822, 854, 5717, 2379, 5482, 929, 4260, 5442, 5647, 3953, 7480, 3285, 2645, 3423, 7447, 
Weights: 900.137, 277.932, 219.95, 156.288, 181.231, 493.015, 98.5405, 843.581, 385.491, 62.5247, 200.37, 847.816, 68.4201, 172.824, 86.8052, 206.313, 1.08085, 0.927003, 67.4759, 104.235, 159.341, 0.683586, 0, 646.543, 123.544, 1.03783, 1.01542, 267.414, 16.1718, 210.213, 33.7445, 103.321, 21.4207, 2.32548, 357.092, 1.06846, 1.01539, 116.642, 22.1343, 181.715, 1.0636, 1.36805, 1.17247, 0.981615, 280.949, 0.964697, 0.99938, 3.76469, 0.793213, 0.995325, 391.309, 350.91, 0.922815, 
n_nonzero: 52

