n_tets: 162
relErr: 0.0641855
Selected tets: 19769, 26370, 25715, 13923, 23203, 22574, 27025, 9146, 28769, 8502, 10745, 18639, 29465, 21592, 5495, 3716, 21991, 3083, 27733, 23928, 27103, 20392, 19595, 9764, 18971, 27882, 12327, 19555, 5285, 18949, 4172, 29299, 13223, 12721, 6078, 28816, 1404, 7754, 12744, 9846, 27990, 17874, 19028, 20877, 10754, 1537, 27514, 15823, 14157, 4354, 2824, 27159, 29186, 9490, 11045, 23341, 5609, 15235, 8071, 20229, 22980, 8572, 21788, 12363, 2402, 10973, 27416, 2289, 22727, 22722, 24552, 18922, 4087, 17761, 18891, 14988, 18731, 20598, 17718, 1415, 6437, 815, 7470, 5543, 12533, 20058, 17875, 13200, 8254, 4561, 12186, 7344, 22465, 27460, 23148, 6472, 22767, 18168, 26850, 4090, 23238, 23021, 17148, 3607, 26409, 12910, 11066, 15696, 3086, 5783, 37, 15624, 11602, 6015, 18991, 13408, 7454, 29075, 19394, 3034, 12117, 21181, 17621, 5200, 21755, 1244, 5797, 32, 6497, 14451, 8691, 11659, 6548, 18733, 24134, 3867, 21930, 24583, 41, 25843, 19617, 2188, 21088, 20615, 2562, 19164, 23762, 19722, 11924, 23082, 7590, 9315, 24075, 11285, 29137, 7377, 11051, 6227, 27439, 6210, 21627, 7228, 
Weights: 1537.67, 1054.89, 1340.13, 0, 78.0767, 284.994, 0, 274.455, 771.462, 407.522, 169.703, 0, 0, 0, 299.873, 76.2888, 0, 18.3045, 0, 105.433, 0, 0, 0, 146.873, 467.906, 0, 345.426, 71.0009, 0, 425.434, 525.076, 118.238, 344.73, 0, 405.897, 0, 270.546, 832.753, 281.692, 366.186, 1133.65, 0, 0, 692.927, 0, 62.1454, 0, 0, 22.1105, 68.0562, 64.0197, 515.682, 269.974, 414.725, 426.679, 0, 19.2506, 15.9558, 11.5767, 43.3093, 191.919, 0, 0, 23.985, 0, 161.974, 0, 0, 0, 0, 183.28, 1255.55, 0.971585, 0, 0, 0, 110.196, 0, 128.902, 124.497, 0, 239.297, 0, 0, 0, 68.5265, 0.844246, 42.7172, 153.025, 276.473, 501.371, 0, 948.639, 428.312, 0, 125.664, 994.284, 0, 0, 0.957498, 0, 0, 0, 152.663, 0, 686.982, 221.01, 1601.49, 0, 0, 236.002, 123.577, 0, 62.1598, 114.941, 0, 0, 252.767, 148.625, 162.004, 0, 0, 932.78, 62.8615, 0, 21.7845, 797.854, 59.0188, 13.3, 39.1476, 327.607, 1258.19, 0, 23.6218, 29.2674, 622.046, 3.30228, 32.8874, 0, 148.941, 217.575, 0, 0, 30.8803, 187.026, 58.1279, 0, 0, 82.053, 582.302, 0, 74.7255, 0, 656.374, 0, 279.876, 150.34, 0, 128.627, 0, 0, 393.861, 
n_nonzero: 99

Running time so far: 76.0152s

