n_tets: 190
relErr: 0.325566
Selected tets: 32562, 2811, 43286, 18384, 24071, 43879, 16774, 30220, 11939, 42759, 7052, 32003, 35144, 42003, 33866, 29492, 8491, 24035, 42965, 39954, 22963, 4138, 31870, 3748, 12100, 37253, 43894, 39169, 3981, 8750, 28805, 7987, 34335, 1820, 3010, 14249, 41973, 33171, 1548, 5577, 44247, 15450, 16138, 30782, 15187, 2979, 15401, 42531, 22322, 39851, 12243, 20125, 42722, 36310, 10559, 17140, 2881, 18193, 35613, 6158, 14859, 20282, 1614, 20754, 22402, 21249, 44411, 37958, 12145, 31817, 27313, 1617, 8545, 42402, 2808, 34094, 17166, 22361, 20239, 23424, 25091, 3675, 44291, 41901, 22443, 43847, 36484, 32063, 21164, 23010, 44985, 22568, 29135, 16786, 15437, 31085, 15828, 20995, 8104, 29493, 19856, 34505, 8800, 31818, 41983, 22293, 38968, 41986, 38872, 13502, 13860, 9257, 15863, 35680, 13784, 23461, 13783, 22357, 34425, 4284, 44199, 1355, 31852, 39840, 21645, 10464, 44233, 43420, 5461, 18026, 12209, 36115, 3532, 39899, 1076, 44183, 27903, 38853, 29495, 23371, 4723, 14040, 6260, 41971, 3901, 20930, 30753, 44223, 42882, 27475, 18852, 7178, 11694, 20469, 7766, 7341, 15373, 38068, 32044, 32236, 9328, 15858, 4085, 23484, 310, 42311, 14263, 19369, 2382, 37423, 14447, 38754, 30837, 19854, 35495, 12085, 23553, 31828, 19012, 26974, 41990, 18853, 39167, 26374, 11315, 8391, 18714, 40986, 33727, 33142, 
Weights: 2144.16, 0, 63.0146, 0, 0, 1.2074, 4.25306, 3568.48, 0, 0, 0, 625.12, 290.326, 1.05063, 1.91781, 0.518853, 0, 462.485, 764.996, 1.34046, 85.0661, 0, 320.104, 1329.22, 1.57054, 0, 1.34548, 0.580433, 3987.58, 0, 0.810234, 0, 18.063, 1.01599, 87.5138, 0, 1.82635, 114.845, 86.86, 483.499, 32.158, 174.868, 2.0657, 291.648, 244.702, 0.993162, 725.862, 35.4201, 5.78458, 43.9563, 67.2168, 0, 0, 1841.31, 0, 0.934206, 25.4777, 885.924, 1.00547, 0, 0.81252, 206.636, 0, 0, 3.04333, 301.882, 3.01399, 1178.86, 60.7453, 0, 28.4549, 72.0503, 0.997899, 99.9007, 0, 7.6154, 219.255, 1.64132, 348.937, 8.9314, 1361.37, 0, 0, 2299.33, 0, 62.3731, 134.722, 96.0976, 811.889, 0, 1.35272, 26.1916, 0.707904, 812.653, 256.827, 0, 0, 220.131, 1003.79, 0, 0.989498, 0, 22.2375, 2.24865, 3.99337, 0, 139.762, 0.693027, 3.56674, 2.53844, 1.00854, 270.755, 5.30339, 21.0223, 0.965082, 14.2631, 2.83201, 14.2055, 0, 920.957, 13.0777, 0, 1.10192, 0, 360.706, 0, 0, 0, 0.949906, 6.02471, 1.24221, 0, 0, 0, 468.822, 0.884078, 0, 0, 998.267, 0, 1.03521, 0, 494.878, 1.47593, 0, 1.53572, 493.255, 10.5257, 2.36432, 989.851, 0.972949, 1.28085, 1421.33, 451.634, 5.50531, 0, 0, 131.247, 0, 0, 3.8539, 0.223137, 2.50876, 0.821634, 7.52005, 137.602, 0, 80.7968, 0, 0, 36.2858, 0, 7.19222, 0, 1022.75, 0, 0, 0, 564.231, 0, 2.23604, 0, 0, 39.9422, 2.40754, 0.603125, 587.08, 1.33846, 0.935982, 463.225, 
n_nonzero: 132

Running time so far: 121.002s

