n_tets: 121
relErr: 0.0885884
Selected tets: 995, 6736, 3302, 3987, 3394, 5919, 5053, 3766, 4748, 2193, 2122, 6506, 5764, 1865, 4146, 1481, 7325, 7320, 3959, 6094, 983, 4455, 1823, 6731, 3811, 2352, 488, 6772, 7227, 66, 6257, 6007, 3897, 2837, 6381, 2097, 2003, 2113, 6822, 854, 5717, 2379, 5482, 929, 4260, 5442, 5647, 3953, 7480, 3285, 2645, 3423, 7447, 205, 7291, 3554, 1134, 5283, 2773, 7449, 4780, 2781, 2964, 1828, 1942, 5356, 7446, 2662, 7378, 1587, 757, 3561, 5450, 489, 7483, 2988, 2756, 1944, 1782, 3087, 838, 1882, 3553, 198, 2212, 1505, 7445, 5823, 2668, 3188, 3426, 3122, 7048, 3326, 1443, 4753, 5652, 5492, 6283, 834, 3932, 1017, 847, 175, 7226, 3876, 6269, 2178, 1906, 2868, 5016, 4483, 4707, 5837, 6643, 2621, 4613, 2748, 2488, 4049, 7420, 
Weights: 607.005, 304.135, 59.8501, 144.642, 77.5095, 189.542, 6.26875, 0, 294.418, 54.9487, 13.9026, 591.886, 64.6176, 108.154, 78.0377, 0, 1.04394, 0.947284, 45.8249, 91.9042, 57.2416, 0.679056, 0, 301.687, 80.6789, 1.00464, 1.05982, 164.339, 13.7597, 195.227, 52.5001, 84.3114, 5.39896, 1.99756, 150.608, 1.00722, 1.05148, 33.4936, 5.53938, 152.299, 1.0134, 1.02077, 0.448663, 1.00704, 218.915, 0.990835, 0.997804, 1.30282, 0.44865, 0.993523, 246.803, 206.516, 0.974247, 0.987727, 13.3388, 4.90373, 455.895, 1.02296, 0, 0.925173, 360.473, 0.998708, 55.9839, 54.3632, 2.22573, 1.02867, 1.1893, 1.00261, 111.887, 148.805, 0, 6.62441, 1.17308, 230.042, 11.6046, 0.772017, 127.054, 0.565007, 0.9487, 0, 1.00538, 0.981686, 0, 0.375328, 84.8061, 257.882, 1.1031, 2.52187, 1.35153, 89.4658, 14.5034, 114.78, 11.9598, 219.654, 37.5542, 0, 0.402101, 0.984593, 29.6432, 2.12512, 125.784, 0, 306.622, 304.188, 4.71765, 0.968005, 54.9151, 1.00863, 0.700781, 0.789212, 0.84126, 0.639159, 129.11, 0.972526, 1.02193, 21.658, 39.1226, 0.989042, 1.69237, 1.02499, 15.3791, 
n_nonzero: 112

