n_tets: 7
relErr: 0.104099
Selected tets: 5051, 14243, 15979, 2849, 2048, 9521, 9, 
Weights: 6247.53, 939.963, 4834.79, 803.103, 1438.31, 940.556, 25572.7, 
n_nonzero: 7

Running time so far: 8.45401s

