n_tets: 220
relErr: 0.184795
Selected tets: 13417, 13808, 28312, 14069, 12972, 8258, 18944, 8070, 481, 15775, 21730, 13395, 25325, 4033, 14210, 4406, 28758, 3292, 10851, 23758, 19900, 6591, 14973, 28694, 28842, 9171, 13131, 19233, 2668, 27964, 22780, 12583, 186, 25112, 5552, 2931, 25758, 2253, 27971, 14506, 13058, 21692, 6449, 11962, 5801, 25739, 11593, 17718, 14157, 5185, 24834, 6697, 808, 12454, 12031, 26393, 5141, 24502, 13201, 4846, 19037, 8572, 1861, 12, 22228, 2107, 7838, 15856, 22491, 12004, 21868, 27114, 6553, 20202, 1249, 28810, 6927, 18163, 24785, 20221, 6437, 16292, 20597, 22441, 14252, 20058, 29515, 13200, 15779, 4090, 8983, 4014, 24556, 4929, 3052, 3549, 21881, 9319, 1421, 11924, 11981, 20165, 14333, 18228, 21751, 9234, 7077, 28500, 3086, 28915, 11026, 4190, 22322, 29634, 4318, 7437, 19562, 11571, 6587, 18077, 19801, 18222, 9883, 29631, 2938, 3081, 6338, 28774, 29334, 23005, 15591, 15473, 15776, 12565, 21200, 18130, 13195, 20497, 14340, 28024, 16070, 8906, 27263, 3008, 2838, 13262, 6435, 9099, 19524, 9228, 17578, 14895, 11892, 12443, 14130, 20842, 15778, 6091, 18930, 11945, 4588, 23501, 7681, 4087, 1250, 19266, 5405, 22744, 21500, 22405, 18952, 3909, 21487, 22387, 29301, 15844, 393, 13335, 12359, 21875, 9139, 13967, 6627, 10705, 4555, 8195, 25421, 705, 14790, 11490, 21799, 7137, 8244, 21444, 12584, 14602, 12417, 27963, 9820, 23188, 4876, 6562, 19143, 8997, 1215, 5019, 21782, 24700, 29365, 531, 15264, 21936, 8130, 21622, 21181, 23068, 21440, 22524, 29114, 19503, 
Weights: 213.978, 681.434, 0, 569.13, 484.887, 2225.14, 0, 150.21, 534.737, 1.02717, 0, 0, 180.598, 0, 1757.59, 405.87, 82.0662, 244.795, 209.985, 624.339, 50.9561, 175.146, 40.8749, 293.123, 363.94, 260.886, 0, 13.4484, 0, 565.214, 146.171, 38.9984, 464.927, 181.07, 492.525, 0, 1.47902, 227.006, 0.96648, 140.721, 1.01069, 1.02293, 208.306, 56.1151, 235.172, 309.847, 67.0137, 66.5886, 0, 81.3347, 0, 81.602, 0, 729.305, 92.4466, 1559.13, 167.694, 332.33, 248.003, 29.3992, 0.875764, 0, 1.18397, 0.780374, 485.016, 357.16, 161.89, 634.841, 257.964, 4.1637, 60.8277, 804.862, 125.382, 0, 410.632, 120.106, 175.542, 6.08866, 0, 0, 76.3203, 87.5903, 9.06218, 67.5257, 14.9706, 1.08379, 42.3613, 2.03382, 1.11711, 16.3197, 258.743, 120.94, 0, 21578.6, 19.4555, 69.5, 1.3803, 135.824, 0.943912, 109.394, 1.34914, 1.50902, 206.584, 617.056, 0, 323.11, 175.367, 605.254, 121.841, 160.778, 43.3118, 76.61, 173.319, 0, 0, 197.919, 0, 0, 5.19036, 1286.78, 0.986427, 88.0345, 11.8361, 243.291, 451.536, 0, 238.889, 260.974, 0, 268.423, 68.8446, 1.13078, 0.687178, 0.425376, 272.292, 717.207, 0, 27.8112, 225.245, 92.2602, 0.726747, 69.115, 115.902, 2.25892, 0, 0, 1.00478, 149.251, 230.996, 53.7208, 0, 0.96483, 50.6036, 894.742, 1.16085, 162.587, 2.9037, 0, 8.41384, 0, 2.15573, 300.413, 0, 1.14796, 27.5848, 40.1135, 12.8872, 167.309, 346.519, 0, 0, 370.974, 40.1573, 0, 144.169, 305.273, 0, 165.237, 11.4143, 294.752, 68.8213, 82.8784, 148.234, 177.303, 50.2697, 0, 0, 0, 0, 0, 0.942395, 0, 24.9898, 0, 0, 132.946, 199.476, 254.262, 369.576, 68.0899, 0.423636, 0, 366.745, 200.636, 137.719, 27.5071, 151.853, 1.43648, 0, 706.881, 40.9029, 178.343, 0, 242.899, 0, 10.1523, 0, 10.7639, 133.122, 10.8947, 
n_nonzero: 173

Running time so far: 91.6876s

