n_tets: 270
relErr: 0.141707
Selected tets: 10555, 21616, 12946, 21677, 4748, 6996, 23325, 27965, 4263, 12045, 17320, 25683, 19465, 9519, 19914, 12330, 23888, 5093, 21360, 28276, 21477, 726, 19503, 27247, 19660, 8811, 19456, 1518, 11035, 8328, 15796, 13232, 19166, 13409, 6928, 11618, 25707, 19162, 2547, 15300, 2987, 17874, 23620, 1861, 15479, 1269, 22785, 25329, 27418, 10401, 17509, 29299, 4195, 25933, 24111, 12388, 15089, 13391, 10002, 20247, 6697, 16256, 19800, 1543, 21586, 15012, 15261, 18244, 12419, 5851, 4114, 13262, 4087, 12118, 14799, 19346, 18806, 6050, 5897, 19548, 27873, 14866, 12204, 6574, 615, 23457, 14449, 24519, 11464, 5283, 27830, 26024, 26451, 4776, 3022, 22444, 1404, 20672, 4294, 25936, 21442, 23021, 19072, 15701, 2551, 3044, 25426, 22905, 8294, 5524, 10404, 21587, 2827, 14554, 27248, 9885, 14214, 11571, 26472, 15465, 14082, 21181, 14519, 12796, 17326, 12794, 9864, 13331, 4089, 4435, 22616, 14548, 27641, 5693, 1542, 1535, 17875, 11961, 22296, 17872, 25247, 21218, 19661, 3008, 4099, 19164, 2655, 24925, 11924, 26592, 11946, 14, 4806, 20118, 696, 28794, 37, 15723, 27439, 5905, 18733, 25223, 5289, 2367, 19468, 16, 23539, 22121, 13333, 12601, 6716, 14702, 777, 21756, 21881, 8553, 29295, 10155, 24700, 6444, 8653, 18908, 24011, 14869, 10233, 789, 8742, 15862, 8779, 4848, 5006, 28077, 14853, 20638, 18181, 1415, 25225, 19519, 22555, 14943, 24497, 18975, 16334, 25177, 21516, 25078, 8387, 14942, 1459, 2822, 19361, 10959, 2534, 28075, 12206, 16862, 21440, 17034, 2153, 15193, 2215, 15380, 4667, 19236, 2071, 4357, 44, 6472, 6005, 5968, 2021, 2812, 8298, 24134, 6131, 617, 4921, 9210, 33, 5081, 22119, 14847, 11963, 25756, 21341, 20534, 15775, 4356, 374, 18870, 22518, 15178, 10398, 14371, 2597, 10001, 11934, 26155, 28063, 15361, 3281, 4217, 4565, 20062, 13169, 19486, 19517, 9854, 13827, 19829, 
Weights: 1316.53, 1530.58, 380.227, 214.302, 0, 186.377, 491.914, 0, 1.68779, 10.9643, 1.06142, 252.173, 0.947457, 555.099, 0, 0, 77.4176, 139.49, 0.968978, 3951.14, 1.98856, 2157.03, 0, 1.21662, 62.1854, 0, 0, 0.910095, 4.54175, 333.824, 0, 6.2919, 0.510244, 0, 10.8138, 0, 476.075, 84.5713, 248.391, 263.471, 0, 0, 0, 0.993969, 71.8606, 0.416933, 943.882, 106.163, 1038.33, 38.0606, 0, 161.252, 0, 0, 1.88159, 0, 497.477, 0, 0.159723, 739.223, 52.6056, 0, 1.00025, 0.808998, 0.966308, 0, 0, 842.767, 0, 0, 0, 0, 1.00884, 11.67, 18.7749, 118.037, 430.413, 0, 101.196, 0, 384.655, 2.31936, 70.1693, 410.04, 0, 0.283069, 5.91801, 0, 498.366, 0, 16.9204, 350.576, 285.88, 0, 0, 0, 985.347, 0, 0, 60.0531, 1.12349, 2.32498, 18.6051, 205.399, 0, 164.587, 0, 0, 1.03841, 3.55772, 56.9572, 0, 16.664, 0, 5.24636, 0, 31.3126, 1.13943, 0, 0, 0, 85.6811, 0, 0.767528, 0, 0, 118.811, 19.2072, 0.993323, 0, 0, 1651.65, 187.292, 23.9184, 1.38771, 0, 0, 1.11534, 95.1458, 1.00789, 154.053, 7.32991, 0.719119, 15.5453, 2.13257, 0.998596, 5.11896, 0, 0, 47.3866, 1.44423, 568.972, 0, 0.976558, 1.02213, 327.976, 0.987079, 1072.14, 0, 18.9086, 0, 2.24697, 1.60562, 0, 0.967117, 53.3093, 0, 0, 1.79911, 0, 0, 3.6284, 0, 11.3413, 0.296851, 0, 0, 0, 0, 0, 1.03773, 0, 0, 0, 125.763, 861.245, 0, 0, 0, 1.03754, 0, 0.867086, 437.258, 593.081, 0.983661, 171.06, 0, 328.832, 0.970372, 1.50073, 339.574, 105.682, 1425.63, 3.44305, 0, 0, 0, 0.994203, 0, 25.0534, 251.347, 27.9089, 80.584, 0, 1.16401, 0, 0.537675, 416.595, 0.995689, 389.569, 15.9732, 129.213, 130.814, 1.73096, 0, 3.97324, 0, 1.05197, 411.729, 13.3545, 807.444, 0, 0, 1.01944, 14.4971, 0.987717, 5369.66, 0.889168, 11.5468, 0, 15.7292, 2.71857, 0, 0.894538, 81.9792, 281.807, 0, 0, 9.11971, 0.975165, 0, 0.997991, 0.960721, 486.038, 0, 0, 522.645, 330.223, 458.94, 0, 843.2, 0.958024, 48.7398, 0, 0, 1.96182, 7.33346, 171.536, 0, 223.352, 
n_nonzero: 174

Running time so far: 372.255s

