n_tets: 204
relErr: 0.141629
Selected tets: 11653, 17340, 29124, 23576, 14512, 19181, 26439, 14755, 7643, 20581, 27376, 9208, 22436, 17370, 29530, 12686, 9765, 5093, 27829, 5223, 10587, 2282, 28753, 4945, 11956, 10685, 27251, 12253, 14924, 23185, 4460, 21799, 19166, 25112, 6928, 19480, 3092, 14022, 13107, 26027, 22837, 24849, 10400, 3918, 14873, 8521, 25376, 16928, 21411, 12601, 15774, 17871, 16874, 12159, 211, 14017, 13163, 9065, 1531, 2956, 17173, 3391, 5773, 4144, 21586, 2015, 4242, 10516, 3130, 9781, 17745, 21040, 4087, 6192, 18687, 12445, 18806, 18181, 18118, 29685, 25223, 29272, 14235, 13331, 14252, 7433, 4876, 27465, 26924, 24111, 15127, 12545, 1301, 12638, 17226, 27963, 13006, 8509, 4076, 4090, 17307, 29291, 13065, 25831, 13257, 13249, 11066, 17692, 8294, 22721, 58, 16989, 21930, 4862, 19164, 12648, 19562, 21931, 13189, 17545, 21566, 26415, 4158, 3086, 11038, 3042, 25613, 20749, 6798, 3708, 13372, 7471, 1543, 28971, 27681, 20835, 17875, 24336, 41, 6697, 6692, 13255, 24075, 4099, 2562, 1210, 2438, 4138, 5887, 20612, 28775, 29564, 9209, 19028, 18599, 26770, 14870, 2871, 8964, 23758, 2988, 15131, 18547, 25219, 3468, 12293, 2092, 9272, 13333, 7319, 3212, 7494, 24074, 25468, 22122, 4379, 247, 6064, 4978, 10886, 1939, 13594, 21540, 14869, 3129, 14108, 8963, 12795, 29093, 5006, 19188, 10087, 8534, 2248, 27931, 2446, 25795, 18900, 8653, 14943, 2812, 2217, 29296, 28782, 
Weights: 0, 294.505, 318.487, 0, 0, 1003.33, 0, 0, 0, 3.34877, 0, 1.11796, 0, 266.756, 0.351014, 0, 130.419, 0, 1.94931, 0, 0, 0, 0, 1.55897, 0.380544, 0, 0.99725, 107.93, 0, 0, 0, 1.07008, 0.96982, 27.7965, 0, 0, 21.3132, 26.4453, 0, 0, 22.2523, 0, 0.97762, 461.61, 675.275, 0.511442, 0, 0, 61.0129, 5.47766, 0, 0, 276.013, 0, 1.05063, 872.966, 0, 0, 1160.46, 1298.37, 1420.49, 0, 0, 0, 0.698649, 2970.59, 0.758485, 165.25, 0, 0, 41.6012, 0.592738, 0.953804, 724.193, 422.091, 0, 0, 1.21992, 1.6652, 0, 63.399, 2.14151, 0, 1.12476, 3.90754, 107.672, 0, 864.878, 0, 28.9956, 42.7831, 0, 6.53956, 0, 284.729, 0, 1.55897, 36.9131, 282.158, 0.874967, 0, 0.326014, 0.980334, 0, 607.775, 203.526, 0, 0, 1.44238, 75.9455, 0, 0, 0, 884.099, 2.74223, 0, 8.68429, 0, 0, 842.228, 47.9906, 0, 0, 0, 0, 0.790994, 3.30435, 324.663, 0, 0, 2232.49, 2.67139, 0.864887, 708.951, 1444.14, 0, 1.00076, 0, 150.073, 0, 2.64334, 2759.51, 0, 0.802909, 0.693887, 0, 199.338, 0, 0, 231.724, 18.3139, 1.04992, 1.02213, 1.31976, 0, 0, 0.931906, 500.263, 11.0537, 0, 1.19766, 1559.98, 0, 28.6247, 0, 0, 0, 538.802, 0.947338, 0, 0, 475.423, 50.6557, 376.399, 198.517, 261.079, 0, 1.25175, 0, 0, 0.995228, 0, 0, 0.916393, 0, 0, 0.282776, 1.04808, 5303.59, 20.2242, 1137.19, 0, 4.50152, 0.242775, 0, 0, 71.0918, 1.49016, 40.0492, 0.980673, 11.2528, 0, 0, 0, 
n_nonzero: 115

Running time so far: 313.551s

