n_tets: 150
relErr: 0.117078
Selected tets: 51214, 33828, 1062, 17144, 34560, 57384, 71719, 24860, 79148, 18752, 26715, 54341, 55661, 18058, 79674, 58394, 47832, 65101, 75225, 78581, 38437, 11094, 31923, 65333, 25095, 40130, 52248, 14997, 55192, 55830, 47691, 20698, 60654, 45641, 58865, 6073, 6794, 65212, 50539, 8071, 42782, 6772, 53911, 40232, 61256, 1986, 27703, 1391, 9638, 22689, 60071, 57016, 31921, 26997, 30552, 60817, 40724, 7835, 41435, 40134, 5965, 55309, 16488, 75871, 33069, 59263, 79183, 47310, 65841, 43200, 16312, 77670, 5000, 2555, 33050, 19673, 43048, 4752, 10977, 41150, 66780, 34082, 28668, 46052, 29236, 79852, 6774, 24248, 65126, 40068, 76084, 42294, 2944, 71310, 78538, 42987, 13502, 57367, 12636, 22885, 63886, 51750, 7408, 24715, 9201, 40067, 6952, 57142, 72161, 24144, 23826, 23226, 78348, 22622, 14833, 10844, 60673, 43375, 34139, 76724, 24717, 1011, 67542, 41049, 21716, 45048, 37708, 41971, 52232, 58986, 53965, 12835, 58336, 27793, 52135, 46205, 18808, 67950, 56316, 13144, 65460, 9646, 47594, 56816, 74539, 72082, 16642, 14282, 55233, 36760, 
Weights: 2053.24, 0, 0, 0, 2100.4, 0, 0, 0, 0, 1059.41, 1984.34, 0, 0, 0, 0, 0, 0, 8292.28, 0, 0, 0, 0, 1.36366, 2731.71, 1640.55, 0, 0, 0, 251.036, 6467.78, 1761.96, 0, 0, 0, 2561.6, 0, 6559.24, 2.10583, 0, 380.716, 0, 98.342, 0, 0, 0, 0, 0, 0, 0, 0, 0, 0, 0, 0, 50.1989, 0, 0, 0, 854.472, 0, 0, 0, 614.525, 0, 0, 0, 0, 0, 145.454, 0, 528.964, 63.9913, 1417.59, 0, 0, 0, 500.304, 0, 0, 0, 0, 0, 0, 0, 0, 0, 0, 2770.79, 0, 0.4485, 0.931231, 0, 20.046, 0, 0, 2543.03, 2155.97, 63.5275, 0, 0, 0, 29.9865, 11.3078, 0, 0, 21.0819, 0, 0, 0, 0, 0, 0, 966.428, 5387.22, 3953.28, 0, 0, 0, 0, 0, 38.6924, 0, 0, 0, 4683.98, 736.672, 1.13822, 0, 0, 0, 0, 0, 2154.07, 0, 0, 0, 0, 0, 5333.85, 0, 1.9515, 0, 0, 98.0818, 2058.52, 2701.23, 0, 0, 0, 0, 
n_nonzero: 47

Running time so far: 100.947s

