n_tets: 182
relErr: 0.48764
Selected tets: 25939, 699, 8335, 12763, 14231, 4944, 1622, 18088, 45004, 33142, 17824, 26526, 34964, 29197, 41971, 4088, 9429, 28182, 37261, 22357, 32934, 24473, 44764, 29504, 14031, 10997, 2671, 39876, 22778, 17576, 37292, 27223, 35427, 992, 44953, 24904, 3681, 38672, 1548, 31816, 41017, 24340, 43890, 37493, 13703, 2979, 44748, 25368, 42705, 17570, 44816, 26508, 35141, 37485, 10559, 29550, 11894, 42687, 14294, 10567, 44291, 3093, 36649, 31115, 10652, 27915, 12262, 13861, 21682, 8391, 32080, 39501, 15389, 22564, 6641, 44226, 9963, 21658, 15930, 30067, 3006, 21196, 13786, 12178, 10960, 16308, 20405, 29476, 21551, 39865, 22699, 11408, 2945, 9729, 25223, 6191, 26836, 21676, 4089, 30066, 43910, 36640, 972, 29098, 14460, 18208, 21553, 21568, 32237, 17740, 36645, 12078, 29904, 10553, 4052, 21657, 11683, 43884, 31408, 10555, 3311, 39925, 3361, 19374, 44196, 21653, 7316, 44751, 4814, 10744, 44907, 19750, 5691, 44610, 20952, 18420, 16029, 1067, 42018, 7042, 18157, 37476, 24761, 22356, 29787, 21459, 39190, 42950, 37879, 34345, 17813, 5267, 2719, 6614, 4734, 38635, 44725, 33165, 10223, 2802, 42722, 21635, 11445, 38627, 5051, 3162, 3682, 8151, 13198, 44638, 45123, 22442, 17577, 5566, 42694, 503, 24416, 15833, 34961, 14583, 37358, 15224, 
Weights: 3026.51, 2104.4, 2198.16, 1825.99, 1.45399, 2238.64, 0.716439, 1789.18, 108.105, 4.27675, 0.926353, 1.28364, 5.11391, 1453.3, 8.63929, 8.86738, 67.1182, 3090.8, 5.09186, 1.25235, 4242.91, 4.12722, 0, 0, 0, 213.3, 2579.38, 513.183, 0, 0.137166, 0, 1.2548, 488.811, 38.8924, 0.949031, 59.127, 1.0746, 0, 10.9614, 570.766, 6.84597, 0, 0, 0, 0, 1.06233, 0, 0, 0.869367, 3.29933, 0, 2.03202, 0.907293, 0, 1.25537, 2.63539, 9.67408, 29.9292, 0.62969, 1702.53, 1.31094, 0, 26.0819, 1065.08, 8.96298, 1543.9, 9.98368, 124.123, 22.2999, 0.320649, 0, 0.913579, 1.88961, 0.982849, 0, 0, 7.55205, 0.322979, 0.945216, 0, 5.79083, 7.9248, 3.71764, 0.397854, 1.01064, 85.845, 2492, 5.14902, 0, 78.2373, 1359.45, 1.14995, 17.102, 51.0083, 16.8162, 33.1981, 0, 3.18236, 15.7303, 0, 92.5967, 1279.58, 1.01762, 3.10956, 0.990169, 0, 6.65175, 3.24558, 0, 0, 0, 800.748, 1.21155, 0, 0, 0.225772, 1.02249, 0.63621, 0, 1273.61, 0, 0, 706.962, 33.6645, 2.13752, 1.44608, 0, 0, 0.974833, 4.78054, 14.3174, 785.639, 1.06052, 1.11743, 0, 365.741, 256.618, 945.827, 0, 48.1957, 299.773, 0, 0, 3.67851, 138.015, 132.41, 1.05787, 170.982, 33.2599, 0, 1.13826, 0.925506, 2291.18, 215.499, 1.82394, 1.1621, 0.59316, 0, 1.58459, 0.0494533, 131.502, 51.3951, 0.987489, 0, 0.987924, 1.46394, 0.485532, 0.647917, 8.06895, 1.09807, 0, 865.147, 0.929662, 0, 0, 2.03223, 962.636, 0, 23.7156, 0.787411, 10.7709, 1.44016, 
n_nonzero: 138

Running time so far: 98.0649s

