n_tets: 216
relErr: 0.113603
Selected tets: 51214, 33828, 1062, 17144, 34560, 57384, 71719, 24860, 79148, 18752, 26715, 54341, 55661, 18058, 79674, 58394, 47832, 65101, 75225, 78581, 38437, 11094, 31923, 65333, 25095, 40130, 52248, 14997, 55192, 55830, 47691, 20698, 60654, 45641, 58865, 6073, 6794, 65212, 50539, 8071, 42782, 6772, 53911, 40232, 61256, 1986, 27703, 1391, 9638, 22689, 60071, 57016, 31921, 26997, 30552, 60817, 40724, 7835, 41435, 40134, 5965, 55309, 16488, 75871, 33069, 59263, 79183, 47310, 65841, 43200, 16312, 77670, 5000, 2555, 33050, 19673, 43048, 4752, 10977, 41150, 66780, 34082, 28668, 46052, 29236, 79852, 6774, 24248, 65126, 40068, 76084, 42294, 2944, 71310, 78538, 42987, 13502, 57367, 12636, 22885, 63886, 51750, 7408, 24715, 9201, 40067, 6952, 57142, 72161, 24144, 23826, 23226, 78348, 22622, 14833, 10844, 60673, 43375, 34139, 76724, 24717, 1011, 67542, 41049, 21716, 45048, 37708, 41971, 52232, 58986, 53965, 12835, 58336, 27793, 52135, 46205, 18808, 67950, 56316, 13144, 65460, 9646, 47594, 56816, 74539, 72082, 16642, 14282, 55233, 36760, 52573, 41382, 40729, 24357, 15103, 15730, 71267, 35673, 44188, 78794, 19718, 57743, 79423, 71029, 7897, 57867, 78666, 14627, 3045, 4642, 50245, 45064, 52079, 9132, 5606, 50502, 46064, 65177, 65171, 71634, 79146, 80280, 26887, 43887, 16515, 54346, 40069, 10111, 35864, 13236, 4237, 22873, 37711, 47323, 76427, 40865, 49213, 41329, 8499, 71786, 63153, 20146, 64004, 75012, 2728, 44940, 31989, 47665, 60513, 24267, 22065, 60816, 63798, 2345, 43235, 11660, 
Weights: 926.983, 0, 0, 0, 0, 0, 0, 0, 0, 0, 0, 0, 0, 0, 0, 0, 0, 7697.41, 0, 0, 0, 0, 1.33775, 0, 0, 0, 0, 0, 0, 4066.91, 479.455, 0, 0, 0, 0, 0, 2075.15, 2.72517, 0, 923.453, 0, 100.61, 0, 0, 0, 0, 0, 0, 0, 0, 0, 0, 0, 0, 50.4554, 969.482, 0, 0, 0, 0, 0, 1151.37, 0, 0, 0, 0, 383.275, 0, 686.741, 0, 0, 58.1488, 1039.4, 0, 0, 0, 958.483, 0, 0, 0, 0, 0, 0, 0, 0, 0, 0, 671.103, 0, 0.447872, 0.87958, 433.97, 0, 0, 0, 1648.72, 3491.2, 63.6251, 0, 0, 0, 30.3122, 10.7485, 0, 0, 22.141, 0, 0, 0, 0, 0, 0, 2160.49, 6989.38, 1223.58, 0, 0, 0, 0, 0, 0, 0, 0, 0, 4111.9, 0, 1.14811, 0, 0, 0, 0, 0, 2069.55, 0, 0, 0, 0, 0, 2854.08, 0, 0, 0, 0, 88.9502, 2083.25, 2101.54, 0, 0, 0, 0, 0, 0, 0, 0, 0, 422.172, 2850.16, 0, 0, 0, 0, 0, 5612.76, 2156.18, 0, 0, 0, 0, 0, 2718.01, 0, 0, 1578.62, 0, 1748.03, 0, 0, 0, 0, 0, 0, 0, 0, 0, 0, 0, 2.16541, 0, 0, 0, 0, 0, 0, 0, 0, 0, 0, 1626.83, 11844.3, 225.628, 0, 16.4772, 0, 0, 1154.92, 0, 0, 0, 0, 0, 214.727, 0, 0, 0, 3453.74, 0, 
n_nonzero: 52

Running time so far: 147.245s

