n_tets: 105
relErr: 0.123152
Selected tets: 995, 6736, 3302, 3987, 3394, 5919, 5053, 3766, 4748, 2193, 2122, 6506, 5764, 1865, 4146, 1481, 7325, 7320, 3959, 6094, 983, 4455, 1823, 6731, 3811, 2352, 488, 6772, 7227, 66, 6257, 6007, 3897, 2837, 6381, 2097, 2003, 2113, 6822, 854, 5717, 2379, 5482, 929, 4260, 5442, 5647, 3953, 7480, 3285, 2645, 3423, 7447, 205, 7291, 3554, 1134, 5283, 2773, 7449, 4780, 2781, 2964, 1828, 1942, 5356, 7446, 2662, 7378, 1587, 757, 3561, 5450, 489, 7483, 2988, 2756, 1944, 1782, 3087, 838, 1882, 3553, 198, 2212, 1505, 7445, 5823, 2668, 3188, 3426, 3122, 7048, 3326, 1443, 4753, 5652, 5492, 6283, 834, 3932, 1017, 847, 175, 7226, 
Weights: 717.33, 345.803, 51.5819, 148.709, 88.5229, 236.367, 22.4333, 118.937, 338.226, 82.4685, 9.53891, 636.031, 64.6696, 93.2269, 66.499, 34.0169, 1.04474, 0.943544, 67.2569, 95.7678, 72.4378, 0.681505, 0, 347.45, 93.7054, 1.00339, 1.06219, 179.792, 14.1215, 201.309, 47.5613, 117.331, 16.3608, 2.22419, 216.802, 0.998218, 1.04678, 63.4015, 9.78886, 180.486, 1.01496, 1.35887, 0.393712, 1.00835, 210.024, 0.990253, 0.955999, 1.49084, 0.699755, 0.994261, 173.78, 199.4, 0.963999, 0.986462, 12.1022, 5.82483, 494.573, 1.02374, 39.6141, 0.388184, 323.154, 0.998634, 96.4848, 37.325, 2.44085, 3.30224, 0, 1.00426, 125.998, 118.557, 0, 3.41258, 1.19085, 146.45, 12.8215, 0.776464, 129.309, 2.39339, 0.96291, 288.358, 1.47435, 0.941452, 0, 0.382001, 91.5192, 293.996, 1.09328, 2.41891, 1.47925, 92.2759, 19.0849, 86.6265, 10.6006, 139.318, 31.7257, 5.50181, 0.461927, 0.985059, 24.6178, 2.18467, 135.647, 18.1346, 171.894, 171.19, 7.11276, 
n_nonzero: 101

