n_tets: 55
relErr: 0.472444
Selected tets: 21500, 27848, 13245, 1062, 23629, 22890, 26439, 10395, 1762, 13239, 2064, 7179, 9472, 27723, 24981, 25538, 15997, 17901, 5546, 26161, 18850, 4761, 5565, 27606, 22601, 20170, 12812, 17721, 2763, 14933, 20973, 11971, 24234, 3854, 16524, 4933, 15470, 7354, 20470, 23593, 2716, 26312, 15489, 22202, 6495, 19403, 4175, 26183, 25581, 28594, 14670, 7776, 16251, 26302, 4498, 
Weights: 883.016, 13078, 9274.93, 0, 319.043, 2434.1, 432.1, 0.876424, 518.93, 0, 12.8544, 953.671, 1378.17, 3.47339, 125.224, 273.602, 286.512, 546.757, 0, 241.417, 23.8237, 443.218, 177.357, 0, 0, 146.54, 0, 258.927, 1949.88, 1390.66, 0.172642, 14.466, 2.45181, 29.2224, 29.8126, 30.7772, 0, 2340.94, 534.615, 0, 132.753, 4.77607, 0.77902, 418.164, 1.84488, 576.34, 97.3339, 1.00684, 0, 0, 50.1138, 0, 1.01012, 0, 250.225, 
n_nonzero: 43

Running time so far: 16.1508s

