n_tets: 273
relErr: 0.264576
Selected tets: 25446, 10248, 10457, 5073, 26400, 4188, 19208, 5490, 23752, 17764, 10396, 18093, 21116, 11022, 27637, 23835, 14036, 27024, 11116, 23742, 11381, 23364, 1381, 24972, 18601, 13926, 6043, 13318, 897, 22844, 15735, 3129, 16526, 3854, 4266, 10273, 4054, 17245, 7116, 23400, 25791, 2721, 15489, 6031, 5092, 7787, 27307, 28552, 4161, 10270, 5192, 8788, 17138, 13389, 21944, 22079, 16676, 23385, 11760, 13846, 17643, 17325, 11672, 22694, 9475, 15456, 4370, 768, 20704, 17529, 6474, 4846, 5565, 6278, 2593, 21998, 21795, 10679, 16158, 4676, 9945, 16454, 26415, 24946, 20654, 16473, 10380, 871, 13107, 19901, 6337, 9274, 22333, 26184, 20080, 18953, 17370, 6295, 19054, 11859, 18179, 12478, 18316, 27025, 24970, 9650, 1361, 1025, 22842, 24509, 10680, 20193, 19050, 5833, 26770, 5319, 15077, 27142, 17970, 17603, 5792, 12170, 7710, 27299, 27020, 15852, 13102, 12905, 4041, 12342, 5483, 7310, 9942, 8325, 11686, 7213, 8645, 5502, 16251, 5064, 18944, 26000, 17760, 23552, 12437, 22680, 27699, 22428, 11860, 8995, 26801, 4371, 11959, 23365, 24430, 10864, 15049, 8914, 17259, 21483, 9019, 24646, 8009, 14739, 14294, 4935, 9356, 26859, 14407, 27580, 13227, 25886, 22963, 14225, 17414, 4871, 9471, 25663, 25362, 25937, 1612, 28620, 9001, 16340, 16589, 22737, 10652, 10114, 3724, 14483, 5658, 3427, 15313, 12070, 16012, 21901, 14452, 22201, 4869, 13834, 13237, 27501, 4138, 4061, 17969, 4324, 3013, 5051, 576, 28445, 7448, 25267, 20686, 19058, 4254, 3856, 23442, 16255, 27116, 28444, 20042, 18948, 6368, 9502, 28308, 16281, 21676, 25180, 13345, 7235, 27961, 7174, 7940, 11641, 19856, 18916, 13240, 1465, 16173, 443, 23363, 24725, 25286, 12264, 8050, 23731, 5066, 14589, 23490, 24353, 20730, 8114, 24707, 3554, 10589, 17885, 6611, 15223, 10433, 2240, 15868, 11014, 24089, 16921, 21531, 27737, 10936, 10084, 6857, 10378, 23978, 11752, 24168, 
Weights: 83.0978, 0, 12.1131, 542.78, 0, 310.674, 10.5407, 624.014, 1715.16, 0, 0, 427.542, 364.79, 10.6884, 0, 620.159, 0, 0, 0, 0, 28.9762, 0, 0, 37.7806, 0, 0, 7.79419, 0, 0, 7.62302, 0.533701, 0, 0.795129, 21.1691, 714.088, 499.818, 2.00741, 0, 0, 72.7169, 2.46631, 0, 2.55069, 0, 1.05546, 25.904, 7.57282, 622.828, 2294.04, 0, 1.10889, 0, 7.03288, 17.1607, 0, 0, 0, 0, 481.414, 0, 43.1688, 852.51, 0, 4755.71, 1885.28, 1.3528, 0, 359.052, 0, 12.3392, 0, 76.442, 11.9711, 43.5261, 0, 0, 51.7156, 5.43548, 41.9157, 0.942313, 4.76565, 0, 0, 29.7673, 15.3084, 377.02, 0, 0, 5.63865, 374.88, 19.2636, 1.16196, 0, 0, 740.17, 2.88263, 0, 1.64259, 0, 8.68867, 0.979583, 109.367, 46.3092, 0.87089, 6.97646, 1014.11, 34.1058, 1.67699, 1.08778, 0, 0, 0, 0, 0, 0.969551, 0, 574.528, 100.672, 0, 136.375, 0, 1.39865, 0, 8.34729, 0, 0, 0, 522.375, 0, 2049.07, 1.13063, 0, 230.299, 0, 13.79, 1555.99, 2303.6, 677.486, 75.0422, 1428.41, 0, 0, 7.35032, 201.02, 0, 14.9036, 0, 1.01256, 15.3753, 0, 0, 0, 1.55394, 0, 0, 0, 1.00231, 0.481281, 0.278437, 6.66053, 0, 0, 0, 34.4623, 0, 22.0568, 0, 5.77102, 588.765, 86.3334, 0, 777.806, 0, 3.91497, 12.3034, 60.7374, 57.9023, 12.3598, 0, 0, 639.16, 183, 0.989489, 5816.01, 32.2677, 0.828582, 0, 0, 77.7682, 0, 0, 294.77, 179.198, 0, 0, 7.9619, 0, 0, 17.0362, 1.02837, 0, 29.5266, 0, 0, 0, 0, 0, 0, 2.32312, 0, 0, 0.10569, 45.8631, 0, 320.831, 0, 38.335, 57.8121, 0, 2.24062, 4626.72, 73.8786, 0, 4.51149, 1.6256, 17.148, 0, 0, 3.16805, 0, 0, 2120.08, 324.788, 109.365, 142.411, 473.721, 0, 72.2869, 0, 0, 0, 0, 0, 0, 0, 0, 7.32219, 1.01948, 2.18465, 19.6499, 0, 0, 95.7952, 0, 0, 6.32668, 52.3614, 0, 1821.33, 0, 19.9047, 1413.66, 0, 135.272, 12.8529, 419.702, 20.6622, 109.76, 48.4141, 0, 794.557, 216.702, 0, 
n_nonzero: 155

Running time so far: 99.6712s

