n_tets: 105
relErr: 0.331151
Selected tets: 995, 4859, 3302, 1369, 524, 2701, 7267, 6313, 6491, 2724, 3266, 3596, 1063, 1252, 827, 6733, 7325, 7320, 3294, 5053, 5016, 4455, 1823, 105, 955, 2352, 918, 4146, 2631, 2959, 237, 819, 7394, 522, 2634, 2097, 6339, 5879, 1781, 4578, 5895, 729, 3112, 6564, 2567, 5442, 7480, 5585, 3237, 5647, 3425, 4410, 2329, 5934, 451, 6547, 1818, 2668, 6815, 2607, 205, 1814, 6623, 4749, 6079, 5356, 7446, 2662, 983, 359, 1485, 1657, 3561, 1032, 5715, 4651, 2778, 7445, 3836, 1782, 2313, 126, 7016, 198, 3829, 3662, 6852, 3770, 2600, 6257, 3879, 534, 1269, 4511, 4943, 7054, 6537, 5492, 6283, 3686, 2180, 4001, 4771, 804, 2003, 
Weights: 827.326, 314.214, 324.508, 363.899, 563.375, 574.001, 1014.77, 76.8451, 99.1049, 253.267, 255.445, 228.885, 173.173, 230.477, 20.802, 308.593, 0.088927, 0.933582, 321.827, 141.732, 0.434229, 0.531492, 173.161, 403.912, 70.3364, 1.04294, 55.7647, 29.5671, 48.4687, 220.824, 24.347, 78.0261, 130.454, 413.795, 71.0606, 1.13817, 0, 262.242, 18.9827, 434.706, 44.8311, 124.513, 92.1116, 84.5213, 0, 0.939426, 0.666244, 162.11, 22.962, 0.978036, 0, 55.9886, 0, 0, 20.6419, 20.3319, 0, 0.320364, 0, 76.0309, 0.95146, 0, 34.0318, 54.5798, 29.6091, 6.81485, 2.05101, 0.999925, 0, 88.7698, 30.7025, 139.526, 22.232, 0, 0, 0.663162, 63.7333, 1.07242, 237.781, 1.05313, 22.1761, 0, 72.0503, 0.516122, 154.061, 1383.05, 114.903, 0, 132.81, 11.341, 38.971, 16.2161, 20.4092, 3.83846, 0, 63.9629, 16.5447, 0.983454, 0.403979, 442.778, 37.9042, 2.08041, 46.8215, 180.615, 1.03216, 
n_nonzero: 91

