n_tets: 30
relErr: 0.402582
Selected tets: 646, 4859, 766, 5730, 6102, 5173, 2479, 5512, 6491, 2756, 5585, 4720, 5726, 4711, 2853, 536, 3953, 3924, 4232, 5053, 2737, 4569, 3380, 591, 3595, 1316, 4049, 943, 6702, 2401, 
Weights: 825.283, 17733.3, 1251.62, 14592.1, 2613.57, 4506.61, 147830, 14345.8, 103.995, 121.764, 494.312, 349.293, 16965, 1207.88, 23.6688, 20766.9, 18.5244, 1038.51, 454.817, 20921.4, 2437.77, 0, 65.2025, 80624.4, 52.9026, 26.6816, 0.189971, 4680.86, 2677.57, 120.685, 
n_nonzero: 29

