n_tets: 125
relErr: 0.0872736
Selected tets: 995, 6736, 3302, 3987, 3394, 5919, 5053, 3766, 4748, 2193, 2122, 6506, 5764, 1865, 4146, 1481, 7325, 7320, 3959, 6094, 983, 4455, 1823, 6731, 3811, 2352, 488, 6772, 7227, 66, 6257, 6007, 3897, 2837, 6381, 2097, 2003, 2113, 6822, 854, 5717, 2379, 5482, 929, 4260, 5442, 5647, 3953, 7480, 3285, 2645, 3423, 7447, 205, 7291, 3554, 1134, 5283, 2773, 7449, 4780, 2781, 2964, 1828, 1942, 5356, 7446, 2662, 7378, 1587, 757, 3561, 5450, 489, 7483, 2988, 2756, 1944, 1782, 3087, 838, 1882, 3553, 198, 2212, 1505, 7445, 5823, 2668, 3188, 3426, 3122, 7048, 3326, 1443, 4753, 5652, 5492, 6283, 834, 3932, 1017, 847, 175, 7226, 3876, 6269, 2178, 1906, 2868, 5016, 4483, 4707, 5837, 6643, 2621, 4613, 2748, 2488, 4049, 7420, 1309, 4663, 2364, 1780, 
Weights: 619.889, 273.68, 67.0262, 102.112, 84.8592, 219.623, 0, 45.8496, 286.405, 35.8569, 17.5298, 581.206, 47.5946, 64.8286, 80.2783, 0, 1.04359, 0.94758, 55.3172, 101.214, 66.4399, 0.67946, 0, 314.977, 85.3674, 1.00754, 1.05964, 174.039, 13.7525, 214.574, 49.6995, 76.6164, 5.3567, 2.01605, 123.519, 0.999116, 1.05371, 40.1418, 7.76499, 146.356, 1.01366, 1.02084, 0.448668, 1.00177, 236.867, 0.989996, 0.988158, 1.22091, 0.453334, 0.99341, 222.655, 219.361, 0.973885, 0.986943, 7.74842, 4.89306, 463.699, 1.01978, 10.4863, 0.925565, 340.368, 0.998411, 74.9763, 60.8563, 2.2177, 0.95491, 0.764112, 1.00239, 102.5, 129.353, 0.267536, 6.47543, 1.18459, 188.849, 11.9214, 0.774654, 128.618, 0.544249, 0.947547, 0, 1.17633, 0.981195, 0, 0.37568, 79.6974, 179.235, 1.11519, 2.50741, 1.27525, 56.194, 14.8272, 107.449, 10.0371, 218.094, 31.2959, 0, 0.408689, 0.982787, 16.5903, 3.15489, 187.461, 0, 322.68, 298.166, 4.67033, 0.969553, 56.3441, 1.01328, 0.699725, 0.789953, 0.843061, 0.648066, 143.504, 0.97233, 1.02158, 24.5808, 32.2054, 0.989427, 1.58469, 1.00602, 20.2123, 42.5488, 1.00173, 232.746, 48.103, 
n_nonzero: 118

