n_tets: 24
relErr: 0.305599
Selected tets: 99, 89, 141, 93, 171, 185, 186, 65, 77, 57, 53, 2, 172, 119, 137, 18, 135, 168, 84, 194, 202, 101, 200, 14, 
Weights: 42.7229, 1.03936, 55.4267, 1.00938, 34.1737, 0.936878, 0.958503, 4.88723, 1.03759, 1.41278, 126.882, 9.25419, 12.4754, 0.404155, 0.96995, 1.53743, 37.2215, 32.4255, 0.998787, 1.02546, 1.48002, 2.04402, 0.767119, 0.38142, 
n_nonzero: 24

