n_tets: 195
relErr: 0.140572
Selected tets: 10627, 18711, 3267, 3330, 20119, 42460, 24063, 44641, 18271, 7005, 34905, 26526, 31186, 41800, 11439, 8472, 11381, 32955, 38458, 30908, 29783, 37525, 31135, 29877, 23963, 2985, 40461, 3178, 4873, 7354, 38196, 28967, 28129, 20028, 27914, 11673, 35294, 14390, 7435, 31416, 19641, 17393, 14017, 26739, 14692, 42438, 6696, 27940, 560, 9096, 25457, 14260, 22491, 35862, 14184, 2722, 1031, 36486, 784, 16052, 20446, 21175, 39842, 13027, 41911, 16997, 25208, 21730, 7771, 11937, 18292, 18909, 28389, 26485, 3512, 3206, 28349, 35183, 11548, 23703, 35425, 12279, 25535, 17061, 31087, 28695, 1373, 39978, 15365, 40422, 12458, 24893, 37672, 24511, 41057, 38250, 24616, 16302, 17907, 17341, 22257, 18038, 12342, 30469, 18913, 32809, 39177, 24689, 10871, 15596, 39732, 38186, 12614, 115, 4052, 41411, 24715, 12259, 9533, 17585, 16205, 29136, 16691, 24698, 14778, 3365, 5578, 29832, 38302, 37575, 38416, 2559, 35627, 20422, 5939, 44910, 37709, 2353, 7749, 14837, 17984, 37481, 20557, 38892, 30846, 7631, 13693, 38877, 13796, 868, 30352, 13070, 20994, 10622, 39509, 23449, 28104, 12818, 29708, 14830, 9453, 10498, 1953, 14008, 24564, 13984, 30350, 35158, 16296, 3678, 45123, 7769, 20056, 39877, 42823, 30875, 1882, 9766, 22865, 8330, 41063, 2448, 41060, 24691, 1514, 27364, 1474, 39299, 24553, 43002, 38838, 33335, 27166, 11580, 3883, 
Weights: 0, 0, 0, 0, 413.765, 0, 0, 0, 0, 0, 0, 0, 0, 0, 0, 0, 0, 0, 0, 0, 0, 0, 0, 0, 0, 0, 0, 0, 0, 0, 0, 0, 0, 0, 0, 0, 0, 0, 0, 0, 0, 0, 0, 0, 0, 0, 0, 0, 0, 0, 0, 4154.67, 0, 0, 0, 0, 0, 0, 0.63902, 0, 4267.43, 0, 0, 0, 0, 0, 0, 0, 0, 0, 0, 0, 1411.6, 0, 0, 1472.72, 496.608, 0, 0, 0, 0, 0, 0, 0, 0, 2275.05, 0, 0, 0, 0, 0, 0, 0, 0, 0, 0, 0, 0, 0, 0, 1215.33, 0, 1048.62, 464.753, 0, 0, 0, 0, 0, 0, 0, 0, 98.6245, 0, 0, 2946.97, 0, 0, 0, 0, 5031.15, 0, 0, 0, 2902.38, 0, 0, 0, 2813.64, 410.881, 584.376, 402.333, 0, 0, 426.831, 365.333, 0, 0, 0, 0, 827.753, 0, 0, 0, 0, 0, 0, 0, 0, 0, 1360.68, 0, 0, 0, 0, 2.40606, 0, 2391.83, 0, 0, 121.064, 0, 0, 0, 0, 5602.82, 0, 0, 0, 0, 729.904, 0, 0, 0, 0, 886.483, 111.89, 0, 0, 0, 0, 0, 0, 22084.2, 0, 0, 2307.52, 0, 0, 0, 2838.77, 0, 0, 0, 265.868, 
n_nonzero: 34

Running time so far: 163.314s

