n_tets: 48
relErr: 0.361925
Selected tets: 995, 6736, 3302, 3987, 3394, 5919, 5053, 3766, 4748, 2193, 2122, 6506, 5764, 1865, 4146, 1481, 7325, 7320, 3959, 6094, 983, 4455, 1823, 6731, 3811, 2352, 488, 6772, 7227, 66, 6257, 6007, 3897, 2837, 6381, 2097, 2003, 2113, 6822, 854, 5717, 2379, 5482, 929, 4260, 5442, 5647, 3953, 
Weights: 925.557, 212.538, 326.506, 129.603, 166.573, 525.298, 91.2216, 796.823, 383.411, 220.378, 164.9, 816.821, 80.2441, 186.879, 80.8927, 234.45, 1.00532, 0.92212, 91.7207, 114.106, 190.403, 0.653413, 0, 611.671, 139.404, 1.02617, 1.01491, 265.173, 16.2654, 344.14, 37.4665, 110.171, 22.5485, 3.61514, 265.38, 1.07102, 0.996881, 183.1, 25.3378, 137.372, 0.950265, 1.36651, 1.20802, 0.972098, 457.033, 0.928329, 1.00114, 3.44877, 
n_nonzero: 47

