n_tets: 91
relErr: 0.131394
Selected tets: 995, 6736, 3302, 3987, 3394, 5919, 5053, 3766, 4748, 2193, 2122, 6506, 5764, 1865, 4146, 1481, 7325, 7320, 3959, 6094, 983, 4455, 1823, 6731, 3811, 2352, 488, 6772, 7227, 66, 6257, 6007, 3897, 2837, 6381, 2097, 2003, 2113, 6822, 854, 5717, 2379, 5482, 929, 4260, 5442, 5647, 3953, 7480, 3285, 2645, 3423, 7447, 205, 7291, 3554, 1134, 5283, 2773, 7449, 4780, 2781, 2964, 1828, 1942, 5356, 7446, 2662, 7378, 1587, 757, 3561, 5450, 489, 7483, 2988, 2756, 1944, 1782, 3087, 838, 1882, 3553, 198, 2212, 1505, 7445, 5823, 2668, 3188, 3426, 
Weights: 715.731, 364.085, 31.8213, 167.954, 98.3993, 332.843, 33.2759, 122.231, 325.733, 72.3708, 47.1223, 736.038, 73.2615, 105.525, 63.4612, 54.6419, 1.04319, 0.943109, 77.9176, 107.617, 73.5461, 0.677983, 2.11865, 383.095, 88.4183, 1.00505, 1.06381, 299.407, 14.5454, 207.267, 39.1362, 147.976, 14.7732, 1.75523, 341.802, 0.999975, 1.04514, 26.1524, 11.4822, 183.719, 1.0094, 1.35831, 0.338959, 1.00954, 281.323, 0.990928, 0.95535, 1.40887, 0.727303, 0.992439, 210.092, 228.999, 0.966265, 0.982141, 20.9597, 5.84626, 572.751, 1.01848, 0, 0.371886, 305.999, 0.997213, 100.855, 79.135, 2.70082, 0.0114787, 0.145257, 1.00375, 153.456, 82.2919, 0, 4.99722, 1.18219, 254.594, 8.75542, 0.820636, 112.628, 2.3619, 0.956807, 2069.07, 1.40009, 0.953352, 0, 0.370487, 149.345, 222.314, 1.14838, 2.28108, 1.23081, 86.7768, 14.1928, 
n_nonzero: 88

