n_tets: 29
relErr: 0.392481
Selected tets: 995, 6736, 3302, 3987, 3394, 5919, 5053, 3766, 4748, 2193, 2122, 6506, 5764, 1865, 4146, 1481, 7325, 7320, 3959, 6094, 983, 4455, 1823, 6731, 3811, 2352, 488, 6772, 7227, 
Weights: 1147.09, 519.617, 476.784, 106.973, 247.084, 399.22, 100.61, 901.204, 647.204, 287.237, 253.863, 613.738, 106.92, 241.733, 141.032, 413.649, 0.538019, 0.91334, 100.495, 143.338, 290.88, 0.576464, 253.97, 575.703, 122.975, 1.01679, 1.00687, 215.783, 14.6323, 
n_nonzero: 29

