n_tets: 162
relErr: 0.155899
Selected tets: 10555, 21616, 12946, 21677, 4748, 6996, 23325, 27965, 4263, 12045, 17320, 25683, 19465, 9519, 19914, 12330, 23888, 5093, 21360, 28276, 21477, 726, 19503, 27247, 19660, 8811, 19456, 1518, 11035, 8328, 15796, 13232, 19166, 13409, 6928, 11618, 25707, 19162, 2547, 15300, 2987, 17874, 23620, 1861, 15479, 1269, 22785, 25329, 27418, 10401, 17509, 29299, 4195, 25933, 24111, 12388, 15089, 13391, 10002, 20247, 6697, 16256, 19800, 1543, 21586, 15012, 15261, 18244, 12419, 5851, 4114, 13262, 4087, 12118, 14799, 19346, 18806, 6050, 5897, 19548, 27873, 14866, 12204, 6574, 615, 23457, 14449, 24519, 11464, 5283, 27830, 26024, 26451, 4776, 3022, 22444, 1404, 20672, 4294, 25936, 21442, 23021, 19072, 15701, 2551, 3044, 25426, 22905, 8294, 5524, 10404, 21587, 2827, 14554, 27248, 9885, 14214, 11571, 26472, 15465, 14082, 21181, 14519, 12796, 17326, 12794, 9864, 13331, 4089, 4435, 22616, 14548, 27641, 5693, 1542, 1535, 17875, 11961, 22296, 17872, 25247, 21218, 19661, 3008, 4099, 19164, 2655, 24925, 11924, 26592, 11946, 14, 4806, 20118, 696, 28794, 37, 15723, 27439, 5905, 18733, 25223, 
Weights: 4734.98, 844.801, 519.137, 760.612, 0, 870.001, 808.432, 0, 1.67721, 13.5728, 0.633177, 339.796, 1.02004, 1432.51, 291.65, 387.006, 76.9467, 99.0819, 0.977952, 3488.42, 2.02793, 0, 109.479, 1.41756, 40.7561, 0, 414.608, 0.912089, 52.8917, 687.728, 0, 6.27146, 0.509549, 0, 10.9584, 0, 1134.53, 0, 226.584, 151.84, 0, 2.92182, 1250.69, 1.52196, 0, 0.435876, 1501.57, 148.975, 1757.01, 36.3651, 106.86, 170.786, 434.556, 0, 1.83886, 0, 1579.21, 129.504, 0, 0, 0, 0, 0.851651, 0.815119, 0.940256, 45.1699, 0, 1384.09, 0, 0, 0, 0, 1.01342, 88.4885, 118.779, 293.532, 479.412, 0, 725.266, 0, 1204.58, 2.07492, 557.118, 332.343, 156.512, 0, 0, 0, 339.473, 0, 13.7949, 0, 0, 0, 0, 7.46879, 504.998, 0, 0, 60.4733, 1.13369, 2.33132, 0, 220.355, 0, 74.8039, 0, 0, 1.02867, 3.59686, 51.3181, 0, 0, 0, 5.2686, 0, 32.4938, 1.15314, 0, 0, 0, 126.793, 93.3419, 0.799882, 0, 0, 111.555, 16.4107, 0.991641, 0, 0, 106.054, 883.864, 0, 1.37784, 22.8147, 0, 1.11648, 90.4579, 0.973026, 6.42643, 178.227, 0.728755, 137.238, 2.11477, 0.986461, 20.0935, 0, 40.7393, 0, 132.731, 690.821, 0, 0.976722, 1.036, 193.727, 0.988094, 1501.92, 0, 0, 0, 0, 
n_nonzero: 105

Running time so far: 182.504s

