n_tets: 231
relErr: 0.0595068
Selected tets: 13986, 9874, 28312, 13284, 1214, 27342, 6233, 24777, 25350, 11692, 1312, 15251, 11970, 6638, 15836, 26177, 12232, 22738, 4998, 19909, 19835, 19799, 18800, 1088, 9388, 8792, 10521, 18579, 21869, 15721, 6623, 9788, 186, 26553, 20056, 12458, 20950, 21067, 20597, 24495, 27104, 6222, 215, 3129, 4136, 8521, 23166, 15194, 25355, 2064, 2824, 7633, 5419, 1906, 17492, 17558, 1541, 191, 20393, 11877, 24089, 7382, 27757, 10960, 21177, 9228, 11678, 14312, 13939, 5052, 4979, 13407, 22993, 20059, 21061, 17591, 18961, 24762, 19733, 8776, 21175, 19188, 4395, 18922, 17562, 8507, 21683, 13200, 21730, 7716, 4176, 16017, 12656, 29389, 2291, 10248, 22502, 16225, 24080, 4511, 10807, 9106, 23911, 9840, 25841, 5362, 28931, 256, 3857, 23843, 15303, 24964, 723, 22646, 3114, 1210, 24852, 29425, 6932, 14520, 11434, 21181, 12534, 293, 21755, 22435, 17221, 17785, 14797, 29482, 22609, 8294, 19923, 11702, 19083, 26436, 2840, 8550, 18423, 21044, 4142, 2781, 19575, 15904, 1539, 2282, 5816, 8298, 21427, 24205, 14012, 14015, 4153, 22113, 17390, 24144, 23891, 4489, 21777, 23887, 19517, 7318, 6878, 15772, 9748, 8520, 7316, 14262, 8556, 11055, 18952, 17968, 8629, 2784, 11945, 25049, 20607, 17308, 25544, 19082, 6007, 9138, 21586, 20054, 10659, 17522, 12008, 12284, 876, 1206, 9900, 9316, 21517, 12268, 8094, 6436, 20072, 20067, 10455, 24660, 28910, 27456, 19326, 4090, 3312, 6512, 6302, 29350, 18929, 2822, 19510, 8921, 16411, 4324, 10938, 20449, 23880, 16312, 24932, 11895, 5901, 4188, 9112, 12115, 9029, 13771, 12299, 19328, 17994, 11961, 20995, 
Weights: 318.175, 0, 162.783, 0, 0, 133.096, 278.775, 1898.71, 422.163, 252.617, 1549.73, 0, 0, 0, 144.012, 323.43, 0, 0, 154.233, 0, 64.3175, 0, 0, 0, 0, 347.129, 20.7303, 103.212, 0, 994.245, 0, 73.2163, 25.4746, 102.674, 15.3675, 0, 901.828, 0, 0, 627.087, 0, 865.744, 0, 21.688, 146.06, 55.6423, 120.514, 431.951, 359.252, 283.475, 0, 394.505, 0, 205.397, 0, 0, 0, 0, 0, 0, 0, 0, 324.151, 27.0352, 1.69456, 0, 373.942, 0, 0, 27.3228, 0, 88.4709, 46.4714, 169.936, 616.38, 83.0479, 322.519, 642.624, 22.6824, 0, 0, 289.202, 208.323, 293.915, 173.123, 39.2682, 138.446, 129.538, 8.04699, 114.563, 0, 219.628, 410.297, 0, 0, 772.396, 0, 0, 2.6368, 642.46, 88.3923, 1751.09, 0, 225.299, 13.5567, 1370.13, 265.585, 134.893, 0, 244.156, 0, 0, 0, 141.782, 54.8825, 0, 0, 0, 0, 428.944, 158.583, 0, 50.2533, 47.2307, 0, 0, 83.6019, 173.139, 143.495, 0, 235.734, 8.10152, 30.5751, 124.95, 0, 101.01, 217.352, 27.6802, 398.526, 0, 0.219538, 71.5572, 59.8926, 258.027, 42.976, 0, 759.621, 344.586, 616.469, 0, 0, 0, 0, 0, 0.615945, 0, 0, 480.39, 43.8044, 43.0159, 5.81268, 19.0757, 0, 0, 64.8148, 78.5419, 0, 0, 14.5375, 294.43, 135.258, 0, 126.785, 99.3752, 3.73382, 0, 264.617, 0, 0, 0, 309.912, 26.3034, 0.687427, 43.1051, 714.04, 0, 33.5164, 56.4348, 21.4111, 0, 0, 0, 74.9474, 796.479, 141.388, 47.0427, 0, 0, 1165, 0, 0, 177.033, 0, 0, 0, 0, 89.9785, 0, 324.157, 244.308, 0, 0, 0, 109.012, 0, 6.48116, 0, 126.316, 71.8973, 35.0797, 105.95, 0, 56.5331, 74.0738, 0, 112.159, 23.9939, 74.4793, 49.6861, 60.9773, 440.378, 
n_nonzero: 138

Running time so far: 62.296s

