n_tets: 216
relErr: 0.000721078
Selected tets: 235796, 269544, 362937, 298539, 381300, 26069, 233619, 388822, 143254, 29257, 129749, 245011, 429667, 245127, 3631, 8706, 280852, 350808, 187116, 150871, 102239, 205157, 23989, 213606, 376047, 363265, 311537, 163244, 206903, 416957, 13780, 160206, 136949, 301704, 377338, 139005, 405237, 161679, 288456, 291655, 315929, 21584, 106379, 134563, 69093, 412289, 126150, 397111, 346140, 248178, 8314, 30348, 401752, 184484, 251881, 160381, 155049, 420840, 229484, 204986, 419364, 397751, 312336, 307422, 371087, 385296, 298875, 300477, 418362, 156640, 115018, 234799, 33298, 113831, 267589, 85015, 57153, 345250, 81311, 263552, 265880, 313697, 278252, 131980, 235486, 143266, 314130, 414915, 91544, 312802, 56878, 285369, 373908, 62244, 420700, 229489, 331355, 114000, 281090, 211588, 282487, 159429, 418158, 29767, 381558, 81782, 373237, 347967, 284712, 346055, 409759, 305174, 290461, 189807, 275538, 83557, 145765, 111736, 198232, 212437, 202476, 29114, 424541, 327840, 412129, 376211, 124147, 207932, 385107, 325987, 71035, 2998, 180537, 319143, 413997, 179503, 159435, 125934, 233886, 161334, 363109, 248706, 76749, 415107, 199841, 97972, 130768, 373705, 186516, 279888, 165392, 286736, 92506, 171396, 3756, 78807, 137958, 46557, 279086, 386678, 158736, 3062, 270318, 216850, 273407, 183334, 59977, 197867, 74923, 272751, 406244, 157438, 188096, 309332, 417772, 340956, 369693, 122702, 264704, 301586, 305619, 222688, 1980, 76596, 398209, 2405, 330896, 414061, 44001, 154630, 99199, 407439, 82121, 79942, 290779, 184405, 178953, 174536, 182299, 205914, 375644, 185366, 201899, 241731, 36122, 383243, 399121, 394021, 212109, 55189, 95326, 25270, 226420, 10447, 177734, 174234, 
Weights: 8158.42, 2336.96, 0, 0, 116.567, 1410.57, 539.353, 481.049, 0, 0, 376.587, 0, 0, 127.02, 5.92242e+06, 131.639, 6703.61, 70.3946, 0, 374.863, 1293.98, 2337.61, 158.512, 0, 62.9621, 75.8567, 0, 0, 11.3139, 129.955, 0, 0, 302.437, 3564.91, 1429.42, 115.074, 4343.06, 0, 0, 7643.19, 1631.6, 253.439, 0, 0, 0, 2484.56, 135.97, 384.027, 0, 0, 883.571, 0, 378.336, 1603.75, 0, 642.134, 795.034, 0, 0, 12090.5, 0, 0, 62.036, 1236.26, 335.602, 0, 1039.8, 1757.77, 3014.33, 0, 0, 933.135, 0, 4728.1, 0, 0, 338.044, 0, 0, 227.411, 0, 0, 0, 365.698, 922.487, 0, 0, 0, 0, 2490.95, 19826.6, 901.872, 0, 0, 186.976, 322.4, 842.691, 310.818, 57.3116, 0, 0, 0, 789.773, 423.042, 3017.39, 0, 0, 0, 491.507, 747.251, 3846.74, 0, 282.231, 0, 2569.2, 0, 794.452, 109.612, 0, 0, 1003.02, 0, 750.821, 0, 243.879, 0, 0, 474.43, 0, 2146.3, 3995.1, 1428.74, 5529.94, 1851.8, 621.72, 0, 0, 0, 0, 0, 0, 305.004, 0, 498.068, 1672.37, 296.875, 985.992, 0, 25203.8, 0, 329.06, 315.374, 2069.56, 0, 0, 524.114, 3604.01, 273.795, 0, 2528.79, 0, 6418.85, 625.712, 41.8953, 69332.1, 0, 98.7403, 0, 695.035, 318.696, 16648.6, 0, 937.386, 407.592, 1100.23, 0, 597.291, 0, 0, 95.8623, 1034.81, 67.5211, 159892, 145.339, 121327, 214.636, 371.866, 3780.42, 0, 87.0949, 0, 118.835, 339.972, 6243.26, 0, 68119.1, 20300.6, 0, 726.434, 589.228, 453.897, 0, 192606, 255.865, 438.456, 190.532, 176.102, 24.7333, 48428, 11335.1, 214.109, 0, 423.84, 643.414, 15399.1, 443.909, 
n_nonzero: 133

Running time so far: 294.3s

