n_tets: 20
relErr: 0.203612
Selected tets: 99, 14, 57, 89, 11, 140, 103, 93, 119, 146, 185, 107, 138, 137, 153, 77, 199, 101, 135, 22, 
Weights: 60.7293, 1.33628, 0.999643, 1.01618, 50.3189, 1.02301, 38.0473, 1.02382, 1.1456, 63.2377, 1.00824, 1.3156, 1.02662, 1.03998, 1.03892, 1.07862, 1.00981, 2.16291, 20.389, 1.11655, 
n_nonzero: 20

