n_tets: 150
relErr: 0.000963485
Selected tets: 99, 14, 57, 89, 11, 140, 103, 93, 119, 146, 185, 107, 138, 137, 153, 77, 199, 101, 135, 22, 48, 13, 186, 124, 201, 18, 202, 184, 198, 3, 84, 203, 152, 166, 53, 39, 128, 30, 88, 200, 194, 111, 73, 147, 63, 82, 20, 0, 197, 108, 183, 51, 8, 141, 132, 42, 28, 34, 150, 195, 49, 164, 142, 156, 120, 143, 187, 2, 72, 114, 189, 41, 87, 12, 110, 71, 130, 45, 70, 67, 116, 113, 190, 96, 94, 105, 157, 38, 193, 81, 125, 181, 117, 85, 5, 179, 46, 131, 123, 40, 80, 196, 106, 109, 163, 43, 29, 24, 19, 16, 176, 66, 168, 65, 59, 4, 191, 74, 104, 139, 52, 25, 182, 9, 144, 155, 133, 175, 154, 192, 31, 172, 26, 23, 167, 115, 92, 122, 76, 136, 97, 134, 148, 17, 91, 151, 126, 98, 78, 15, 
Weights: 4.1764, 0.999993, 0.999983, 0.999996, 3.53107, 0.999991, 1.73989, 1.00004, 0.999894, 2.69819, 0.999944, 1.00025, 0.999998, 1.00002, 0.999289, 1.00013, 1.00007, 1.00011, 1.76301, 1.00009, 1.49762, 0.99994, 1.00005, 0.470115, 0.999858, 0.999651, 1.00081, 0.999998, 0.999728, 0.922835, 1.00008, 0.999877, 1.01067, 5.93572, 2.12772, 0.999878, 1.26429, 1.17479, 2.14903, 0.999699, 1.00005, 0.9999, 0.264055, 0, 1.00049, 1.10753, 1.83356, 0.997581, 0.9998, 0.847985, 0.999603, 0.694769, 1.66265, 1.02238, 1.43701, 0.994662, 1.1898, 0.818445, 0, 0.941953, 0.998302, 0.315449, 1.18276, 1.27621, 0.269866, 0.0531495, 0.999814, 1.16578, 1.00438, 2.82383, 1.00066, 0, 2.11713, 1.57346, 0.635389, 1.15598, 1.17304, 0.838523, 1.03082, 1.17088, 0.722415, 1.53332, 1.25499, 2.00853, 2.7508, 0.697317, 0, 1.04466, 1.82806, 0.440839, 2.0267, 2.9168, 0.673574, 2.43318, 4.30213, 0.617139, 0.780596, 0.791741, 1.04775, 2.53783, 2.80907, 0.753473, 1.03822, 2.2362, 2.72528, 1.43459, 1.38799, 1.25453, 3.16433, 0.72132, 6.03046, 2.04744, 2.40522, 0, 1.40271, 2.02219, 0.804872, 1.61848, 0.680268, 3.38042, 1.20832, 0.4393, 1.05389, 0.777329, 2.09866, 0.976696, 0.0611663, 0.647588, 1.34618, 0.677405, 1.3881, 1.19435, 3.96992, 0.156755, 0, 1.44397, 2.23388, 3.17117, 0.691973, 1.3288, 1.23273, 0.655221, 2.65678, 0, 0.780643, 1.26812, 3.96348, 2.0934, 1.73079, 1.04576, 
n_nonzero: 143

