n_tets: 88
relErr: 0.0606301
Selected tets: 13986, 9874, 28312, 13284, 1214, 27342, 6233, 24777, 25350, 11692, 1312, 15251, 11970, 6638, 15836, 26177, 12232, 22738, 4998, 19909, 19835, 19799, 18800, 1088, 9388, 8792, 10521, 18579, 21869, 15721, 6623, 9788, 186, 26553, 20056, 12458, 20950, 21067, 20597, 24495, 27104, 6222, 215, 3129, 4136, 8521, 23166, 15194, 25355, 2064, 2824, 7633, 5419, 1906, 17492, 17558, 1541, 191, 20393, 11877, 24089, 7382, 27757, 10960, 21177, 9228, 11678, 14312, 13939, 5052, 4979, 13407, 22993, 20059, 21061, 17591, 18961, 24762, 19733, 8776, 21175, 19188, 4395, 18922, 17562, 8507, 21683, 13200, 
Weights: 444.187, 1086.89, 1099.38, 0, 11.3356, 209.691, 610.338, 2333.43, 776.124, 48.6912, 2833.65, 177.06, 114.138, 91.948, 250.428, 0, 42.486, 679.916, 213.398, 189.333, 145.061, 125.958, 0, 0, 1644.87, 494.236, 135.197, 216.363, 220.735, 1278.45, 0, 603.337, 415.026, 369.086, 110.505, 0, 1310.27, 0, 99.7262, 426.363, 309.962, 24.3662, 0, 64.7283, 246.167, 13.2276, 289.809, 1252.81, 424.794, 0, 0, 1046.3, 273.15, 181.175, 0, 217.478, 287.631, 635.202, 1722.48, 485.897, 455.839, 190.551, 242.311, 0, 1.62211, 0, 1210.18, 92.6898, 0, 553.378, 33250.9, 387.219, 161.91, 393.82, 1249.11, 353.533, 200.001, 567.733, 49.7564, 402.624, 0, 280.653, 159.965, 544.855, 1765.02, 43.0104, 283.685, 474.099, 
n_nonzero: 73

Running time so far: 17.4279s

