n_tets: 200
relErr: 0.348204
Selected tets: 1842, 1597, 1136, 1224, 452, 822, 1277, 1021, 1856, 1431, 1326, 1875, 1870, 1851, 345, 1428, 475, 146, 405, 1311, 292, 520, 1854, 1332, 427, 731, 489, 1198, 50, 262, 363, 252, 1206, 955, 462, 435, 59, 874, 21, 246, 1652, 1143, 1790, 593, 559, 1457, 1627, 880, 849, 30, 1051, 455, 619, 281, 1638, 1583, 1341, 1102, 1503, 1210, 108, 504, 1159, 238, 682, 1427, 848, 5, 1194, 536, 529, 697, 881, 840, 1454, 1977, 1319, 638, 609, 1490, 1446, 502, 1578, 1868, 1761, 1628, 1351, 305, 447, 1392, 534, 1535, 198, 1032, 853, 1775, 949, 432, 36, 1926, 1119, 324, 1932, 595, 122, 1515, 1779, 753, 767, 1544, 1370, 1197, 1157, 1566, 1005, 1417, 732, 573, 235, 975, 838, 1462, 1009, 105, 918, 13, 1442, 329, 623, 921, 780, 1233, 808, 1883, 1852, 1873, 1642, 540, 199, 380, 1534, 1613, 960, 899, 1393, 1742, 1359, 1044, 1396, 53, 631, 625, 932, 1018, 634, 1376, 75, 812, 89, 334, 260, 839, 1867, 1251, 60, 1855, 201, 1675, 1343, 1440, 615, 1862, 580, 1364, 789, 1911, 2, 1016, 482, 488, 337, 1629, 1452, 40, 38, 1, 589, 440, 503, 1436, 1853, 1928, 721, 944, 856, 1796, 385, 1866, 1784, 1238, 
Weights: 0.843393, 166.701, 263.54, 0.653323, 0.694032, 1.00753, 46.5776, 1.07144, 0.973663, 1.04251, 210.554, 0.970871, 2.01534, 2.66653, 2.07004, 1.30128, 1.09048, 1.65415, 0.980483, 0.922008, 11.7598, 1.05827, 1.13444, 0.921186, 0.964048, 1.9688, 0.841326, 0.996338, 1.02099, 0.939777, 1.45806, 0.938516, 1.01895, 0.43954, 0.982149, 0.960743, 1.00145, 0.908497, 0.78956, 0.982027, 263.529, 1.01983, 0, 4.32727, 0, 3.98488, 1.00613, 2.64516, 0.934875, 0.879206, 1.02151, 0.99123, 1.0284, 0.998389, 0.96606, 1.09814, 0.865191, 0.979752, 1.08174, 1.16041, 0.915198, 1.31495, 0.54498, 0.925735, 0.971113, 0.680781, 2.15854, 0.886516, 1.00502, 1.11298, 1.00595, 1.46869, 1.12805, 1.13249, 1.03718, 1.39509, 1.26487, 1.03262, 1.03186, 0.980351, 51.8746, 0.976237, 0.494998, 0.936079, 1.04792, 0.916013, 13.7012, 1.15977, 0, 0.99912, 1.00808, 1.00519, 5.94168, 1.04087, 40.2166, 0.94306, 0.773902, 1.09636, 1.50327, 2.15133, 0.587783, 0.961585, 4.57966, 33.3691, 6.68575, 2.26982, 1.04725, 0.909761, 1.13362, 0.935315, 3.40596, 3.32976, 0, 0.976885, 1.73407, 1.01443, 2.56725, 1.62422, 231.808, 42.7512, 0.880216, 37.9081, 1.01999, 21.8982, 0.756409, 0.084427, 2.84711, 1.16494, 0.876324, 1.44513, 0.724167, 1.10361, 38.2421, 1.7333, 0.989614, 1.00091, 1.01016, 0.885292, 0.979943, 65.9328, 0.969077, 0.859322, 9.36382, 0.98406, 0.996998, 0.645152, 0.941266, 1.03382, 1.01107, 1.24867, 1.08076, 1.01503, 1.04622, 1.42436, 1.06454, 0, 81.7134, 62.3926, 0.652927, 1.03572, 0.952718, 1.0078, 0.600623, 14.2879, 0.968943, 0.765277, 17.748, 0, 1.18753, 0.543803, 0.978152, 163.793, 1.03244, 0.5889, 0.898613, 0.460278, 0.924667, 36.8398, 0.924371, 1.02703, 1.10166, 0.920405, 0, 0.766066, 0.378903, 1.33679, 1.19679, 60.7905, 5.85877, 0, 0.841301, 35.8436, 0.385816, 25.1895, 0.981337, 0.901809, 0.35543, 0.115432, 210.295, 2.21111, 
n_nonzero: 192

