n_tets: 220
relErr: 0.362665
Selected tets: 21500, 27848, 13245, 1062, 23629, 22890, 26439, 10395, 1762, 13239, 2064, 7179, 9472, 27723, 24981, 25538, 15997, 17901, 5546, 26161, 18850, 4761, 5565, 27606, 22601, 20170, 12812, 17721, 2763, 14933, 20973, 11971, 24234, 3854, 16524, 4933, 15470, 7354, 20470, 23593, 2716, 26312, 15489, 22202, 6495, 19403, 4175, 26183, 25581, 28594, 14670, 7776, 16251, 26302, 4498, 13334, 10833, 23642, 26751, 15401, 6651, 28287, 27213, 10437, 19522, 5873, 5967, 9001, 797, 5789, 26177, 1249, 10457, 25105, 1041, 8851, 16236, 21990, 4960, 14700, 6339, 7218, 5056, 17417, 22733, 16473, 5270, 8120, 15142, 25168, 14245, 22838, 19706, 2303, 5541, 1787, 9988, 25121, 27307, 22758, 27118, 5367, 28123, 24230, 19701, 5322, 6105, 22447, 788, 24371, 514, 5611, 12546, 18677, 22399, 17584, 15196, 5272, 26570, 6448, 7782, 6001, 9622, 19954, 24762, 16167, 24682, 4553, 6030, 2808, 6023, 1436, 6382, 28429, 28325, 17138, 24418, 21635, 3390, 10128, 4570, 15492, 18878, 1948, 13220, 3996, 7089, 20070, 4447, 18428, 24740, 635, 10056, 6121, 27609, 11030, 4054, 21875, 13512, 21400, 17943, 14408, 10462, 21780, 12015, 24751, 19324, 26859, 5433, 2058, 6842, 27812, 13430, 18084, 17718, 24435, 25791, 13164, 12836, 552, 6238, 26529, 6044, 14932, 5807, 24877, 23379, 19225, 4161, 8462, 3903, 14349, 13085, 9124, 20388, 21901, 22900, 4026, 27388, 21325, 27618, 24564, 22851, 9644, 12504, 4963, 27417, 23809, 576, 13063, 8730, 20764, 10960, 9504, 5740, 13584, 12798, 7326, 22715, 14189, 
Weights: 0, 0, 2869.65, 0, 0, 2224.05, 400.364, 1.07739, 369.255, 0, 7.10531, 246.021, 0, 0, 19.5916, 0, 236.31, 277.077, 0, 745.489, 25.1206, 225.599, 128.714, 0, 0, 0, 0, 50.7017, 55.4264, 0, 0.10643, 2.04116, 4.71026, 6.38408, 36.5372, 19.4473, 0, 1945.37, 0, 1.0007, 0, 1.65959, 0.648817, 52.333, 1.77509, 377.214, 46.2498, 1.00697, 0, 0, 0, 0, 1.37636, 0, 0, 26.9228, 211.114, 41.1236, 393.176, 0, 0.980403, 1.67908, 387.826, 0, 0, 183.028, 1141.86, 0, 0, 3573.66, 53.708, 261.897, 0, 79.092, 633.651, 0, 0, 5.557, 0, 0, 16.9477, 0, 1.43402, 0, 1420.42, 40.5623, 65.5932, 14.0933, 147.931, 0, 0, 3.50982, 2999.24, 0, 0, 42.143, 797.018, 111.004, 0, 3.42482, 0, 881.707, 0.295003, 227.922, 0, 38.1312, 1.24974, 26.7143, 293.571, 36.3673, 105.329, 495.996, 898.779, 0, 0, 0.968759, 0, 0, 92.0509, 0, 0, 19.8667, 0, 481.983, 15.3663, 0, 3681.82, 591.43, 0.834372, 0, 0, 361.971, 39.8602, 103.819, 75.5332, 0, 0, 258.459, 2.89754, 0, 0, 1.08037, 152.942, 0, 7.80084, 10.0031, 0.737585, 0, 17357.5, 0, 1574.38, 657.919, 442.303, 0.959764, 13.2752, 0, 7.58474, 0, 2783.3, 0, 3.36412, 949.852, 2.64287, 0, 0, 507.252, 0.836602, 0, 1184.85, 1.99231, 120.652, 437.406, 0, 13.463, 0, 2.5344, 1.03587, 0, 0, 0, 1.73587, 4512.67, 0, 416.273, 7.8398, 0, 0, 1.00613, 0.289578, 0, 0, 16.7912, 379.109, 477.998, 6823.44, 0, 120.578, 0, 0.961485, 0, 0, 0, 2532.68, 13.3474, 0, 216.727, 86.5536, 0, 17.1671, 0.992398, 0, 0, 0, 0, 0, 45.1133, 0, 137.796, 0, 0, 
n_nonzero: 130

Running time so far: 73.45s

