n_tets: 234
relErr: 0.478117
Selected tets: 25939, 699, 8335, 12763, 14231, 4944, 1622, 18088, 45004, 33142, 17824, 26526, 34964, 29197, 41971, 4088, 9429, 28182, 37261, 22357, 32934, 24473, 44764, 29504, 14031, 10997, 2671, 39876, 22778, 17576, 37292, 27223, 35427, 992, 44953, 24904, 3681, 38672, 1548, 31816, 41017, 24340, 43890, 37493, 13703, 2979, 44748, 25368, 42705, 17570, 44816, 26508, 35141, 37485, 10559, 29550, 11894, 42687, 14294, 10567, 44291, 3093, 36649, 31115, 10652, 27915, 12262, 13861, 21682, 8391, 32080, 39501, 15389, 22564, 6641, 44226, 9963, 21658, 15930, 30067, 3006, 21196, 13786, 12178, 10960, 16308, 20405, 29476, 21551, 39865, 22699, 11408, 2945, 9729, 25223, 6191, 26836, 21676, 4089, 30066, 43910, 36640, 972, 29098, 14460, 18208, 21553, 21568, 32237, 17740, 36645, 12078, 29904, 10553, 4052, 21657, 11683, 43884, 31408, 10555, 3311, 39925, 3361, 19374, 44196, 21653, 7316, 44751, 4814, 10744, 44907, 19750, 5691, 44610, 20952, 18420, 16029, 1067, 42018, 7042, 18157, 37476, 24761, 22356, 29787, 21459, 39190, 42950, 37879, 34345, 17813, 5267, 2719, 6614, 4734, 38635, 44725, 33165, 10223, 2802, 42722, 21635, 11445, 38627, 5051, 3162, 3682, 8151, 13198, 44638, 45123, 22442, 17577, 5566, 42694, 503, 24416, 15833, 34961, 14583, 37358, 15224, 17815, 29472, 11315, 11928, 10226, 19391, 9876, 39238, 4583, 25645, 1339, 34958, 44906, 18854, 764, 24373, 20931, 14578, 42706, 32860, 38805, 16734, 391, 17681, 31757, 18153, 7951, 26914, 28369, 16899, 41310, 22468, 11388, 13483, 9968, 23486, 5811, 38797, 19507, 42693, 13062, 16511, 32235, 6922, 24432, 37218, 35500, 28645, 10557, 33845, 29181, 11509, 
Weights: 2546.93, 1737.74, 1893.01, 1652.79, 1.45913, 992.396, 0.719633, 2157.73, 114.715, 4.25347, 0.912614, 1.29762, 5.16336, 858.523, 8.46734, 12.4101, 62.1233, 0, 4.60516, 1.23722, 3334.31, 4.38761, 0, 0, 0, 209.709, 1974.08, 371.395, 0, 0.141397, 0, 1.31857, 768.978, 39.2675, 0.954967, 59.8218, 1.07802, 0, 10.0898, 500.104, 6.02986, 12.6393, 0, 0, 0, 1.07978, 0, 0, 0.826515, 3.37927, 0, 0, 0.908761, 0, 0.879182, 6.24092, 0.245739, 22.4685, 0.706606, 0, 1.40178, 0, 26.9127, 1120.56, 8.14209, 657.93, 11.2455, 0, 18.703, 0.329197, 0, 0.886268, 1.7931, 0.985401, 0, 0, 4.79192, 0.334513, 0.917122, 0, 14.7626, 7.33802, 3.76936, 0.395214, 1.01326, 85.15, 0, 4.68872, 0, 75.904, 118.422, 1.16638, 17.0074, 56.8257, 15.82, 41.0528, 0, 3.15441, 7.35288, 0, 580.297, 650.329, 1.01296, 3.08405, 0.994624, 0, 8.58968, 4.51755, 0, 0, 0, 615.513, 1.22988, 0, 0, 0.21489, 1.02691, 0.637686, 0, 1919.79, 0, 0, 0, 36.9895, 2.11223, 1.50683, 0, 0, 0.979158, 4.87089, 26.8087, 1102.67, 1.02114, 1.32239, 0, 425.53, 349.986, 1220.01, 0, 45.282, 237.196, 0, 0, 3.69454, 102.467, 206.347, 1.04768, 454.28, 34.4272, 0, 0.996855, 0.929483, 3317.43, 167.633, 2.88604, 1.15697, 0.689022, 0, 1.60394, 0.0517741, 130.377, 42.2983, 0.987778, 0, 0.988672, 1.50036, 0.487635, 0.660484, 6.30935, 1.06796, 58.738, 836.242, 0.921103, 0, 0, 2.00221, 474.318, 0, 18.3465, 0.795208, 11.3982, 1.47107, 1.12111, 1.76506, 0, 0, 0.0136505, 91.3848, 0, 0, 46.2424, 1011.98, 3.57063, 53.0931, 0, 1.00384, 698.591, 11.0081, 13.0931, 0, 0, 0, 0, 1063.98, 524.417, 0.963551, 0, 0.817789, 1.56708, 1.02456, 5.06319, 0, 43.6316, 0, 0.965347, 0, 5.78543, 0.46309, 454.091, 0.169988, 1400.93, 2.17454, 4.25803, 309.726, 21.3711, 38.8156, 2.01436, 4.89775, 3.44961, 0, 0.504817, 1154.7, 2.55257, 17.0975, 
n_nonzero: 172

Running time so far: 135.386s

