n_tets: 55
relErr: 0.385635
Selected tets: 32562, 42675, 7400, 38757, 28732, 43879, 34020, 14663, 14859, 42759, 22443, 10634, 5978, 37804, 28795, 28803, 32402, 41971, 29320, 20127, 20195, 11336, 44942, 27216, 22250, 1961, 39019, 20950, 16309, 24941, 28091, 39255, 43258, 1820, 33980, 29553, 38698, 38867, 4042, 8391, 31826, 7766, 16138, 3845, 43883, 2979, 24124, 29217, 10435, 21177, 4725, 20125, 17790, 22361, 19515, 
Weights: 3326.04, 8204.46, 2399.98, 1.15364, 13468.1, 14.2288, 170.502, 1.01831, 2.41166, 14.2939, 48.4426, 5419.45, 1264.13, 1.14869, 2.16845, 52.2117, 1521.64, 23.7887, 207.251, 0, 0, 0.505284, 2236.32, 1086.75, 3523.22, 1.57834, 0, 579.417, 2.21816, 37.736, 2010.41, 0, 0, 1.07435, 2.91869, 1101.87, 0.936782, 0, 570.899, 1.13086, 220.066, 3.38849, 18.2497, 6466.42, 0.577917, 7.35473, 0, 0.835587, 77.0804, 4957.83, 34.4155, 1.00542, 2.28792, 0, 16.2859, 
n_nonzero: 47

Running time so far: 35.3612s

