n_tets: 260
relErr: 0.181
Selected tets: 13417, 13808, 28312, 14069, 12972, 8258, 18944, 8070, 481, 15775, 21730, 13395, 25325, 4033, 14210, 4406, 28758, 3292, 10851, 23758, 19900, 6591, 14973, 28694, 28842, 9171, 13131, 19233, 2668, 27964, 22780, 12583, 186, 25112, 5552, 2931, 25758, 2253, 27971, 14506, 13058, 21692, 6449, 11962, 5801, 25739, 11593, 17718, 14157, 5185, 24834, 6697, 808, 12454, 12031, 26393, 5141, 24502, 13201, 4846, 19037, 8572, 1861, 12, 22228, 2107, 7838, 15856, 22491, 12004, 21868, 27114, 6553, 20202, 1249, 28810, 6927, 18163, 24785, 20221, 6437, 16292, 20597, 22441, 14252, 20058, 29515, 13200, 15779, 4090, 8983, 4014, 24556, 4929, 3052, 3549, 21881, 9319, 1421, 11924, 11981, 20165, 14333, 18228, 21751, 9234, 7077, 28500, 3086, 28915, 11026, 4190, 22322, 29634, 4318, 7437, 19562, 11571, 6587, 18077, 19801, 18222, 9883, 29631, 2938, 3081, 6338, 28774, 29334, 23005, 15591, 15473, 15776, 12565, 21200, 18130, 13195, 20497, 14340, 28024, 16070, 8906, 27263, 3008, 2838, 13262, 6435, 9099, 19524, 9228, 17578, 14895, 11892, 12443, 14130, 20842, 15778, 6091, 18930, 11945, 4588, 23501, 7681, 4087, 1250, 19266, 5405, 22744, 21500, 22405, 18952, 3909, 21487, 22387, 29301, 15844, 393, 13335, 12359, 21875, 9139, 13967, 6627, 10705, 4555, 8195, 25421, 705, 14790, 11490, 21799, 7137, 8244, 21444, 12584, 14602, 12417, 27963, 9820, 23188, 4876, 6562, 19143, 8997, 1215, 5019, 21782, 24700, 29365, 531, 15264, 21936, 8130, 21622, 21181, 23068, 21440, 22524, 29114, 19503, 8151, 17119, 24390, 19236, 2393, 15057, 11899, 6296, 2518, 29313, 37, 14281, 17431, 685, 5523, 13916, 11925, 21663, 9831, 8963, 723, 5378, 9330, 6833, 21045, 12581, 20416, 9103, 21880, 25761, 1867, 5014, 14601, 11191, 18995, 2275, 25845, 22844, 24630, 29217, 
Weights: 219.611, 537.494, 151.739, 539.552, 536, 2812.52, 0, 206.834, 452.769, 1.02709, 0, 0, 254.407, 0, 1805.87, 444.717, 83.8425, 235.922, 0, 559.042, 0, 138.784, 45.0197, 285.382, 189.483, 92.8613, 0, 0, 22.6539, 880.912, 119.087, 1.72762, 491.893, 276.287, 479.079, 0, 0, 37.7746, 0.966509, 65.9074, 1.01052, 1.02136, 175.556, 42.6264, 0, 402.047, 43.3172, 70.9466, 0, 0, 0, 61.7446, 0, 603.423, 0, 2105.08, 836.978, 325.588, 239.82, 14.0763, 0.871298, 0, 1.08301, 0.781002, 475.474, 374.667, 102.891, 478.92, 19.8027, 4.17528, 70.6661, 508.391, 156.832, 0, 54.1075, 171.402, 4.86973, 27.9319, 0, 0, 66.4849, 197.959, 11.6788, 56.332, 0, 1.08437, 80.0398, 2.21612, 1.09974, 17.2798, 183.626, 7.0658, 0, 5344.98, 11.502, 91.4043, 1.38144, 110.47, 0.99728, 114.147, 1.35004, 1.27901, 332.38, 307.155, 0, 215.008, 0, 483.339, 135.324, 141.063, 0, 94.7952, 170.046, 0, 0, 130.981, 0, 0, 0, 684.533, 0.987548, 85.7607, 0, 219.061, 227.831, 0, 224.504, 151.954, 0, 398.443, 0, 1.12838, 0.68196, 0.423068, 88.3995, 1307.2, 0, 161.904, 124.704, 0, 0.650474, 191.246, 204.121, 2.25011, 3.45672, 0, 1.00282, 226.434, 218.438, 54.9663, 0, 0.967697, 60.146, 0, 1.14942, 104.713, 2.89129, 57.207, 0, 24.6018, 2.20466, 200.017, 0, 1.03291, 86.2036, 0, 8.96382, 174.056, 234.786, 14.2688, 0, 486.891, 33.2615, 269.526, 181.899, 314.421, 0, 101.061, 60.8335, 60.0026, 62.4861, 55.4815, 185.633, 157.482, 34.3639, 0, 23.5123, 0, 0, 0, 0.89905, 17.3631, 8.20962, 0, 0, 0, 108.148, 0, 352.304, 0, 0.372095, 0, 0, 300.332, 166.662, 0, 0, 1.44101, 0, 779.434, 0, 91.5989, 0, 184.604, 0, 18.016, 0, 20.9401, 6.60725, 65.4723, 519.98, 489.414, 220.177, 0.937356, 0, 0, 0, 0, 4.17032, 0, 0, 0, 63.8502, 0.85005, 0, 601.024, 0, 0, 233.201, 0, 12.4184, 37.8881, 221.33, 0, 31.7015, 0, 165.524, 93.5647, 0.913956, 82.3848, 235.929, 9.65747, 0, 73.9912, 369.281, 44.8848, 1.54738, 198.658, 0, 40.9705, 
n_nonzero: 183

Running time so far: 123.155s

