n_tets: 48
relErr: 0.127159
Selected tets: 51214, 33828, 1062, 17144, 34560, 57384, 71719, 24860, 79148, 18752, 26715, 54341, 55661, 18058, 79674, 58394, 47832, 65101, 75225, 78581, 38437, 11094, 31923, 65333, 25095, 40130, 52248, 14997, 55192, 55830, 47691, 20698, 60654, 45641, 58865, 6073, 6794, 65212, 50539, 8071, 42782, 6772, 53911, 40232, 61256, 1986, 27703, 1391, 
Weights: 2620.98, 0, 0, 3890.23, 417.935, 0, 612.851, 0, 1515.42, 0, 3767.68, 1186.19, 7903.62, 0, 0, 0, 0, 11326.4, 5617.6, 0, 0, 1492.12, 0.987466, 2511.67, 0, 0, 0, 56.2126, 0, 4190.52, 4765.02, 775.28, 1381.61, 4040.42, 0, 0, 12098.5, 8.97345, 0, 3828.78, 319.477, 96.4273, 5797.13, 0, 0, 0, 0, 0, 
n_nonzero: 25

Running time so far: 37.213s

