n_tets: 34
relErr: 0.385133
Selected tets: 995, 6736, 3302, 3987, 3394, 5919, 5053, 3766, 4748, 2193, 2122, 6506, 5764, 1865, 4146, 1481, 7325, 7320, 3959, 6094, 983, 4455, 1823, 6731, 3811, 2352, 488, 6772, 7227, 66, 6257, 6007, 3897, 2837, 
Weights: 941.934, 265.244, 423.63, 122.312, 117.669, 468.834, 132.992, 940.043, 491.859, 249.137, 118.022, 784.039, 97.8054, 259.642, 132.678, 326.313, 0.53259, 0.911501, 187.51, 131.999, 192.089, 0.571352, 185.752, 548.399, 121.493, 1.01528, 1.01087, 315.317, 14.4956, 603.364, 43.1139, 96.8481, 21.9268, 2.66794, 
n_nonzero: 34

