n_tets: 79
relErr: 0.273159
Selected tets: 99, 89, 141, 93, 171, 185, 186, 65, 77, 57, 53, 2, 172, 119, 137, 18, 135, 168, 84, 194, 202, 101, 200, 14, 138, 107, 166, 155, 111, 198, 63, 189, 3, 72, 58, 203, 95, 49, 183, 30, 130, 146, 81, 67, 142, 123, 43, 201, 71, 157, 118, 122, 193, 0, 149, 86, 69, 92, 25, 96, 175, 151, 197, 64, 167, 27, 104, 7, 29, 37, 4, 23, 61, 100, 102, 154, 116, 112, 13, 
Weights: 0, 1.02246, 22.0211, 1.00353, 0, 0.950668, 0.949012, 7.07108, 1.01587, 1.43267, 0, 0, 19.2787, 0.510928, 0.979924, 1.34101, 26.0094, 8.12266, 1.0055, 1.00153, 1.24413, 1.93711, 0.593911, 0.392466, 0.235104, 0.945838, 0, 0.559597, 1.03276, 0.864333, 1.11231, 1.87841, 15.5649, 3.76581, 1.66875, 0.851014, 12.1403, 1.5255, 0.971573, 12.3832, 5.1733, 0, 6.04559, 1.9956, 4.82055, 3.6769, 0, 0.145494, 14.5674, 16.0048, 3.67276, 2.63956, 1.70521, 0.420052, 5.0538, 9.78018, 11.5078, 2.55638, 2.59046, 20.3114, 17.7959, 2.87152, 0.529379, 156.277, 16.1417, 8.82032, 4.2731, 25.6899, 0.638778, 15.3848, 3.89746, 26.6414, 10.4941, 4.31863, 4.31584, 2.40273, 3.70161, 6.71586, 0.0215769, 
n_nonzero: 72

