n_tets: 140
relErr: 0.00134277
Selected tets: 99, 14, 57, 89, 11, 140, 103, 93, 119, 146, 185, 107, 138, 137, 153, 77, 199, 101, 135, 22, 48, 13, 186, 124, 201, 18, 202, 184, 198, 3, 84, 203, 152, 166, 53, 39, 128, 30, 88, 200, 194, 111, 73, 147, 63, 82, 20, 0, 197, 108, 183, 51, 8, 141, 132, 42, 28, 34, 150, 195, 49, 164, 142, 156, 120, 143, 187, 2, 72, 114, 189, 41, 87, 12, 110, 71, 130, 45, 70, 67, 116, 113, 190, 96, 94, 105, 157, 38, 193, 81, 125, 181, 117, 85, 5, 179, 46, 131, 123, 40, 80, 196, 106, 109, 163, 43, 29, 24, 19, 16, 176, 66, 168, 65, 59, 4, 191, 74, 104, 139, 52, 25, 182, 9, 144, 155, 133, 175, 154, 192, 31, 172, 26, 23, 167, 115, 92, 122, 76, 136, 
Weights: 5.53066, 1.00012, 0.999911, 0.999946, 4.72564, 1.00004, 1.71257, 1.00003, 0.999629, 2.41686, 0.999917, 1.00017, 0.999922, 1.00003, 0.99836, 1.00025, 1.00007, 0.999972, 2.374, 0.999805, 2.42379, 0.999897, 0.999497, 0, 0.999796, 0.999536, 1.00171, 1.00005, 0.998314, 0.643008, 1.00012, 1.00007, 1.52396, 7.0273, 3.18988, 0.999508, 2.0697, 0.923938, 1.43172, 0.999704, 1.00017, 0.999562, 0, 0, 1.00095, 1.2038, 2.69977, 1.00267, 0.999866, 0.85121, 0.998842, 0.812181, 1.54712, 0.848088, 2.10942, 0.335919, 1.00681, 0.763499, 2.63083, 1.03141, 0.998515, 0, 1.29884, 1.72799, 0.0098314, 4.25998, 0.99906, 1.47547, 1.00376, 2.56484, 1.0013, 0, 3.74207, 1.67204, 0.99616, 0.946966, 2.05344, 0.723918, 1.33261, 1.29749, 0.641698, 0.954507, 2.78921, 3.5211, 2.74873, 1.20339, 0, 1.2018, 1.45369, 0.583664, 1.42972, 12.1516, 0.863218, 3.22511, 4.35648, 0.55101, 0.588807, 0.964836, 1.01534, 2.62315, 3.41325, 0.684739, 2.13641, 2.69833, 3.91703, 0.940777, 1.28461, 1.41184, 2.68578, 1.10428, 1.32408, 2.77739, 1.48416, 0, 0.382942, 1.54799, 0.559444, 1.30467, 0.887099, 3.29412, 1.24053, 0.566243, 0.830527, 1.13847, 0.263527, 0.739228, 0.0727767, 0.622456, 1.30886, 0.792759, 1.29385, 2.1668, 3.02311, 0.35413, 0.592001, 0.993933, 1.77703, 2.1846, 0.628278, 1.38558, 
n_nonzero: 133

