n_tets: 156
relErr: 0.00181622
Selected tets: 235796, 269544, 362937, 298539, 381300, 26069, 233619, 388822, 143254, 29257, 129749, 245011, 429667, 245127, 3631, 8706, 280852, 350808, 187116, 150871, 102239, 205157, 23989, 213606, 376047, 363265, 311537, 163244, 206903, 416957, 13780, 160206, 136949, 301704, 377338, 139005, 405237, 161679, 288456, 291655, 315929, 21584, 106379, 134563, 69093, 412289, 126150, 397111, 346140, 248178, 8314, 30348, 401752, 184484, 251881, 160381, 155049, 420840, 229484, 204986, 419364, 397751, 312336, 307422, 371087, 385296, 298875, 300477, 418362, 156640, 115018, 234799, 33298, 113831, 267589, 85015, 57153, 345250, 81311, 263552, 265880, 313697, 278252, 131980, 235486, 143266, 314130, 414915, 91544, 312802, 56878, 285369, 373908, 62244, 420700, 229489, 331355, 114000, 281090, 211588, 282487, 159429, 418158, 29767, 381558, 81782, 373237, 347967, 284712, 346055, 409759, 305174, 290461, 189807, 275538, 83557, 145765, 111736, 198232, 212437, 202476, 29114, 424541, 327840, 412129, 376211, 124147, 207932, 385107, 325987, 71035, 2998, 180537, 319143, 413997, 179503, 159435, 125934, 233886, 161334, 363109, 248706, 76749, 415107, 199841, 97972, 130768, 373705, 186516, 279888, 165392, 286736, 92506, 171396, 3756, 78807, 
Weights: 6555.33, 2092.37, 0, 0, 250.155, 1608.57, 343.501, 681.252, 130969, 0, 313.685, 0, 0, 34.4205, 0, 345.75, 0, 308.382, 0, 705.905, 1478.77, 0, 235.385, 118.731, 437.044, 905.565, 0, 120.532, 447.777, 312.058, 0, 0, 778.014, 1534.78, 1319.8, 1306.54, 8161.27, 0, 259.762, 0, 4473.38, 61.7085, 0, 0, 0, 998.36, 342.812, 52.1185, 0, 0, 955.948, 0, 610.227, 2897.56, 0, 632.101, 0, 0, 0, 0, 4932.74, 0, 93.7469, 1384.29, 172.798, 0, 1131.75, 1887.13, 0, 1.0774e+06, 0, 0, 696.558, 5005.12, 0, 1450.71, 373.761, 400.942, 0, 0, 306.972, 0, 0, 0, 916.038, 0, 2261.71, 750.473, 0, 2551, 0, 2394.63, 0, 283282, 2748.83, 612.554, 4787.39, 347.107, 0, 0, 0, 0, 724.986, 1236.02, 1636.84, 0, 0, 0, 478.979, 869.165, 0, 0, 284.778, 0, 4371.9, 1.34394e+06, 726.765, 190.853, 0, 466.655, 845.72, 0, 1458.06, 5751, 500.297, 2989.11, 166.041, 0, 0, 2183.22, 2833.27, 1230.04, 3890.98, 17790.7, 465.367, 140.307, 0, 1489.95, 0, 247921, 10113.2, 422.854, 15639.9, 22.8731, 798.774, 206.628, 651.072, 194.126, 0, 2209.39, 262.463, 355.099, 18026.6, 24133.3, 88.9153, 383.629, 
n_nonzero: 99

Running time so far: 246.741s

