n_tets: 21
relErr: 0.311449
Selected tets: 99, 89, 141, 93, 171, 185, 186, 65, 77, 57, 53, 2, 172, 119, 137, 18, 135, 168, 84, 194, 202, 
Weights: 42.6012, 1.03994, 58.6296, 1.0112, 39.1988, 0.940233, 1.00059, 4.69374, 1.0373, 1.41287, 127.857, 9.51106, 12.0814, 0.403477, 0.96877, 1.5692, 37.5702, 32.3538, 0.999663, 1.02479, 1.56585, 
n_nonzero: 21

