n_tets: 51
relErr: 0.350127
Selected tets: 995, 6736, 3302, 3987, 3394, 5919, 5053, 3766, 4748, 2193, 2122, 6506, 5764, 1865, 4146, 1481, 7325, 7320, 3959, 6094, 983, 4455, 1823, 6731, 3811, 2352, 488, 6772, 7227, 66, 6257, 6007, 3897, 2837, 6381, 2097, 2003, 2113, 6822, 854, 5717, 2379, 5482, 929, 4260, 5442, 5647, 3953, 7480, 3285, 2645, 
Weights: 916.606, 212.156, 313.632, 134.313, 159.92, 535.813, 94.9465, 846.753, 404.882, 212.865, 163.727, 748.967, 77.2346, 178.033, 78.6325, 236.132, 1.07881, 0.925465, 89.2369, 103.769, 195.993, 0.679629, 0, 624.76, 133.107, 1.03009, 1.01442, 263.268, 16.3122, 341.653, 35.4533, 111.76, 21.0332, 4.19954, 271.466, 1.0726, 1.00229, 130.603, 25.4644, 129.914, 1.05989, 1.36749, 1.21406, 0.972994, 467.967, 0.929265, 0.996761, 3.5105, 0.786552, 0.995335, 210.672, 
n_nonzero: 50

