n_tets: 21
relErr: 0.407387
Selected tets: 995, 6736, 3302, 3987, 3394, 5919, 5053, 3766, 4748, 2193, 2122, 6506, 5764, 1865, 4146, 1481, 7325, 7320, 3959, 6094, 983, 
Weights: 1426.61, 630.324, 660.56, 122.552, 356.719, 338.477, 105.106, 1523.93, 567.657, 235.007, 214.882, 546.804, 96.0003, 247.54, 163.961, 365.012, 0.502567, 0.896723, 111.456, 151.59, 313.876, 
n_nonzero: 21

