n_tets: 132
relErr: 0.152791
Selected tets: 11653, 17340, 29124, 23576, 14512, 19181, 26439, 14755, 7643, 20581, 27376, 9208, 22436, 17370, 29530, 12686, 9765, 5093, 27829, 5223, 10587, 2282, 28753, 4945, 11956, 10685, 27251, 12253, 14924, 23185, 4460, 21799, 19166, 25112, 6928, 19480, 3092, 14022, 13107, 26027, 22837, 24849, 10400, 3918, 14873, 8521, 25376, 16928, 21411, 12601, 15774, 17871, 16874, 12159, 211, 14017, 13163, 9065, 1531, 2956, 17173, 3391, 5773, 4144, 21586, 2015, 4242, 10516, 3130, 9781, 17745, 21040, 4087, 6192, 18687, 12445, 18806, 18181, 18118, 29685, 25223, 29272, 14235, 13331, 14252, 7433, 4876, 27465, 26924, 24111, 15127, 12545, 1301, 12638, 17226, 27963, 13006, 8509, 4076, 4090, 17307, 29291, 13065, 25831, 13257, 13249, 11066, 17692, 8294, 22721, 58, 16989, 21930, 4862, 19164, 12648, 19562, 21931, 13189, 17545, 21566, 26415, 4158, 3086, 11038, 3042, 25613, 20749, 6798, 3708, 13372, 7471, 
Weights: 1782.77, 922.175, 0, 140.306, 0, 0, 0, 0, 0, 3.87934, 134.787, 1.11857, 0, 1336.56, 0.520108, 987.554, 368.913, 246.511, 1.92004, 0, 1028.18, 0, 6998.52, 1.46777, 1.26827, 1323.76, 0.997636, 1805.55, 426.635, 298.755, 0, 1.18965, 0.961217, 39.0171, 0, 20.232, 0, 242.617, 0, 0, 38.067, 157.124, 0.975675, 516.185, 368.796, 0.463665, 0, 0, 61.6966, 2.19187, 0, 0, 427.959, 0, 1.04027, 473.286, 420.754, 0, 1808.28, 1095.01, 391.516, 0, 0, 0, 0.701934, 1578.88, 0.747152, 302.11, 1294.82, 0, 603.431, 0.542948, 0.967216, 1734.65, 328.46, 0, 0, 1.22847, 1.56982, 0, 51.1843, 2.14149, 0, 1.12748, 4.06728, 193.754, 0, 0, 0, 31.3862, 26.0123, 0, 566.535, 0, 405.518, 0, 10.6335, 96.8701, 244.261, 0.871834, 317.126, 0.325234, 0.961316, 0, 313.996, 847.517, 0, 0, 1.47404, 52.4129, 0, 0, 0, 0, 2.81259, 0, 8.33471, 0, 0, 0, 42.7759, 0, 0, 0, 0, 0.761796, 2.48614, 5.73999, 0, 0, 870.527, 7.6326, 
n_nonzero: 81

Running time so far: 189.153s

