n_tets: 238
relErr: 0.0572034
Selected tets: 29127, 663, 19334, 2539, 17312, 25934, 6233, 15770, 23150, 23393, 21534, 19440, 9499, 12040, 9900, 8286, 14089, 5132, 29637, 16013, 9885, 6439, 27103, 1556, 11950, 19167, 26536, 17860, 2187, 12207, 13680, 29504, 14520, 12427, 5898, 3575, 24294, 4103, 1539, 9627, 13058, 17874, 21181, 14917, 6858, 15734, 15047, 8963, 4109, 22990, 12018, 8391, 13923, 11980, 10161, 1221, 6571, 21511, 6642, 14605, 2433, 18051, 2317, 4136, 21177, 25650, 4112, 25027, 11085, 22722, 20054, 13407, 2550, 16056, 10844, 28817, 29263, 7874, 1018, 2180, 12314, 14017, 18907, 21392, 17871, 17261, 25538, 21565, 5190, 4090, 4481, 29527, 22754, 17269, 1706, 19507, 22767, 21277, 15624, 25566, 7008, 29291, 17148, 17430, 18483, 27326, 14990, 4016, 15940, 3545, 2076, 4190, 18033, 25532, 6015, 11870, 24073, 24085, 1254, 22699, 1526, 7056, 7645, 6097, 16119, 23911, 26767, 17557, 16192, 9977, 12420, 18260, 7946, 8506, 24926, 3821, 5279, 8747, 41, 15698, 4142, 8457, 27723, 15301, 9608, 26671, 3017, 27817, 8222, 23082, 14012, 3996, 5385, 19028, 696, 23333, 25540, 24171, 8964, 27296, 25332, 1649, 10866, 22717, 5468, 20371, 18345, 1666, 2991, 14127, 16088, 19715, 7124, 803, 4560, 4274, 13761, 32, 27801, 15930, 21093, 5877, 17772, 19162, 8010, 1016, 14641, 9168, 24107, 18267, 13638, 13409, 19000, 20869, 19225, 6436, 25795, 355, 8591, 2545, 5527, 6823, 819, 22736, 3421, 3312, 13144, 29350, 3362, 23876, 11626, 9248, 19068, 26451, 21945, 19655, 20494, 10938, 12433, 24963, 18808, 3033, 4268, 19236, 20844, 16498, 11105, 3655, 24523, 6992, 7498, 22742, 27793, 2905, 22107, 10226, 29285, 24787, 
Weights: 733.887, 0, 0, 276.365, 0, 0, 463.156, 0, 0, 0, 791.335, 0, 0, 0, 0, 1868.78, 158.625, 0, 0, 0, 1739.37, 138.999, 0, 732.605, 0, 0, 0, 223.433, 0, 0, 15.7057, 176.139, 0, 0, 411.888, 173.326, 0, 0, 0, 360.619, 0, 0, 0, 364.296, 172.319, 297.143, 0, 0.922038, 0, 0, 430.23, 0, 0, 0, 0, 0, 0, 164.559, 487.207, 103.537, 0, 0, 170.34, 445.792, 0, 0, 0, 0, 0, 0, 0, 0, 0, 0, 119.655, 0, 0, 0, 0, 0, 0, 0, 697.83, 1634.08, 0.986833, 351.926, 0, 96.4484, 0, 0, 24.7455, 19.5041, 0, 0, 0, 0, 0, 0, 275.777, 0, 94.7769, 0, 0, 0, 96.176, 0, 66.6367, 0, 21.6229, 623.747, 0, 0, 0, 177.464, 75.9803, 0, 0, 193.151, 0, 896.49, 0, 936.338, 0, 0, 0, 0, 326.296, 0, 0, 79.4335, 0, 377.84, 118.297, 506.656, 0, 0, 0, 0, 33.146, 0, 0, 0, 0, 0, 76.2374, 125.159, 511.521, 1267.34, 0, 0, 0, 0, 0, 131.245, 1.0118, 0, 105.07, 0, 1.00016, 554.5, 0, 457.83, 0, 0, 0, 0, 202.389, 0, 0, 0, 0, 0, 985.867, 0, 761.029, 0, 0, 0, 0, 265.061, 15.8484, 275.433, 1531.16, 0.946928, 0, 0, 0, 0, 80.9384, 0, 0, 0, 0, 0, 0, 0, 37.1432, 0, 0, 0, 0, 0, 0, 348.026, 0, 317.2, 0, 0, 0, 453.886, 441.815, 268.964, 0, 540.166, 0, 0, 0, 0, 748.665, 0, 0, 2.30739, 0, 0, 636.848, 0, 26.4097, 131.947, 0, 0, 360.28, 2200.67, 383.099, 724.324, 1201.82, 269.821, 25.8866, 0, 
n_nonzero: 88

Running time so far: 145.521s

