n_tets: 105
relErr: 0.199908
Selected tets: 995, 6736, 3302, 3987, 5864, 4070, 3730, 3440, 7494, 2193, 2122, 2261, 5764, 5142, 6166, 3572, 3695, 7454, 5135, 7320, 5016, 4455, 1016, 3762, 5387, 2352, 4049, 1000, 3179, 1735, 5789, 5372, 4724, 685, 5526, 1828, 6339, 5976, 264, 645, 5895, 5482, 3808, 1141, 1909, 5442, 7480, 3953, 2668, 5647, 5939, 2837, 270, 3811, 4160, 2849, 2642, 5738, 4590, 4390, 205, 2781, 2258, 4000, 6711, 5356, 886, 2662, 3672, 3262, 6141, 3341, 3561, 284, 7483, 4651, 3990, 7445, 1782, 6646, 838, 1751, 1411, 198, 7048, 3775, 7465, 7325, 2920, 3201, 237, 5204, 7393, 2830, 2415, 250, 5652, 5492, 2594, 3367, 86, 1017, 4883, 296, 2003, 
Weights: 574.741, 148.292, 18.0978, 70.9457, 81.7446, 80.7773, 425.216, 341.047, 189.479, 169.599, 87.2864, 89.0027, 45.4651, 357.057, 13.1745, 401.077, 127.027, 137.487, 69.4285, 0.93471, 0.456801, 0.582473, 0, 63.722, 43.7904, 1.05023, 0.873507, 67.7441, 125.055, 187.71, 180.019, 49.1446, 29.2803, 713.54, 11.6975, 9.45929, 0, 80.2751, 45.5162, 43.9136, 41.0942, 1.19794, 60.2321, 48.626, 64.5098, 0.937559, 0.805867, 2.2042, 1.37465, 0.949623, 132.716, 3.01568, 0, 4.28327, 66.1856, 25.3903, 128.196, 16.597, 0, 50.0515, 0.990865, 1.00061, 336.142, 502.947, 11.377, 12.7349, 115.467, 1.01367, 170.211, 71.0886, 104.113, 34.4853, 20.3529, 0, 17.7361, 0.585232, 0, 0.574636, 1.01781, 0, 1.47217, 1516.29, 199.561, 0.523997, 0, 162.619, 0, 0.524893, 113.408, 150.574, 12.0172, 17.9136, 37.4696, 137.349, 46.3647, 57.9276, 0.968725, 0.982889, 57.4905, 0.0548672, 408.899, 1.83418, 27.0179, 54.3093, 1.06417, 
n_nonzero: 96

