n_tets: 16
relErr: 0.0164842
Selected tets: 20227, 4931, 8716, 7357, 1252, 24025, 17216, 17029, 18416, 7059, 19576, 12046, 13711, 17347, 161, 13992, 
Weights: 749.856, 849.706, 383.07, 2917.38, 350.633, 1121.45, 11829.9, 787.326, 0, 1313.22, 6650.72, 150.883, 30440.1, 646.229, 264.954, 9359.79, 
n_nonzero: 15

Running time so far: 4.01785s

