n_tets: 62
relErr: 0.192876
Selected tets: 995, 6736, 3302, 3987, 3394, 5919, 5053, 3766, 4748, 2193, 2122, 6506, 5764, 1865, 4146, 1481, 7325, 7320, 3959, 6094, 983, 4455, 1823, 6731, 3811, 2352, 488, 6772, 7227, 66, 6257, 6007, 3897, 2837, 6381, 2097, 2003, 2113, 6822, 854, 5717, 2379, 5482, 929, 4260, 5442, 5647, 3953, 7480, 3285, 2645, 3423, 7447, 205, 7291, 3554, 1134, 5283, 2773, 7449, 4780, 2781, 
Weights: 892.355, 187.375, 149.97, 177.508, 177.956, 464.736, 79.5396, 318.266, 420.875, 117.441, 140.513, 792.689, 60.2413, 158.694, 42.5384, 98.1495, 1.08013, 0.923102, 86.2051, 110.919, 112.004, 0.680858, 0, 642.276, 102.651, 1.00343, 1.02247, 284.29, 16.0149, 243.815, 34.261, 125.462, 24.1686, 1.59021, 361.768, 1.02955, 1.00416, 33.8148, 29.806, 212.496, 1.06021, 1.37308, 1.17636, 0.979995, 182.522, 0.982003, 0.995955, 1.37468, 0.674502, 0.991768, 269.448, 308.562, 0.914193, 0.964668, 51.862, 5.07846, 293.137, 1.02035, 150.988, 0.462069, 245.09, 0.993943, 
n_nonzero: 61

