n_tets: 50
relErr: 0.238559
Selected tets: 99, 200, 141, 89, 164, 116, 93, 2, 77, 197, 63, 44, 194, 119, 185, 65, 18, 137, 145, 135, 169, 202, 186, 198, 172, 155, 25, 184, 138, 57, 189, 111, 146, 84, 123, 191, 118, 193, 127, 167, 69, 107, 86, 13, 187, 14, 0, 104, 142, 58, 
Weights: 37.8585, 1.32353, 20.5245, 1.00627, 28.4697, 0.559204, 1.09468, 0, 1.02919, 1.49482, 1.21192, 0.135312, 0.922395, 0.456408, 0.945079, 8.47561, 8.92261, 0.992271, 44.0985, 34.9191, 112.588, 13.9648, 0.899723, 0.846477, 9.24139, 1.36792, 0, 0, 0.45018, 1.227, 11.7506, 0.6114, 13.5544, 3.3257, 6.08757, 6.63862, 6.47854, 0, 12.1741, 5.84909, 11.641, 0, 2.00399, 0.38084, 1.4635, 0.125721, 3.28804, 1.08006, 5.99169, 2.12491, 
n_nonzero: 45

