n_tets: 88
relErr: 0.272883
Selected tets: 99, 89, 141, 93, 171, 185, 186, 65, 77, 57, 53, 2, 172, 119, 137, 18, 135, 168, 84, 194, 202, 101, 200, 14, 138, 107, 166, 155, 111, 198, 63, 189, 3, 72, 58, 203, 95, 49, 183, 30, 130, 146, 81, 67, 142, 123, 43, 201, 71, 157, 118, 122, 193, 0, 149, 86, 69, 92, 25, 96, 175, 151, 197, 64, 167, 27, 104, 7, 29, 37, 4, 23, 61, 100, 102, 154, 116, 112, 13, 113, 40, 162, 88, 192, 143, 59, 52, 51, 
Weights: 0, 1.02246, 21.1929, 1.00394, 0, 0.950235, 0.918578, 4.15831, 1.0164, 1.43231, 0, 0, 16.0533, 0.5135, 0.980412, 1.33592, 24.2453, 10.688, 1.0085, 1.00429, 1.2412, 1.93271, 0.591696, 0.39503, 0.232864, 0.935771, 0, 0, 1.02327, 0.8394, 1.12123, 1.89181, 14.3586, 3.77936, 1.79284, 0.857432, 7.02282, 1.51314, 0.972757, 11.1369, 0, 0, 4.18301, 1.58666, 6.05398, 3.66897, 0, 0.145502, 13.0781, 17.6414, 4.76775, 3.28113, 2.04776, 0.434948, 5.71752, 8.30981, 7.76019, 1.66368, 2.74236, 16.7321, 20.1901, 2.5714, 0.540004, 117.433, 14.6936, 5.83331, 4.33835, 29.4545, 0.683553, 17.9246, 3.88876, 23.7241, 8.47169, 5.08887, 2.73785, 2.00752, 3.76738, 4.51547, 0.0131968, 4.43682, 3.63212, 3.03126, 6.9216, 0.750746, 34.6514, 1.29597, 1.18194, 1.39793, 
n_nonzero: 79

