n_tets: 165
relErr: 0.505442
Selected tets: 7270, 3342, 2729, 7516, 4735, 4115, 5092, 675, 2386, 4185, 249, 6788, 1975, 2958, 2912, 4212, 3462, 7402, 938, 5468, 3845, 1716, 3609, 394, 7294, 6477, 6834, 4114, 5275, 7421, 7271, 1048, 6793, 365, 6023, 2179, 2097, 2361, 1991, 264, 1377, 2044, 5482, 386, 7069, 2211, 6337, 182, 5904, 4266, 6650, 796, 3699, 5734, 4858, 516, 7519, 1337, 802, 3630, 6801, 3645, 4988, 6614, 1230, 2153, 7243, 1288, 7043, 4440, 1268, 1481, 6782, 4556, 5002, 6667, 2778, 5488, 4915, 5811, 4321, 1451, 6244, 142, 5731, 6146, 3236, 4935, 128, 7382, 5427, 4218, 2300, 193, 5356, 5326, 6571, 6252, 7194, 3164, 3783, 1928, 3749, 6649, 1600, 5560, 6269, 3287, 5839, 1656, 6732, 136, 7111, 4581, 6400, 797, 5408, 1127, 2272, 6544, 1209, 7491, 4992, 5660, 2194, 6382, 655, 1648, 1409, 4394, 1658, 4422, 4593, 2605, 3565, 4308, 2944, 7129, 6684, 887, 6250, 430, 1741, 2917, 1793, 815, 6659, 6255, 5765, 6999, 6859, 2631, 1348, 1480, 4746, 6340, 95, 2067, 3911, 863, 1425, 3709, 644, 1477, 2460, 
Weights: 0, 0, 0, 0, 0, 0, 28.2951, 0, 0, 0, 0, 0, 0, 0, 21.6961, 0, 0, 0, 0, 0, 0, 0, 0, 0, 0, 0, 0, 0, 0, 0, 0, 6714.57, 0, 0, 0, 0, 0, 154.487, 0, 403.668, 0, 0, 0, 22.7542, 0, 1906.32, 0, 0, 495.728, 0, 0, 0, 0, 0, 0, 0, 0, 0, 0, 13.4391, 0, 0, 0, 2.73139, 0, 0, 0, 0, 4.2331e-06, 0, 0, 1.30008, 0, 28.1633, 0, 0, 0, 0, 0, 0, 2591.08, 0, 0, 0, 0, 0, 0, 35.1202, 0, 0, 0, 0, 0, 46.4421, 0, 0, 0, 0, 0, 0, 0, 0, 0, 0, 0, 0, 0, 0, 0, 0, 0, 0, 0, 0, 0, 0, 12362.4, 0, 0, 0, 0, 38.8509, 0, 252.404, 0, 0, 356.078, 0, 0, 0, 785.753, 0, 0, 0, 0, 0, 0, 0, 0, 62.8561, 0, 0, 0, 0, 0, 0, 0, 0, 0, 0, 0, 252.782, 0, 11956.8, 0, 0, 34.1423, 0, 0, 0, 602.188, 0, 1.70744e+06, 0, 0, 
n_nonzero: 26

