n_tets: 147
relErr: 0.78674
Selected tets: 39353, 30746, 4000, 127016, 137541, 34911, 37641, 157732, 144701, 119503, 23429, 100082, 33787, 34518, 4648, 100167, 102518, 30099, 56408, 130299, 92910, 162781, 123728, 2462, 149395, 154934, 52975, 42814, 1605, 164211, 144926, 131827, 48867, 58655, 54362, 77928, 157359, 77567, 119324, 56411, 32125, 41548, 35169, 73273, 134693, 137605, 55479, 69165, 144507, 61821, 83609, 48926, 26470, 86134, 64450, 108336, 71160, 45704, 67438, 2016, 1214, 57287, 119574, 133997, 102208, 128376, 36025, 134563, 79036, 106998, 137522, 89043, 109554, 120497, 52499, 163223, 43794, 102985, 141295, 132701, 60021, 138091, 134942, 60022, 24182, 109839, 77932, 78179, 161340, 102614, 46546, 46904, 146672, 67703, 153609, 162883, 91612, 94437, 116815, 70856, 104913, 36201, 45798, 112315, 8316, 112319, 159206, 107309, 58308, 122475, 143398, 47285, 159266, 95987, 85443, 21483, 3372, 42581, 140586, 818, 92814, 103397, 34826, 29052, 151772, 154782, 60598, 123207, 73606, 139355, 3246, 59937, 88219, 45562, 124118, 76323, 153510, 72884, 107654, 49178, 150878, 107301, 163061, 162326, 2932, 80366, 143165, 
Weights: 3433.15, 143.772, 7443.26, 0.820763, 0.726462, 21.9073, 3306.15, 2.52741, 2.21707, 17.577, 26248.4, 16.8179, 0, 90.494, 0, 19610.1, 0, 2719.61, 815.885, 0, 7216.22, 31.9669, 14868.6, 26.9989, 3.91092, 0, 0.915133, 505.05, 77.3302, 90.9417, 1.19022, 0, 85.9774, 4110.96, 0, 1.49401, 1.30998, 0.868921, 0.62049, 1.14989, 1.18534, 381.533, 136.737, 26.4681, 3.02278, 1.79934, 1.45327, 990876, 1799.64, 2167.91, 19297.3, 0, 73757.9, 399.557, 2.62645, 2938.43, 0, 0.845273, 0, 18.7888, 74.595, 9217.75, 218.625, 0, 21.774, 0, 0, 9241.67, 9.04465, 1.29851, 19.2168, 1.05684, 515.39, 1.03213, 1.00412, 33033.7, 869.227, 0.763705, 3425.91, 41199.6, 338.967, 309.398, 0.741159, 743.252, 110.635, 13.2037, 1.46248, 164.751, 2.40443, 23.26, 348.023, 661.694, 0.652737, 284.781, 8898.21, 9395.1, 634.145, 377.005, 405.115, 262.998, 0, 0, 595.118, 190.43, 0.939048, 0, 3.68466, 0, 1.08866, 0, 3.85743, 1.01287, 676546, 0, 1319.37, 5.27171, 0.987309, 0, 66.637, 7967.16, 1.00351, 332.197, 67.969, 0, 1.09829, 0, 16454.2, 4347.9, 349.124, 0, 5.32241, 790.441, 9.69365, 6841.72, 0, 4.24415, 1658.09, 3.16949, 291.667, 0, 3104.64, 342.373, 296.878, 2.12625, 64.2144, 0, 8449.97, 
n_nonzero: 121

Running time so far: 151.815s

