n_tets: 234
relErr: 0.0538663
Selected tets: 19769, 26370, 25715, 13923, 23203, 22574, 27025, 9146, 28769, 8502, 10745, 18639, 29465, 21592, 5495, 3716, 21991, 3083, 27733, 23928, 27103, 20392, 19595, 9764, 18971, 27882, 12327, 19555, 5285, 18949, 4172, 29299, 13223, 12721, 6078, 28816, 1404, 7754, 12744, 9846, 27990, 17874, 19028, 20877, 10754, 1537, 27514, 15823, 14157, 4354, 2824, 27159, 29186, 9490, 11045, 23341, 5609, 15235, 8071, 20229, 22980, 8572, 21788, 12363, 2402, 10973, 27416, 2289, 22727, 22722, 24552, 18922, 4087, 17761, 18891, 14988, 18731, 20598, 17718, 1415, 6437, 815, 7470, 5543, 12533, 20058, 17875, 13200, 8254, 4561, 12186, 7344, 22465, 27460, 23148, 6472, 22767, 18168, 26850, 4090, 23238, 23021, 17148, 3607, 26409, 12910, 11066, 15696, 3086, 5783, 37, 15624, 11602, 6015, 18991, 13408, 7454, 29075, 19394, 3034, 12117, 21181, 17621, 5200, 21755, 1244, 5797, 32, 6497, 14451, 8691, 11659, 6548, 18733, 24134, 3867, 21930, 24583, 41, 25843, 19617, 2188, 21088, 20615, 2562, 19164, 23762, 19722, 11924, 23082, 7590, 9315, 24075, 11285, 29137, 7377, 11051, 6227, 27439, 6210, 21627, 7228, 25473, 20883, 19471, 1381, 4979, 24007, 19501, 22405, 12583, 4723, 29044, 6587, 19448, 15401, 15001, 16411, 27841, 4037, 4236, 12413, 21586, 6619, 3129, 1016, 8963, 6932, 16832, 18791, 21799, 14841, 24877, 10957, 12112, 29336, 9344, 20941, 8873, 6878, 3092, 4467, 11990, 18492, 14119, 10011, 23502, 17228, 3362, 5963, 25497, 5516, 17390, 21250, 18036, 25944, 17794, 4516, 411, 6148, 24014, 27879, 5291, 8105, 29607, 22522, 44, 28450, 3380, 14538, 23886, 5413, 12384, 22107, 
Weights: 910.185, 258.971, 476.558, 0, 107.115, 200.64, 0, 99.2082, 723.517, 351.147, 0, 46.4215, 0, 0, 84.1536, 46.8839, 0, 0, 13.7451, 0, 0, 0, 59.5399, 187.822, 308.983, 0, 299.764, 0, 0, 0, 322.147, 68.0314, 0, 407.499, 34.5789, 0, 448.869, 677.854, 0, 129.709, 563.824, 0, 0, 258.24, 0, 35.728, 251.372, 0, 31.2252, 146.351, 11.1703, 341.951, 495.262, 290.748, 351.179, 0, 173.169, 0, 0, 168.293, 169.118, 0, 0, 52.9572, 58.7916, 121.825, 0, 0, 0, 0, 0, 1200.37, 0.999743, 0, 0, 0, 32.4739, 0, 0, 147.75, 0, 123.68, 0, 0, 0, 15.7659, 0.845773, 100.034, 0, 0, 326.782, 0, 1185.33, 0, 31.2566, 0, 0, 0, 0, 0.960633, 0, 0, 0, 346.419, 0, 446.599, 0, 1141.16, 0, 0, 242.914, 0, 0, 62.9927, 0, 0, 0, 86.2958, 0, 154.304, 7.35853, 0, 596.481, 39.9645, 0, 32.9055, 153.06, 51.7791, 0, 0, 563.785, 0, 0, 0, 7.01171, 829.362, 0, 68.3554, 0, 6.74485, 29.7425, 0, 48.0901, 9.6388, 86.9148, 105.961, 104.495, 19.0906, 64.6994, 1026.92, 0, 0, 0, 860.454, 169.308, 211.081, 0, 0, 0, 868.022, 85.7678, 636.071, 85.8726, 390.023, 174.652, 294.718, 0, 0, 0, 0, 53.96, 290.263, 1079.86, 0, 866.998, 0, 0, 677.164, 0, 0, 178.311, 0, 0, 0, 0, 0, 0, 0, 318.967, 196.599, 0.999521, 0, 385.333, 0, 0, 117.043, 31.7502, 859.196, 0, 0, 39.0339, 21.8776, 0, 0, 0, 320.744, 93.8666, 71.31, 0, 0, 286.103, 0, 0, 55.0596, 0, 68.9767, 331.934, 385.793, 1192.6, 633.282, 407.538, 0, 0.776319, 0, 190.281, 105.848, 0, 149.687, 157.344, 158.102, 62.4456, 48.2179, 0, 121.175, 
n_nonzero: 124

Running time so far: 129.059s

