n_tets: 120
relErr: 0.369197
Selected tets: 646, 4859, 766, 5730, 6102, 5173, 2479, 5512, 6491, 2756, 5585, 4720, 5726, 4711, 2853, 536, 3953, 3924, 4232, 5053, 2737, 4569, 3380, 591, 3595, 1316, 4049, 943, 6702, 2401, 237, 5636, 4724, 769, 4082, 5093, 204, 4948, 1781, 441, 2597, 1573, 5823, 7446, 2416, 5442, 2694, 6551, 2668, 5345, 1776, 2660, 6342, 3414, 4546, 2849, 2928, 4458, 1736, 2463, 205, 7485, 6837, 2477, 2617, 1630, 6531, 3308, 90, 677, 4651, 2780, 4815, 489, 3792, 5229, 4522, 1944, 3985, 6470, 3786, 3734, 4241, 198, 7397, 5607, 2172, 896, 4694, 3201, 6934, 4729, 4384, 5356, 4943, 3317, 3814, 1099, 2022, 2371, 5946, 3566, 3901, 3670, 7226, 3876, 3012, 5170, 4133, 2975, 5086, 4483, 3174, 1359, 6400, 7420, 2838, 233, 7520, 1079, 
Weights: 238.449, 10721.9, 455.57, 245.314, 2036.02, 0, 147612, 3958.79, 46.8051, 27.331, 480.77, 70.2196, 0, 0, 11.1848, 0, 2.83583, 783.55, 352.842, 25843.4, 3591.1, 0, 316.348, 48787, 60.6674, 0, 0.112786, 5326.75, 1757.87, 24.7509, 22670.5, 9650.65, 115.334, 0, 0, 0, 21.3107, 6770.11, 2623.66, 349.711, 14989.5, 9.52498, 0, 0, 74.5673, 14.5434, 2058.15, 7537.31, 1.46101, 100.059, 0, 192.767, 45.496, 0, 827.913, 2022.56, 116.022, 189.903, 2696.84, 312.505, 10.1425, 368.076, 30000.6, 123.802, 0, 23739.1, 115840, 0, 177.436, 520782, 0.378226, 0, 9.89788e+06, 263.891, 1788, 76796.8, 12528.3, 0, 12.0005, 0, 0, 164.357, 205.384, 0.541861, 0, 1565.53, 435.408, 506.846, 57.5413, 787.242, 24302.6, 0, 844.281, 0, 88.3964, 3.39575, 151.661, 12.9671, 66.3087, 1635.55, 1311.36, 0, 0, 17027.2, 0, 2.72261, 1091.97, 22874, 32.3787, 10651.7, 178.837, 0.139246, 2949.2, 20445.8, 1247.33, 1744.11, 16.9885, 17940.5, 8.60557, 210.039, 
n_nonzero: 95

