n_tets: 81
relErr: 0.0698217
Selected tets: 19769, 26370, 25715, 13923, 23203, 22574, 27025, 9146, 28769, 8502, 10745, 18639, 29465, 21592, 5495, 3716, 21991, 3083, 27733, 23928, 27103, 20392, 19595, 9764, 18971, 27882, 12327, 19555, 5285, 18949, 4172, 29299, 13223, 12721, 6078, 28816, 1404, 7754, 12744, 9846, 27990, 17874, 19028, 20877, 10754, 1537, 27514, 15823, 14157, 4354, 2824, 27159, 29186, 9490, 11045, 23341, 5609, 15235, 8071, 20229, 22980, 8572, 21788, 12363, 2402, 10973, 27416, 2289, 22727, 22722, 24552, 18922, 4087, 17761, 18891, 14988, 18731, 20598, 17718, 1415, 6437, 
Weights: 1503.16, 641.975, 1588.97, 0, 105.045, 637.69, 0, 711.392, 821.878, 364.176, 152.723, 163.646, 0, 0, 171.195, 219.44, 0, 0, 213.762, 0, 121.076, 216.598, 256.985, 695.091, 213.8, 0, 239.794, 248.816, 37.932, 0, 675.523, 0, 779.186, 922.499, 775.442, 0, 340.927, 1582.7, 1766.26, 0, 1414.37, 143.536, 247.693, 16.7693, 1346.06, 15.4263, 1164.13, 0, 0, 391.228, 0, 422.558, 562.435, 890.306, 570.707, 1588.95, 0, 0, 83.7795, 110.877, 670.423, 93.0745, 474.185, 121.959, 0, 133.068, 0, 157.455, 1342.61, 0, 387.545, 546.799, 0.975391, 827.951, 0, 0, 272.142, 59.6224, 0, 811.876, 40.9937, 
n_nonzero: 58

Running time so far: 35.5302s

