n_tets: 78
relErr: 0.372599
Selected tets: 25446, 10248, 10457, 5073, 26400, 4188, 19208, 5490, 23752, 17764, 10396, 18093, 21116, 11022, 27637, 23835, 14036, 27024, 11116, 23742, 11381, 23364, 1381, 24972, 18601, 13926, 6043, 13318, 897, 22844, 15735, 3129, 16526, 3854, 4266, 10273, 4054, 17245, 7116, 23400, 25791, 2721, 15489, 6031, 5092, 7787, 27307, 28552, 4161, 10270, 5192, 8788, 17138, 13389, 21944, 22079, 16676, 23385, 11760, 13846, 17643, 17325, 11672, 22694, 9475, 15456, 4370, 768, 20704, 17529, 6474, 4846, 5565, 6278, 2593, 21998, 21795, 10679, 
Weights: 436.295, 3717.89, 20.2897, 2038.31, 18052.2, 300.867, 11.3484, 169.716, 4871.99, 0, 0, 485.209, 134.853, 9.68154, 0, 812.452, 0, 1736.34, 358.402, 14817.7, 0, 0, 0, 69.7075, 0, 48.6534, 3.01963, 0.892916, 0, 7.41428, 0.452218, 0, 0.804663, 0, 806.863, 2910.44, 0.369402, 0, 451.666, 91.1034, 2.31216, 25.6192, 278.75, 0, 0.152344, 35.2371, 11.4793, 642.885, 2753.74, 0, 0, 0, 6.36617, 0, 123.207, 1215.43, 0, 0, 57.6039, 0, 25.9171, 10849.2, 362.952, 3329.1, 819.962, 1.42413, 318.981, 173.34, 482.266, 3.16232, 0, 37.1271, 8.69053, 8.67842, 2053.71, 0, 0, 11.207, 
n_nonzero: 55

Running time so far: 22.8259s

