n_tets: 285
relErr: 0.101009
Selected tets: 995, 6736, 3302, 3987, 5864, 4070, 3730, 3440, 7494, 2193, 2122, 2261, 5764, 5142, 6166, 3572, 3695, 7454, 5135, 7320, 5016, 4455, 1016, 3762, 5387, 2352, 4049, 1000, 3179, 1735, 5789, 5372, 4724, 685, 5526, 1828, 6339, 5976, 264, 645, 5895, 5482, 3808, 1141, 1909, 5442, 7480, 3953, 2668, 5647, 5939, 2837, 270, 3811, 4160, 2849, 2642, 5738, 4590, 4390, 205, 2781, 2258, 4000, 6711, 5356, 886, 2662, 3672, 3262, 6141, 3341, 3561, 284, 7483, 4651, 3990, 7445, 1782, 6646, 838, 1751, 1411, 198, 7048, 3775, 7465, 7325, 2920, 3201, 237, 5204, 7393, 2830, 2415, 250, 5652, 5492, 2594, 3367, 86, 1017, 4883, 296, 2003, 3876, 7443, 5153, 1906, 648, 400, 4483, 3285, 212, 6643, 842, 4009, 3391, 3863, 56, 4416, 145, 4663, 1780, 667, 2338, 2700, 3688, 4167, 4196, 4838, 2255, 1682, 1896, 2176, 929, 2528, 5632, 4648, 1339, 5876, 69, 2367, 463, 2591, 7486, 6474, 6461, 1369, 6531, 3897, 91, 4687, 1501, 362, 5771, 2093, 2333, 3955, 372, 606, 1223, 3804, 1701, 443, 7227, 717, 7485, 7119, 2406, 2063, 3504, 5981, 3535, 4841, 2097, 4050, 2213, 5283, 3257, 6342, 1910, 6998, 5838, 1395, 6645, 6489, 5413, 3022, 1904, 914, 4962, 1107, 4081, 4308, 7321, 1810, 5450, 3644, 3907, 7523, 1225, 3476, 1317, 5154, 7484, 1824, 7040, 653, 5677, 2379, 7323, 7322, 1852, 3708, 3317, 1010, 4053, 2857, 6014, 1989, 388, 6162, 6499, 1442, 4145, 3580, 4077, 944, 4787, 2805, 2833, 2779, 2178, 5717, 5681, 1681, 1776, 4909, 3417, 539, 2769, 2958, 505, 2365, 1002, 5946, 3889, 1892, 3081, 6732, 7463, 1461, 7228, 2634, 3619, 5072, 1742, 4600, 5490, 1416, 5679, 4553, 3899, 6783, 4394, 3419, 3353, 2899, 2646, 4975, 1305, 7039, 2422, 6179, 1061, 2102, 524, 5575, 760, 2608, 5344, 3165, 1944, 6861, 
Weights: 221.029, 40.0374, 56.3873, 29.0574, 50.1129, 57.2656, 0, 73.1021, 55.6641, 57.0585, 0, 0, 33.9739, 248.835, 15.3618, 294.085, 54.7156, 54.1837, 0, 0.991571, 0.393257, 0.766438, 0, 0, 0, 1.01893, 1.04121, 19.4429, 145.265, 34.4263, 61.3237, 28.4936, 10.0062, 0, 0, 0, 0, 0.665317, 35.2133, 34.6548, 0, 1.29726, 20.2986, 66.9578, 54.0195, 0.953868, 0, 1.37485, 1.27944, 0.941389, 28.2054, 2.51925, 7.92693, 0, 33.7328, 9.03489, 24.9482, 4.5995, 0, 31.8688, 0.998571, 0.999749, 245.729, 258.887, 3.64439, 14.0861, 11.3842, 1.0006, 0, 33.288, 0, 0, 0, 0, 1.79138, 0, 0, 0, 0.99476, 0, 1.44589, 0, 0, 0.504762, 0, 160.712, 0, 1.0517, 47.6813, 0, 8.93259, 0, 9.10832, 0, 0, 37.7529, 0.0273747, 0.992351, 7.31721, 0, 0, 4.35127, 50.5641, 84.566, 0.908586, 0.9593, 0, 97.1831, 0.867294, 19.2265, 16.1, 0.73977, 0.994273, 5.00871, 1.0324, 84.8798, 0, 146.048, 39.6469, 0.906603, 7.86315, 30.8696, 1.05552, 5.9809, 4.28329, 0, 0, 2324.55, 153.546, 45.6304, 0, 0, 34.3635, 0, 5.62744, 0.973, 49.4664, 0, 280.614, 72.1535, 0, 0, 42.6397, 0, 41.2235, 14.6028, 390.597, 38.7064, 85.246, 9.40692, 7.95957, 113.94, 6.46826, 94.2842, 7.32312, 0, 0, 0, 0.102996, 42.2783, 12.0901, 41.9566, 0.748455, 0, 0, 0.435041, 0, 0.210271, 89.9952, 29.9029, 0, 0, 0, 47.6023, 127.341, 0.993147, 0, 10.6142, 1.03536, 21.3908, 44.6441, 0, 14.4133, 0, 101.719, 41.2876, 18.2165, 9.22374, 3.99919, 25.8499, 0, 0, 10.2403, 46.6178, 0, 0.895842, 217.791, 1.05898, 22.9718, 58.5271, 278.599, 19.4848, 5.88032, 43.7934, 138.995, 0, 2.80213, 133.144, 97.9192, 0, 1.37328, 14.1847, 0, 0, 17.0202, 0, 2.40228, 78.6787, 34.2997, 26.1377, 224.7, 14.6882, 71.3864, 0, 14.6718, 43.1468, 32.3302, 38.3097, 48.855, 0, 0, 10.8464, 0, 0.997177, 1.01918, 0, 15.9221, 0, 134.867, 31.182, 0, 0.998086, 21.155, 0, 0, 0, 0, 13.0195, 72.9981, 0, 24.7729, 4.01784, 12.7629, 0.862314, 0, 91.6643, 71.9627, 378.148, 0, 1.49238, 392.666, 0, 542.339, 55.3921, 0, 0, 175.841, 7.9732, 36.9024, 0.121577, 93.3431, 9.27984, 0.893414, 1.87598, 21.9422, 16.2726, 0, 21.0534, 0, 0, 0, 10.3921, 0, 0, 0, 
n_nonzero: 196

