n_tets: 286
relErr: 0.262154
Selected tets: 25446, 10248, 10457, 5073, 26400, 4188, 19208, 5490, 23752, 17764, 10396, 18093, 21116, 11022, 27637, 23835, 14036, 27024, 11116, 23742, 11381, 23364, 1381, 24972, 18601, 13926, 6043, 13318, 897, 22844, 15735, 3129, 16526, 3854, 4266, 10273, 4054, 17245, 7116, 23400, 25791, 2721, 15489, 6031, 5092, 7787, 27307, 28552, 4161, 10270, 5192, 8788, 17138, 13389, 21944, 22079, 16676, 23385, 11760, 13846, 17643, 17325, 11672, 22694, 9475, 15456, 4370, 768, 20704, 17529, 6474, 4846, 5565, 6278, 2593, 21998, 21795, 10679, 16158, 4676, 9945, 16454, 26415, 24946, 20654, 16473, 10380, 871, 13107, 19901, 6337, 9274, 22333, 26184, 20080, 18953, 17370, 6295, 19054, 11859, 18179, 12478, 18316, 27025, 24970, 9650, 1361, 1025, 22842, 24509, 10680, 20193, 19050, 5833, 26770, 5319, 15077, 27142, 17970, 17603, 5792, 12170, 7710, 27299, 27020, 15852, 13102, 12905, 4041, 12342, 5483, 7310, 9942, 8325, 11686, 7213, 8645, 5502, 16251, 5064, 18944, 26000, 17760, 23552, 12437, 22680, 27699, 22428, 11860, 8995, 26801, 4371, 11959, 23365, 24430, 10864, 15049, 8914, 17259, 21483, 9019, 24646, 8009, 14739, 14294, 4935, 9356, 26859, 14407, 27580, 13227, 25886, 22963, 14225, 17414, 4871, 9471, 25663, 25362, 25937, 1612, 28620, 9001, 16340, 16589, 22737, 10652, 10114, 3724, 14483, 5658, 3427, 15313, 12070, 16012, 21901, 14452, 22201, 4869, 13834, 13237, 27501, 4138, 4061, 17969, 4324, 3013, 5051, 576, 28445, 7448, 25267, 20686, 19058, 4254, 3856, 23442, 16255, 27116, 28444, 20042, 18948, 6368, 9502, 28308, 16281, 21676, 25180, 13345, 7235, 27961, 7174, 7940, 11641, 19856, 18916, 13240, 1465, 16173, 443, 23363, 24725, 25286, 12264, 8050, 23731, 5066, 14589, 23490, 24353, 20730, 8114, 24707, 3554, 10589, 17885, 6611, 15223, 10433, 2240, 15868, 11014, 24089, 16921, 21531, 27737, 10936, 10084, 6857, 10378, 23978, 11752, 24168, 10042, 21150, 5357, 16536, 27287, 8293, 23852, 22879, 1971, 20067, 5976, 24431, 1358, 
Weights: 65.4854, 0, 12.0812, 395.164, 0, 390.466, 10.6725, 624.045, 1552.78, 0, 0, 427.273, 214.002, 10.6594, 0, 609.144, 0, 0, 0, 0, 32.296, 0, 0, 37.765, 0, 0, 7.7795, 0, 0, 7.68552, 0.532214, 0, 0.794642, 12.9403, 706.991, 488.353, 2.00272, 0, 0, 75.058, 2.43946, 0, 0.599066, 0, 1.05493, 25.9561, 7.63903, 599.683, 2246.77, 0, 1.76159, 0, 6.86065, 16.9672, 0, 0, 0, 0, 478.68, 0, 43.2416, 1167.91, 0, 4584.35, 1911.98, 1.34964, 0, 359.421, 0, 12.3176, 0, 76.3419, 11.9548, 42.7497, 0, 0, 51.6135, 0.719884, 41.2263, 0.920372, 3.98932, 0, 0, 29.7465, 15.3003, 371.389, 0, 0, 5.69614, 303.463, 19.0137, 1.16171, 0, 0, 743.835, 3.95549, 0, 1.63371, 0, 8.718, 0.9805, 109.755, 45.6647, 0.886509, 6.9777, 785.438, 33.9201, 5.00589, 1.0841, 0, 0, 0, 0, 0, 0.968933, 0, 561.416, 100.652, 0, 155.811, 0, 1.55294, 0, 8.60953, 0, 0, 0, 523.002, 0, 2025.28, 1.12992, 0, 182.318, 0, 13.6253, 1614.11, 2059.92, 668.666, 74.3127, 1446.9, 0, 0, 7.40665, 0, 0, 14.5978, 0, 1.01278, 15.556, 0, 0, 0, 1.5464, 0, 0, 0, 1.0028, 0.483362, 0.27808, 6.77884, 0, 0, 0, 24.0493, 0, 19.3945, 0, 5.77835, 593.602, 86.0117, 0, 831.062, 0, 3.89757, 12.1281, 59.4902, 58.3815, 12.2816, 0, 0, 638.397, 181.808, 0.98877, 6048.07, 69.3067, 0.708161, 0, 0, 77.7638, 0, 0, 294.296, 179.283, 0, 0, 7.855, 0, 0, 17.0157, 1.03199, 0, 29.0872, 0, 0, 0, 0, 0, 0, 2.39054, 0, 0, 0.102152, 44.6969, 0, 306.885, 0, 38.4393, 57.648, 0, 2.35743, 4669.42, 73.5079, 0, 6.17185, 1.62368, 17.1281, 0, 0, 2.99757, 0, 0, 2020.44, 343.147, 109.119, 142.239, 440.991, 0, 0, 0, 0, 0, 0, 0, 0, 0, 0, 7.3438, 1.01965, 2.17617, 18.787, 661.94, 0, 506.792, 0, 0, 6.28603, 0, 0, 1685.58, 0, 18.9213, 1693.19, 0, 127.858, 49.659, 411.146, 20.6476, 110.186, 52.6629, 0, 783.433, 215.71, 0, 94.4672, 10.5699, 0, 0, 140.96, 0, 0, 0, 289.025, 2.01718, 118.804, 0, 0, 
n_nonzero: 159

Running time so far: 107.146s

