n_tets: 144
relErr: 0.158598
Selected tets: 10555, 21616, 12946, 21677, 4748, 6996, 23325, 27965, 4263, 12045, 17320, 25683, 19465, 9519, 19914, 12330, 23888, 5093, 21360, 28276, 21477, 726, 19503, 27247, 19660, 8811, 19456, 1518, 11035, 8328, 15796, 13232, 19166, 13409, 6928, 11618, 25707, 19162, 2547, 15300, 2987, 17874, 23620, 1861, 15479, 1269, 22785, 25329, 27418, 10401, 17509, 29299, 4195, 25933, 24111, 12388, 15089, 13391, 10002, 20247, 6697, 16256, 19800, 1543, 21586, 15012, 15261, 18244, 12419, 5851, 4114, 13262, 4087, 12118, 14799, 19346, 18806, 6050, 5897, 19548, 27873, 14866, 12204, 6574, 615, 23457, 14449, 24519, 11464, 5283, 27830, 26024, 26451, 4776, 3022, 22444, 1404, 20672, 4294, 25936, 21442, 23021, 19072, 15701, 2551, 3044, 25426, 22905, 8294, 5524, 10404, 21587, 2827, 14554, 27248, 9885, 14214, 11571, 26472, 15465, 14082, 21181, 14519, 12796, 17326, 12794, 9864, 13331, 4089, 4435, 22616, 14548, 27641, 5693, 1542, 1535, 17875, 11961, 22296, 17872, 25247, 21218, 19661, 3008, 
Weights: 4627.38, 1060.73, 498.285, 743.745, 0, 1120.2, 767.08, 0, 1.67724, 13.5837, 0.637216, 336.566, 1.02009, 1392.37, 443.44, 435.785, 65.514, 124.434, 0.978046, 2500.07, 2.02978, 0, 49.9075, 1.4153, 40.8698, 0, 392.28, 0.912992, 60.9379, 616.395, 383.042, 6.27212, 0.508968, 0, 10.9515, 0, 911.587, 79.564, 231.203, 254.337, 0, 2.92467, 599.679, 1.52242, 0, 0.437852, 1849.98, 128.716, 1312.27, 36.2574, 201.242, 225.603, 2.15315, 0, 1.83111, 0, 1568.1, 156.662, 0, 190.86, 0, 0, 0.852244, 1.22282, 0.937563, 63.0789, 0, 1224.8, 3.40051, 523.65, 0, 0, 1.01301, 110.223, 143.922, 427.806, 1154.85, 0, 527.355, 0, 1168.18, 2.03057, 598.732, 84.2729, 277.339, 0, 0, 0, 546.832, 0, 13.7708, 0, 0, 40.0345, 0, 5.50629, 445.376, 0, 0, 60.5282, 1.13392, 2.33258, 0, 295.005, 0, 765.404, 223.514, 22.3912, 1.02897, 3.6189, 51.7578, 1.34654, 0, 12.5706, 4.15027, 0, 32.59, 1.15329, 0, 0, 0, 72.3288, 56.5604, 0.800909, 0, 0, 111.827, 16.4513, 0.990758, 0, 0, 215.081, 973.934, 0, 1.37802, 26.7607, 0, 1.11561, 87.6574, 0.973008, 0, 251.674, 0.731129, 126.734, 
n_nonzero: 103

Running time so far: 159.107s

