n_tets: 250
relErr: 0.314343
Selected tets: 32562, 2811, 43286, 18384, 24071, 43879, 16774, 30220, 11939, 42759, 7052, 32003, 35144, 42003, 33866, 29492, 8491, 24035, 42965, 39954, 22963, 4138, 31870, 3748, 12100, 37253, 43894, 39169, 3981, 8750, 28805, 7987, 34335, 1820, 3010, 14249, 41973, 33171, 1548, 5577, 44247, 15450, 16138, 30782, 15187, 2979, 15401, 42531, 22322, 39851, 12243, 20125, 42722, 36310, 10559, 17140, 2881, 18193, 35613, 6158, 14859, 20282, 1614, 20754, 22402, 21249, 44411, 37958, 12145, 31817, 27313, 1617, 8545, 42402, 2808, 34094, 17166, 22361, 20239, 23424, 25091, 3675, 44291, 41901, 22443, 43847, 36484, 32063, 21164, 23010, 44985, 22568, 29135, 16786, 15437, 31085, 15828, 20995, 8104, 29493, 19856, 34505, 8800, 31818, 41983, 22293, 38968, 41986, 38872, 13502, 13860, 9257, 15863, 35680, 13784, 23461, 13783, 22357, 34425, 4284, 44199, 1355, 31852, 39840, 21645, 10464, 44233, 43420, 5461, 18026, 12209, 36115, 3532, 39899, 1076, 44183, 27903, 38853, 29495, 23371, 4723, 14040, 6260, 41971, 3901, 20930, 30753, 44223, 42882, 27475, 18852, 7178, 11694, 20469, 7766, 7341, 15373, 38068, 32044, 32236, 9328, 15858, 4085, 23484, 310, 42311, 14263, 19369, 2382, 37423, 14447, 38754, 30837, 19854, 35495, 12085, 23553, 31828, 19012, 26974, 41990, 18853, 39167, 26374, 11315, 8391, 18714, 40986, 33727, 33142, 30949, 29702, 40118, 29905, 13322, 31833, 6572, 28587, 29286, 6594, 29913, 35515, 44066, 39021, 10420, 9923, 38661, 44055, 31995, 5221, 13020, 42235, 44927, 41309, 3900, 14582, 12146, 3881, 33764, 32136, 17597, 14374, 32001, 38885, 34100, 10790, 10818, 9326, 38513, 14789, 16308, 22248, 22319, 42251, 5010, 7202, 5352, 17793, 38262, 6185, 36160, 9855, 25479, 39305, 15079, 25956, 24646, 31811, 42010, 10436, 
Weights: 649.756, 0, 64.2393, 0, 663.729, 0.948813, 4.27057, 0, 0, 0, 0, 404.83, 0, 1.05048, 1.07843, 2.22913, 0, 0, 0, 1.36355, 19.5894, 0, 528.291, 1483.78, 1.68095, 0, 1.34291, 0.756433, 3547.43, 0, 0.822967, 83.7288, 15.0049, 1.0161, 76.9614, 0, 1.78266, 182.669, 319.461, 0, 2.71686, 110.365, 1.96519, 87.7087, 40.6982, 0.940015, 0, 32.959, 2.92372, 38.9364, 58.5844, 0, 0, 1174.64, 0, 1.02295, 28.4878, 193.052, 1.00715, 0, 0.812148, 85.7805, 156.457, 0, 2.47378, 249.842, 2.96919, 287.128, 55.7303, 0, 29.2086, 80.3045, 1.01172, 114.47, 0, 90.5438, 306.24, 1.62247, 0, 15.8633, 1174.58, 0, 0, 17.6814, 3.18929, 58.1425, 0, 71.6692, 548.016, 0, 1.31246, 26.6148, 0.458125, 722.702, 460.072, 0, 6.15855, 231.406, 910.856, 0, 1.01865, 0, 20.3328, 2.49314, 4.12696, 0, 69.6649, 0.691626, 3.48613, 2.53077, 1.00857, 209.335, 5.34246, 25.4258, 0.966212, 102.476, 1.60777, 14.774, 0, 686.094, 13.1215, 28.8869, 1.102, 0, 327.718, 0, 0, 0, 0.959863, 6.19576, 1.23645, 665.452, 0, 0, 528.151, 0.884437, 0, 0, 468.703, 0, 1.03578, 827.279, 1808.25, 1.57414, 0, 1.28795, 659.427, 10.2389, 0.651768, 56.5988, 0.974398, 1.37586, 1590.42, 1646.58, 5.35566, 0, 0, 217.729, 0, 0, 3.90511, 0.271656, 2.50287, 0.862499, 8.58563, 0, 0, 103.531, 0, 0, 36.4087, 0, 2.33408, 3.31853, 0, 0, 320.87, 0, 119.724, 0, 2.24108, 0, 0, 0, 2.29265, 0.573166, 1772.63, 1.33579, 0.933315, 552.838, 5.93222, 0, 0, 0.777236, 0, 2.16389, 0.682317, 30.862, 1.96972, 0, 2.72134, 0, 21.7808, 2.30035, 0.175662, 145.618, 0.338712, 0, 324.678, 21.2604, 240.666, 10.3616, 0, 0, 16.6513, 0, 1.7503, 0, 3552.91, 2123.06, 0.945787, 0, 1507.53, 0, 1568.9, 0.541636, 1.21541, 19.992, 0.839447, 0, 0.888507, 471.443, 708.911, 0, 82.3953, 355.641, 0.306311, 0.975492, 0, 2.32118, 17.8665, 202.858, 0, 0, 0, 1869.92, 2.393, 2.08216, 0.878754, 30.0694, 
n_nonzero: 173

Running time so far: 171.786s

