n_tets: 56
relErr: 0.011705
Selected tets: 43001, 18343, 2368, 13500, 46318, 17715, 27139, 46163, 19846, 32921, 44641, 5084, 29426, 39748, 1177, 29328, 51871, 49666, 23284, 25000, 44517, 15812, 52395, 1207, 1519, 38458, 1757, 19555, 16199, 47399, 44571, 14683, 14995, 37099, 6771, 42571, 25174, 12748, 61386, 40708, 1436, 3917, 1191, 4938, 41311, 23991, 15630, 4575, 21917, 37521, 59305, 45641, 30554, 40733, 21400, 35983, 
Weights: 124.81, 5328.59, 148.33, 75.9482, 0, 3636.9, 0, 308.179, 0, 84.1982, 101.875, 50.9365, 57.1624, 1223.24, 3148.94, 0, 0, 0, 2537.13, 201.979, 0, 0, 0, 42.8383, 392.119, 0, 118.14, 69.5254, 869.704, 794.794, 522.86, 73.7802, 0, 4150.23, 120.79, 2684.31, 43.9305, 6621.43, 13359.3, 145.766, 26.2073, 493.218, 3587.57, 183.07, 878.364, 0, 116.638, 306.669, 252.486, 3802.7, 0, 260.423, 3.41357, 6796.75, 1229.04, 97.0366, 
n_nonzero: 43

Running time so far: 23.8622s

