n_tets: 60
relErr: 0.819618
Selected tets: 102, 136, 98, 97, 43, 181, 200, 77, 68, 10, 28, 79, 2, 67, 1, 39, 47, 149, 65, 129, 188, 45, 190, 76, 176, 183, 146, 9, 53, 160, 26, 167, 5, 86, 157, 124, 55, 142, 17, 145, 18, 108, 88, 166, 44, 99, 63, 70, 197, 105, 178, 152, 15, 36, 24, 11, 126, 174, 27, 96, 
Weights: 0, 0, 0, 0, 0, 0, 0, 0, 0, 0, 0, 0, 2.55586e-15, 0, 0, 0, 0, 0, 0, 0, 0, 0, 0, 0, 2.0132, 0, 0, 0, 0, 0, 0, 0, 0, 0, 0, 0, 0, 0, 0, 0, 0, 0, 0, 0, 0, 0, 0.147172, 0, 0, 0, 6.64734e-05, 0, 0, 1.22372e-14, 0, 0, 0, 0, 0, 0, 
n_nonzero: 3

