n_tets: 192
relErr: 0.00102516
Selected tets: 235796, 269544, 362937, 298539, 381300, 26069, 233619, 388822, 143254, 29257, 129749, 245011, 429667, 245127, 3631, 8706, 280852, 350808, 187116, 150871, 102239, 205157, 23989, 213606, 376047, 363265, 311537, 163244, 206903, 416957, 13780, 160206, 136949, 301704, 377338, 139005, 405237, 161679, 288456, 291655, 315929, 21584, 106379, 134563, 69093, 412289, 126150, 397111, 346140, 248178, 8314, 30348, 401752, 184484, 251881, 160381, 155049, 420840, 229484, 204986, 419364, 397751, 312336, 307422, 371087, 385296, 298875, 300477, 418362, 156640, 115018, 234799, 33298, 113831, 267589, 85015, 57153, 345250, 81311, 263552, 265880, 313697, 278252, 131980, 235486, 143266, 314130, 414915, 91544, 312802, 56878, 285369, 373908, 62244, 420700, 229489, 331355, 114000, 281090, 211588, 282487, 159429, 418158, 29767, 381558, 81782, 373237, 347967, 284712, 346055, 409759, 305174, 290461, 189807, 275538, 83557, 145765, 111736, 198232, 212437, 202476, 29114, 424541, 327840, 412129, 376211, 124147, 207932, 385107, 325987, 71035, 2998, 180537, 319143, 413997, 179503, 159435, 125934, 233886, 161334, 363109, 248706, 76749, 415107, 199841, 97972, 130768, 373705, 186516, 279888, 165392, 286736, 92506, 171396, 3756, 78807, 137958, 46557, 279086, 386678, 158736, 3062, 270318, 216850, 273407, 183334, 59977, 197867, 74923, 272751, 406244, 157438, 188096, 309332, 417772, 340956, 369693, 122702, 264704, 301586, 305619, 222688, 1980, 76596, 398209, 2405, 330896, 414061, 44001, 154630, 99199, 407439, 
Weights: 6921.29, 2296.38, 0, 0, 127.279, 1347.1, 455.819, 667.453, 154650, 0, 404.721, 0, 0, 178.538, 4.05478e+06, 259.803, 0, 84.026, 0, 658.969, 1435.8, 2581.05, 160.159, 0, 424.174, 644.05, 0, 0, 55.6858, 378.405, 39309.4, 0, 130.362, 2138.85, 1817.49, 670.667, 5859.15, 0, 785.536, 19276.2, 1367.33, 0, 0, 0, 113.144, 3766.52, 200.96, 186.624, 0, 227195, 879.789, 0, 907.152, 1807.26, 22305, 1107.87, 1553.45, 0, 0, 0, 947.177, 0, 98.7188, 1266.68, 260.75, 0, 1223.51, 1738.75, 280.611, 0, 0, 909.729, 0, 5370.21, 0, 0, 355.266, 1055.05, 0, 1621.14, 18.2447, 0, 0, 345.522, 1001.5, 0, 0, 614.233, 0, 2547.23, 0, 1066.51, 0, 0, 215.607, 350.048, 0, 206.406, 42.0931, 0, 0, 0, 0, 1286.79, 13613.4, 0, 0, 0, 454.255, 394.444, 0, 8827.38, 356.405, 0, 0, 1.37882e+06, 955.315, 75.865, 0, 0, 1160.85, 30402.5, 1330.2, 0, 200.62, 2396.1, 0, 679.632, 0, 2577.82, 2922.84, 1628.61, 3698.71, 11027.7, 551.58, 126.641, 0, 0, 0, 120666, 0, 308.756, 0, 696.136, 82.8382, 332.948, 1074.73, 0, 73163.5, 0, 521.002, 372.686, 7600.69, 0, 14.1671, 367.478, 3229.5, 0, 0, 3153.65, 0, 0, 0, 88.3543, 0, 0, 97.6063, 0, 570.487, 155.35, 0, 0, 1002.36, 486.336, 994.653, 0, 0, 34410.9, 122818, 214.844, 1445.45, 69.2249, 139021, 0, 76726.1, 67.246, 432.749, 3891.46, 502621, 35.7134, 46444.9, 33.5394, 
n_nonzero: 119

Running time so far: 253.528s

