n_tets: 221
relErr: 0.480924
Selected tets: 25939, 699, 8335, 12763, 14231, 4944, 1622, 18088, 45004, 33142, 17824, 26526, 34964, 29197, 41971, 4088, 9429, 28182, 37261, 22357, 32934, 24473, 44764, 29504, 14031, 10997, 2671, 39876, 22778, 17576, 37292, 27223, 35427, 992, 44953, 24904, 3681, 38672, 1548, 31816, 41017, 24340, 43890, 37493, 13703, 2979, 44748, 25368, 42705, 17570, 44816, 26508, 35141, 37485, 10559, 29550, 11894, 42687, 14294, 10567, 44291, 3093, 36649, 31115, 10652, 27915, 12262, 13861, 21682, 8391, 32080, 39501, 15389, 22564, 6641, 44226, 9963, 21658, 15930, 30067, 3006, 21196, 13786, 12178, 10960, 16308, 20405, 29476, 21551, 39865, 22699, 11408, 2945, 9729, 25223, 6191, 26836, 21676, 4089, 30066, 43910, 36640, 972, 29098, 14460, 18208, 21553, 21568, 32237, 17740, 36645, 12078, 29904, 10553, 4052, 21657, 11683, 43884, 31408, 10555, 3311, 39925, 3361, 19374, 44196, 21653, 7316, 44751, 4814, 10744, 44907, 19750, 5691, 44610, 20952, 18420, 16029, 1067, 42018, 7042, 18157, 37476, 24761, 22356, 29787, 21459, 39190, 42950, 37879, 34345, 17813, 5267, 2719, 6614, 4734, 38635, 44725, 33165, 10223, 2802, 42722, 21635, 11445, 38627, 5051, 3162, 3682, 8151, 13198, 44638, 45123, 22442, 17577, 5566, 42694, 503, 24416, 15833, 34961, 14583, 37358, 15224, 17815, 29472, 11315, 11928, 10226, 19391, 9876, 39238, 4583, 25645, 1339, 34958, 44906, 18854, 764, 24373, 20931, 14578, 42706, 32860, 38805, 16734, 391, 17681, 31757, 18153, 7951, 26914, 28369, 16899, 41310, 22468, 11388, 13483, 9968, 23486, 5811, 38797, 19507, 
Weights: 2526.01, 1962.21, 2242.39, 1710.45, 1.45126, 1118.98, 0.71896, 2344.99, 110.804, 4.25742, 0.925013, 1.30091, 5.15572, 1022.57, 8.45834, 9.0128, 65.2579, 0, 4.6213, 1.24052, 4091.67, 4.33395, 0, 0, 0, 211.836, 1963.85, 487.854, 0, 0.140103, 0, 1.28683, 757.769, 38.8038, 0.956506, 60.2074, 1.07526, 0, 10.079, 578.347, 6.01795, 16.3709, 0, 0, 0, 1.07558, 0, 0, 0.865621, 3.36074, 0, 0, 0.90814, 0, 0.961989, 4.38812, 10.5801, 23.2849, 0.645438, 0, 1.40293, 0, 26.683, 1020.91, 8.42417, 712.875, 9.93829, 0, 21.7998, 0.323605, 0, 0.89741, 1.87525, 0.98569, 0, 0, 3.43437, 0.275036, 0.917848, 0, 10.188, 7.71291, 3.78614, 0.395741, 1.01357, 85.0308, 0, 4.66315, 0, 75.7971, 0, 1.15525, 16.9864, 45.4258, 16.4879, 42.0183, 0, 3.16091, 7.30681, 0, 618.972, 508.432, 1.01443, 3.11737, 0.990778, 0, 8.67341, 3.86979, 0, 0, 0, 587.539, 1.22007, 0, 0, 0.21632, 1.02382, 0.637087, 0, 2186.13, 0, 0, 0, 37.1352, 2.10975, 1.46045, 0, 0, 0.979416, 4.84592, 14.3679, 1167.53, 1.07145, 1.32131, 0, 403.888, 320.547, 941.624, 0, 45.4161, 292.042, 0, 0, 3.70101, 107.193, 202.703, 1.04731, 154.376, 31.6294, 0, 0.997309, 0.928722, 3226.76, 197.817, 1.76413, 1.15604, 0.641631, 0, 1.59074, 0.0508914, 133.097, 47.8312, 0.9875, 0, 0.987757, 1.46551, 0.487447, 0.658054, 7.69054, 1.09742, 44.6889, 913.08, 0.923261, 0, 0, 1.92705, 398.138, 0, 18.1891, 0.790536, 10.7391, 1.45173, 1.12086, 1.76756, 0, 0, 0.0119883, 78.9916, 0, 0, 41.7024, 903.833, 3.36965, 56.0999, 0, 1.00376, 590.765, 14.709, 13.1643, 0, 0, 0, 0, 1106.56, 497.915, 0.963564, 0, 0.778977, 1.5724, 1.02443, 5.24598, 0, 45.8873, 0, 0.96615, 0, 5.79412, 0.464127, 435.731, 0.173318, 1655.34, 
n_nonzero: 159

Running time so far: 125.379s

