n_tets: 217
relErr: 0.502254
Selected tets: 55591, 10729, 52224, 23574, 122177, 137855, 89599, 161633, 6368, 119503, 65450, 5110, 138593, 122232, 44900, 71155, 71126, 74218, 11442, 103061, 192, 84811, 18074, 158395, 144670, 78533, 96622, 83286, 7601, 140896, 60, 8433, 8446, 148866, 157255, 67819, 37387, 156080, 77926, 133595, 131204, 130371, 37941, 1312, 72258, 2015, 157620, 11528, 40136, 11695, 116518, 55162, 28810, 25651, 163947, 557, 3093, 39426, 57153, 159262, 163607, 111780, 114463, 66330, 58046, 96129, 107412, 73809, 127580, 103038, 15582, 116751, 24996, 145058, 96623, 50859, 139201, 68285, 48720, 152093, 121880, 45038, 14999, 11023, 24182, 153256, 125015, 132166, 28688, 9888, 33367, 119362, 57728, 152263, 158918, 71632, 43638, 122342, 9551, 112312, 90439, 74658, 108686, 2590, 138995, 40149, 76821, 15689, 29048, 124403, 59151, 130388, 58676, 111045, 146086, 16, 88598, 64120, 32716, 38052, 29543, 119045, 79486, 3909, 19584, 14099, 60598, 4340, 1471, 63394, 1316, 6242, 111897, 3984, 158937, 15704, 61081, 157197, 102178, 53100, 99456, 107301, 1676, 140795, 43813, 63105, 58844, 134644, 157525, 58009, 53262, 138077, 146257, 148145, 136987, 144844, 40314, 42673, 90123, 55387, 114619, 126528, 68245, 3228, 88688, 17228, 78769, 155145, 106437, 160730, 154784, 80385, 107304, 29482, 65873, 106464, 37649, 15789, 32235, 162647, 150235, 144114, 98038, 100344, 59264, 136629, 139535, 57344, 159287, 118104, 108767, 7974, 3339, 38890, 30353, 13332, 13251, 118099, 159754, 85348, 36395, 106405, 135664, 47589, 142318, 5062, 34985, 63478, 146274, 73080, 103894, 2380, 1702, 14464, 135914, 89821, 159579, 
Weights: 7341.69, 0, 324.653, 4495.31, 2347.54, 0, 3016.64, 72.9244, 12872.8, 0, 4429.98, 2905.77, 104.399, 0.994843, 20.8503, 0, 14799.4, 0, 562.791, 455.907, 4.93004, 1.46883, 7060.73, 12.7728, 24.1501, 7915.79, 18.7852, 114.901, 2169.47, 378.268, 281.43, 462.337, 1725.81, 10.8662, 2885.92, 53.3636, 0, 1.6227, 0, 613.498, 536.507, 1051.36, 381.261, 0, 448.233, 0.626021, 0, 0, 24.5971, 19.1347, 16.5129, 0, 230.48, 0, 2153.17, 0, 0.245705, 983.755, 0, 0, 1.28358, 0, 1478.73, 0, 432.233, 32418.2, 0, 10590.2, 34.0917, 0, 306.655, 0, 81.2098, 0, 0.898164, 1.06442, 0, 1516.87, 0, 203.52, 0.15281, 593.816, 0, 5.10495, 1933.48, 0, 0, 1.85629, 0, 614.734, 2.6502, 55.4069, 71.4372, 3098.95, 0.883319, 65851.7, 0, 4724.94, 0, 90.2895, 206.507, 0, 1.06719, 0, 0, 389.432, 0, 9.44096, 1.49484, 3.56225, 155.187, 0, 0, 0, 0, 0, 1591.04, 2.3774, 0, 10079.5, 20856.1, 2482.5, 0, 0, 0.709412, 0, 4891.02, 0, 0, 0, 0, 0, 2751.86, 1735.61, 0.998574, 0, 1.26507, 311.879, 0, 89.5848, 0, 0, 53.353, 4344.08, 710.369, 895.716, 0, 2961.93, 202708, 1490.46, 0, 183.282, 39430.3, 27072.5, 5383.55, 27.3903, 583.134, 0, 89.036, 2747.89, 22078.7, 0.468953, 1092.52, 0, 1310.23, 18.6001, 24.4503, 0, 242.198, 48.4938, 653.619, 1.63808, 0, 0, 42503.3, 0, 0, 925.551, 856.296, 148.844, 0, 164.49, 22.1432, 6233.23, 0, 7865.32, 51.9405, 0, 1198.36, 1900.91, 34098, 77.7688, 1.02214, 454.437, 15.6716, 1413.59, 43131.1, 841.762, 84385.6, 0, 0, 0, 1704.71, 114.668, 9145.84, 0.127172, 0, 0, 10.5995, 0, 1768.75, 474.135, 38.8143, 0, 0, 63245.3, 0, 
n_nonzero: 145

Running time so far: 260.931s

