n_tets: 17
relErr: 0.423406
Selected tets: 995, 6736, 3302, 3987, 3394, 5919, 5053, 3766, 4748, 2193, 2122, 6506, 5764, 1865, 4146, 1481, 7325, 
Weights: 1603.41, 907.431, 659.548, 252.985, 319.223, 992.45, 346.793, 1792.44, 538.733, 275.637, 224.462, 734.071, 58.4659, 265.698, 108.094, 291.039, 0.497431, 
n_nonzero: 17

