n_tets: 77
relErr: 0.377074
Selected tets: 32562, 42675, 7400, 38757, 28732, 43879, 34020, 14663, 14859, 42759, 22443, 10634, 5978, 37804, 28795, 28803, 32402, 41971, 29320, 20127, 20195, 11336, 44942, 27216, 22250, 1961, 39019, 20950, 16309, 24941, 28091, 39255, 43258, 1820, 33980, 29553, 38698, 38867, 4042, 8391, 31826, 7766, 16138, 3845, 43883, 2979, 24124, 29217, 10435, 21177, 4725, 20125, 17790, 22361, 19515, 36163, 28351, 29877, 21975, 13782, 29410, 18013, 10363, 4301, 8559, 33077, 16720, 37321, 12683, 5310, 10419, 1617, 8545, 39181, 19418, 34555, 18584, 
Weights: 2363.27, 8536.74, 2417.85, 1.14848, 4406.81, 13.8373, 125.108, 1.00403, 2.40481, 13.3419, 52.7167, 3277.83, 2725.05, 1.14796, 0.783946, 71.3124, 1286.05, 23.4176, 0, 0, 0, 0.499357, 1049.37, 467.965, 4982.49, 1.58102, 1.14611, 455.884, 2.03254, 1102.8, 1456.73, 0, 0, 1.07574, 2.90876, 1373.05, 0.936918, 0, 468.091, 1.13139, 202.757, 2.85601, 4.87169, 2497.23, 0.569478, 7.36902, 0, 0.835811, 34.2036, 5637.08, 29.9239, 1.00125, 2.32679, 0, 14.1975, 5.77178, 208.134, 0, 26.5248, 8.46134, 0, 1023.59, 1524.45, 0, 455.034, 0.9717, 0.962394, 3219.19, 0.666144, 8.19632, 0, 35.4574, 2.70711, 45.2212, 118.138, 428.772, 0, 
n_nonzero: 64

Running time so far: 46.2109s

