n_tets: 40
relErr: 0.0841974
Selected tets: 99, 3, 89, 93, 119, 140, 22, 185, 199, 138, 196, 111, 77, 137, 153, 186, 107, 39, 124, 57, 198, 13, 65, 147, 201, 18, 25, 184, 84, 14, 200, 162, 42, 187, 120, 2, 49, 197, 8, 5, 
Weights: 41.4052, 28.8646, 1.0048, 0.999279, 1.06631, 1.00857, 1.04569, 1.00445, 0.998623, 1.00063, 0, 1.13877, 1.02177, 1.01248, 1.02014, 1.00898, 1.06462, 1.08988, 32.9674, 1.00195, 1.10703, 1.12908, 25.0937, 55.0724, 1.04271, 1.18375, 7.94342, 0.999781, 0.903682, 1.1415, 1.26586, 15.201, 0, 1.85342, 11.4713, 6.45216, 1.02047, 1.11454, 19.9798, 6.08097, 
n_nonzero: 38

