n_tets: 180
relErr: 0.373317
Selected tets: 1842, 1597, 1136, 1224, 452, 822, 1277, 1021, 1856, 1431, 1326, 1875, 1870, 1851, 345, 1428, 475, 146, 405, 1311, 292, 520, 1854, 1332, 427, 731, 489, 1198, 50, 262, 363, 252, 1206, 955, 462, 435, 59, 874, 21, 246, 1652, 1143, 1790, 593, 559, 1457, 1627, 880, 849, 30, 1051, 455, 619, 281, 1638, 1583, 1341, 1102, 1503, 1210, 108, 504, 1159, 238, 682, 1427, 848, 5, 1194, 536, 529, 697, 881, 840, 1454, 1977, 1319, 638, 609, 1490, 1446, 502, 1578, 1868, 1761, 1628, 1351, 305, 447, 1392, 534, 1535, 198, 1032, 853, 1775, 949, 432, 36, 1926, 1119, 324, 1932, 595, 122, 1515, 1779, 753, 767, 1544, 1370, 1197, 1157, 1566, 1005, 1417, 732, 573, 235, 975, 838, 1462, 1009, 105, 918, 13, 1442, 329, 623, 921, 780, 1233, 808, 1883, 1852, 1873, 1642, 540, 199, 380, 1534, 1613, 960, 899, 1393, 1742, 1359, 1044, 1396, 53, 631, 625, 932, 1018, 634, 1376, 75, 812, 89, 334, 260, 839, 1867, 1251, 60, 1855, 201, 1675, 1343, 1440, 615, 1862, 580, 1364, 789, 1911, 2, 1016, 482, 488, 
Weights: 25.372, 169.469, 320.715, 0.640098, 0.837629, 1.0042, 61.66, 1.06267, 0.97384, 1.03888, 222.946, 0.946444, 1.98745, 2.80825, 1.98985, 1.29306, 1.09397, 0.836633, 0.979653, 0.907278, 10.9655, 1.08538, 1.12774, 0.898076, 0.90252, 1.96388, 0.843949, 0.997706, 1.32722, 0.937968, 1.37352, 0.938905, 1.02102, 0.409502, 0.980673, 0.955118, 0.999497, 0.938163, 0.775138, 0.981831, 284.461, 0.965883, 0, 4.30353, 0, 3.2532, 1.01516, 2.5181, 0.494017, 0.876558, 1.02014, 0.938341, 1.02412, 0.366369, 0.963463, 1.09758, 0.857412, 0.925284, 1.07367, 1.08908, 0.895782, 1.39933, 0.534753, 0.92182, 0.967124, 0.682674, 0, 0.89257, 1.00738, 1.11288, 1.00339, 1.70472, 1.12338, 1.12666, 1.02697, 1.39519, 1.23377, 1.02536, 1.03238, 1.08803, 57.5207, 0.971895, 0.474107, 0.925712, 1.04653, 0.961829, 11.8289, 1.18396, 0, 1.01084, 1.00885, 1.01258, 5.6681, 1.04072, 28.6947, 0.931952, 0.748244, 1.10333, 1.54553, 3.33994, 0.606546, 0.955221, 4.51311, 93.8244, 6.60707, 0.196863, 1.05535, 0.925034, 1.18092, 0.933107, 3.46777, 4.62204, 0, 0.969477, 1.88414, 1.01862, 2.57043, 1.40875, 339.69, 37.635, 0.878257, 63.3066, 1.02142, 44.5751, 0.737387, 0.776737, 4.96374, 1.20258, 0.868298, 1.3904, 0.731169, 1.11452, 44.5521, 2.55187, 0.984246, 1.01781, 1.00548, 0.871493, 0.95186, 48.348, 0.966473, 0.880893, 9.93303, 1.00178, 0.997982, 0.640418, 0.949625, 1.06076, 1.01289, 1.16048, 1.15093, 1.01543, 1.04279, 1.5434, 1.07087, 0.174456, 75.6263, 82.5733, 0.632687, 0.942092, 0.94302, 1.01066, 0.604437, 0, 0.96482, 0.731875, 20.4829, 57.1163, 1.24279, 0.507499, 0.979316, 91.8633, 1.03415, 0.573165, 0.907389, 1.8621, 0.924249, 32.1422, 0.911474, 1.07369, 
n_nonzero: 174

