n_tets: 91
relErr: 0.509861
Selected tets: 25939, 699, 8335, 12763, 14231, 4944, 1622, 18088, 45004, 33142, 17824, 26526, 34964, 29197, 41971, 4088, 9429, 28182, 37261, 22357, 32934, 24473, 44764, 29504, 14031, 10997, 2671, 39876, 22778, 17576, 37292, 27223, 35427, 992, 44953, 24904, 3681, 38672, 1548, 31816, 41017, 24340, 43890, 37493, 13703, 2979, 44748, 25368, 42705, 17570, 44816, 26508, 35141, 37485, 10559, 29550, 11894, 42687, 14294, 10567, 44291, 3093, 36649, 31115, 10652, 27915, 12262, 13861, 21682, 8391, 32080, 39501, 15389, 22564, 6641, 44226, 9963, 21658, 15930, 30067, 3006, 21196, 13786, 12178, 10960, 16308, 20405, 29476, 21551, 39865, 22699, 
Weights: 3480.94, 2763.96, 3456.29, 2038.45, 1.41422, 3736.91, 0.724379, 3296.26, 109.933, 4.34548, 0.946079, 1.28615, 5.47731, 2058.47, 6.31225, 0, 68.8426, 5508.54, 4.99788, 1.55913, 4894.17, 3.59573, 0, 94.0483, 0, 191.215, 3540.49, 802.215, 0, 0.103087, 0, 1.14966, 557.915, 39.2028, 0.957475, 58.0141, 1.08414, 0, 13.5019, 737.613, 6.88156, 0, 169.313, 0, 2.43104, 1.04701, 0, 0, 1.06598, 3.70496, 31.235, 0, 0.903006, 0, 1.10063, 0, 15.9018, 42.4024, 0.618696, 1886.45, 1.30799, 0, 26.1006, 1640.13, 2.92676, 2156, 10.3132, 182.95, 25.1455, 0.337652, 225.443, 0.928442, 1.48356, 0.983863, 0, 4.87638, 22.7331, 0.418448, 0.948507, 0, 0, 6.06744, 3.71508, 0.362584, 1.0219, 0, 2058.81, 5.1489, 0, 79.6355, 727.998, 
n_nonzero: 72

Running time so far: 47.8126s

