n_tets: 135
relErr: 0.159966
Selected tets: 10555, 21616, 12946, 21677, 4748, 6996, 23325, 27965, 4263, 12045, 17320, 25683, 19465, 9519, 19914, 12330, 23888, 5093, 21360, 28276, 21477, 726, 19503, 27247, 19660, 8811, 19456, 1518, 11035, 8328, 15796, 13232, 19166, 13409, 6928, 11618, 25707, 19162, 2547, 15300, 2987, 17874, 23620, 1861, 15479, 1269, 22785, 25329, 27418, 10401, 17509, 29299, 4195, 25933, 24111, 12388, 15089, 13391, 10002, 20247, 6697, 16256, 19800, 1543, 21586, 15012, 15261, 18244, 12419, 5851, 4114, 13262, 4087, 12118, 14799, 19346, 18806, 6050, 5897, 19548, 27873, 14866, 12204, 6574, 615, 23457, 14449, 24519, 11464, 5283, 27830, 26024, 26451, 4776, 3022, 22444, 1404, 20672, 4294, 25936, 21442, 23021, 19072, 15701, 2551, 3044, 25426, 22905, 8294, 5524, 10404, 21587, 2827, 14554, 27248, 9885, 14214, 11571, 26472, 15465, 14082, 21181, 14519, 12796, 17326, 12794, 9864, 13331, 4089, 4435, 22616, 14548, 27641, 5693, 1542, 
Weights: 4706.16, 1176.57, 485.389, 1011.12, 0, 958.653, 782.937, 20.1067, 1.67661, 13.5777, 0.634258, 494.546, 1.01954, 1321.12, 554.417, 411.324, 86.8522, 125.308, 0.979292, 1768.34, 2.02634, 0, 140.64, 1.41486, 40.9713, 0, 255.547, 0.912683, 49.8792, 528.031, 396.204, 6.44887, 0.508926, 0, 10.9724, 0, 914.199, 100.158, 249.934, 223.561, 0, 2.71522, 0, 1.55767, 0, 0.429497, 2009.53, 136.676, 1421.59, 36.5101, 144.906, 370.613, 330.609, 0, 1.85956, 0, 1550, 376.73, 0.0180479, 0, 0, 0, 0.856051, 1.22595, 0.938713, 24.5307, 0, 1133.06, 26.2343, 370.919, 0, 0, 1.01242, 110.095, 37.6677, 542.46, 722.051, 0, 466.06, 0, 1157, 1.63948, 548.884, 235.812, 340.252, 0, 51.9604, 27.2996, 535.12, 0, 14.3764, 0, 0, 14.8043, 0, 3.52475, 381.685, 0, 0, 60.252, 1.13397, 2.32811, 0, 298.073, 0, 801.389, 199.574, 10.608, 1.0288, 3.61973, 51.7019, 3.76937, 0, 0, 4.08952, 0, 32.5299, 1.14803, 0, 0, 0, 56.529, 8.96776, 0.798936, 0, 0, 112.107, 16.508, 0.990492, 0, 0, 263.858, 1107.4, 0, 1.3648, 
n_nonzero: 97

Running time so far: 148.038s

