n_tets: 50
relErr: 0.288304
Selected tets: 99, 70, 175, 89, 182, 185, 93, 65, 119, 95, 172, 33, 138, 137, 202, 77, 107, 18, 39, 57, 147, 198, 186, 167, 20, 123, 44, 184, 199, 135, 84, 58, 92, 14, 121, 3, 129, 67, 13, 63, 194, 72, 141, 187, 101, 200, 8, 142, 111, 193, 
Weights: 39.4751, 7.11027, 28.0181, 1.03302, 5.76038, 0.9315, 1.00964, 4.40058, 0.449845, 15.4371, 24.2521, 101.729, 0.248351, 0.983882, 1.00349, 1.02665, 0.980546, 1.49308, 0, 1.41598, 0, 0.67656, 0.884302, 19.3597, 0, 3.57608, 0, 0, 0, 30.2653, 1.06765, 12.7018, 0.401669, 0.383003, 130.407, 19.464, 7.07457, 5.10081, 0.124526, 0.806026, 1.0137, 5.61435, 35.8729, 0, 1.99972, 0.757767, 3.96796, 8.84407, 1.05681, 0.422927, 
n_nonzero: 43

