n_tets: 143
relErr: 0.39373
Selected tets: 21500, 27848, 13245, 1062, 23629, 22890, 26439, 10395, 1762, 13239, 2064, 7179, 9472, 27723, 24981, 25538, 15997, 17901, 5546, 26161, 18850, 4761, 5565, 27606, 22601, 20170, 12812, 17721, 2763, 14933, 20973, 11971, 24234, 3854, 16524, 4933, 15470, 7354, 20470, 23593, 2716, 26312, 15489, 22202, 6495, 19403, 4175, 26183, 25581, 28594, 14670, 7776, 16251, 26302, 4498, 13334, 10833, 23642, 26751, 15401, 6651, 28287, 27213, 10437, 19522, 5873, 5967, 9001, 797, 5789, 26177, 1249, 10457, 25105, 1041, 8851, 16236, 21990, 4960, 14700, 6339, 7218, 5056, 17417, 22733, 16473, 5270, 8120, 15142, 25168, 14245, 22838, 19706, 2303, 5541, 1787, 9988, 25121, 27307, 22758, 27118, 5367, 28123, 24230, 19701, 5322, 6105, 22447, 788, 24371, 514, 5611, 12546, 18677, 22399, 17584, 15196, 5272, 26570, 6448, 7782, 6001, 9622, 19954, 24762, 16167, 24682, 4553, 6030, 2808, 6023, 1436, 6382, 28429, 28325, 17138, 24418, 21635, 3390, 10128, 4570, 15492, 18878, 
Weights: 0, 0, 3954.68, 0, 553.284, 1805.85, 416.957, 1.02716, 373.442, 0, 7.4876, 710.292, 734.841, 0, 29.7782, 0, 266.341, 968.676, 0, 316.459, 24.3657, 356.425, 129.326, 0, 0, 1.23837, 0, 96.5949, 553.639, 0, 0.140742, 10.6593, 5.27797, 14.1046, 33.3074, 20.9133, 0, 1926.42, 0, 0.252948, 587.84, 3.40288, 0.715238, 47.0441, 1.83706, 668.12, 101.826, 1.00644, 0, 0, 0, 0, 1.12842, 0, 58.9566, 26.7339, 216.378, 39.9663, 390.967, 2.14149, 0.97272, 1.67819, 441.696, 892.474, 1.91351, 102.044, 1268.1, 0, 0, 2998.57, 242.371, 153.795, 0, 82.6366, 1138.63, 0, 0, 5.41464, 0, 0, 16.4239, 0, 2.30834, 0, 783.1, 40.3114, 66.5811, 14.0077, 127.676, 0, 2487.49, 1.5821, 0, 0, 0, 17.9901, 2345.96, 204.885, 0, 3.49395, 149.44, 621.389, 0.296424, 223.442, 0, 41.326, 1.73977, 20.2693, 2505.43, 36.1408, 111.198, 491.228, 1053.72, 0, 0, 0.968882, 0, 0, 33.965, 0, 0, 9.85509, 0, 208.689, 15.6549, 0, 3378.95, 365.784, 0.833122, 127.021, 0, 468.272, 50.9784, 92.5505, 66.2769, 0, 700.775, 494.86, 2.85713, 0, 0, 1.05512, 154.196, 
n_nonzero: 98

Running time so far: 43.2972s

