n_tets: 84
relErr: 0.123991
Selected tets: 51214, 33828, 1062, 17144, 34560, 57384, 71719, 24860, 79148, 18752, 26715, 54341, 55661, 18058, 79674, 58394, 47832, 65101, 75225, 78581, 38437, 11094, 31923, 65333, 25095, 40130, 52248, 14997, 55192, 55830, 47691, 20698, 60654, 45641, 58865, 6073, 6794, 65212, 50539, 8071, 42782, 6772, 53911, 40232, 61256, 1986, 27703, 1391, 9638, 22689, 60071, 57016, 31921, 26997, 30552, 60817, 40724, 7835, 41435, 40134, 5965, 55309, 16488, 75871, 33069, 59263, 79183, 47310, 65841, 43200, 16312, 77670, 5000, 2555, 33050, 19673, 43048, 4752, 10977, 41150, 66780, 34082, 28668, 46052, 
Weights: 0, 0, 0, 1736.47, 1956.89, 0, 0, 0, 0, 0, 0, 0, 3562.89, 0, 415.652, 0, 0, 8543.82, 3798.12, 0, 0, 0, 1.09521, 3658.32, 1412.89, 0, 0, 0, 0, 2873.04, 3036.56, 972.712, 0, 7630.53, 0, 0, 6058.69, 7.26443, 0, 3325.78, 0, 94.2498, 0, 0, 0, 0, 0, 0, 0, 611.764, 30.874, 0, 0, 0, 55.193, 3202.95, 0, 0, 2026.51, 0, 464.219, 6590.99, 2280.47, 0, 0, 0, 6204.94, 97.2224, 0, 0, 187.771, 124.363, 1816.22, 0, 0, 0, 773.095, 0, 9365.44, 0, 0, 0, 2017.94, 0, 
n_nonzero: 33

Running time so far: 58.891s

