n_tets: 41
relErr: 0.00028626
Selected tets: 5390, 2255, 5881, 7419, 5645, 3900, 5779, 951, 13400, 1868, 5445, 661, 3712, 3683, 5671, 8652, 1449, 3670, 11240, 10058, 442, 8733, 6318, 6614, 2451, 1518, 4396, 2, 13528, 3294, 11265, 2773, 9828, 2806, 9099, 13621, 11927, 7080, 2296, 10573, 12197, 
Weights: 1476.89, 650.59, 0, 0, 0, 51.614, 19.4116, 0, 340.104, 46.8106, 0, 304.072, 0, 1025.88, 12.089, 0, 230750, 0, 0, 1050.98, 0, 0, 0, 0, 0, 2.47481e+13, 0, 1250.27, 0, 0, 107.753, 302.101, 1879.99, 0, 139.374, 0, 0, 12011.5, 0, 156.222, 4268, 
n_nonzero: 20

Running time so far: 37.162s

