n_tets: 93
relErr: 0.523766
Selected tets: 55591, 10729, 52224, 23574, 122177, 137855, 89599, 161633, 6368, 119503, 65450, 5110, 138593, 122232, 44900, 71155, 71126, 74218, 11442, 103061, 192, 84811, 18074, 158395, 144670, 78533, 96622, 83286, 7601, 140896, 60, 8433, 8446, 148866, 157255, 67819, 37387, 156080, 77926, 133595, 131204, 130371, 37941, 1312, 72258, 2015, 157620, 11528, 40136, 11695, 116518, 55162, 28810, 25651, 163947, 557, 3093, 39426, 57153, 159262, 163607, 111780, 114463, 66330, 58046, 96129, 107412, 73809, 127580, 103038, 15582, 116751, 24996, 145058, 96623, 50859, 139201, 68285, 48720, 152093, 121880, 45038, 14999, 11023, 24182, 153256, 125015, 132166, 28688, 9888, 33367, 119362, 57728, 
Weights: 16734.2, 842.718, 421.545, 13306.4, 9786.9, 0, 6602.16, 75.9421, 18056.2, 0, 5844.67, 3064.26, 0, 1.02452, 20.8525, 161.023, 23817.2, 0, 2520.75, 1626.49, 9.18241, 1.52085, 18865, 12.9763, 24.5416, 11725.9, 18.9442, 1048.47, 14982.7, 1895.72, 451.989, 514.866, 0, 10.7087, 2576.12, 207.469, 43.887, 1.62266, 161260, 659.99, 460.452, 305.631, 1539.8, 0, 23294.1, 0.625874, 330.11, 171055, 16.5534, 17.4772, 22.89, 0, 237.616, 5198.55, 5575.66, 0, 0.22234, 1357.36, 0, 3409.42, 0, 0, 2124.57, 1021.6, 515.931, 32228.9, 17348.1, 11296.8, 43.7852, 0, 1481.03, 0, 70.9277, 134.729, 0.440874, 1.04982, 43.7892, 1649.6, 0, 387.577, 0.159511, 408.013, 15846.2, 5.63424, 1978.31, 0, 0, 1.87539, 70.2105, 1333.61, 2.63443, 52.9004, 66.1327, 
n_nonzero: 77

Running time so far: 121.529s

