n_tets: 224
relErr: 0.0572066
Selected tets: 29127, 663, 19334, 2539, 17312, 25934, 6233, 15770, 23150, 23393, 21534, 19440, 9499, 12040, 9900, 8286, 14089, 5132, 29637, 16013, 9885, 6439, 27103, 1556, 11950, 19167, 26536, 17860, 2187, 12207, 13680, 29504, 14520, 12427, 5898, 3575, 24294, 4103, 1539, 9627, 13058, 17874, 21181, 14917, 6858, 15734, 15047, 8963, 4109, 22990, 12018, 8391, 13923, 11980, 10161, 1221, 6571, 21511, 6642, 14605, 2433, 18051, 2317, 4136, 21177, 25650, 4112, 25027, 11085, 22722, 20054, 13407, 2550, 16056, 10844, 28817, 29263, 7874, 1018, 2180, 12314, 14017, 18907, 21392, 17871, 17261, 25538, 21565, 5190, 4090, 4481, 29527, 22754, 17269, 1706, 19507, 22767, 21277, 15624, 25566, 7008, 29291, 17148, 17430, 18483, 27326, 14990, 4016, 15940, 3545, 2076, 4190, 18033, 25532, 6015, 11870, 24073, 24085, 1254, 22699, 1526, 7056, 7645, 6097, 16119, 23911, 26767, 17557, 16192, 9977, 12420, 18260, 7946, 8506, 24926, 3821, 5279, 8747, 41, 15698, 4142, 8457, 27723, 15301, 9608, 26671, 3017, 27817, 8222, 23082, 14012, 3996, 5385, 19028, 696, 23333, 25540, 24171, 8964, 27296, 25332, 1649, 10866, 22717, 5468, 20371, 18345, 1666, 2991, 14127, 16088, 19715, 7124, 803, 4560, 4274, 13761, 32, 27801, 15930, 21093, 5877, 17772, 19162, 8010, 1016, 14641, 9168, 24107, 18267, 13638, 13409, 19000, 20869, 19225, 6436, 25795, 355, 8591, 2545, 5527, 6823, 819, 22736, 3421, 3312, 13144, 29350, 3362, 23876, 11626, 9248, 19068, 26451, 21945, 19655, 20494, 10938, 12433, 24963, 18808, 3033, 4268, 19236, 
Weights: 530.411, 0, 0, 264.974, 0, 0, 437.779, 0, 0, 0, 0, 0, 319.139, 0, 0, 1901.82, 167.044, 0, 7.6417, 0, 1372.84, 20.1392, 0, 860.801, 0, 0, 0, 518.502, 0, 0, 0, 391.444, 0, 0, 559.642, 48.7534, 0, 0, 0, 298.803, 0, 0, 0, 544.811, 197.541, 142.318, 0, 0.922759, 0, 0, 399.569, 0, 0, 0, 0, 0, 0, 236.836, 435.362, 147.323, 0, 0, 515.44, 434.582, 0, 0, 3.27406, 0, 0, 0, 0, 0, 0, 0, 114.631, 0, 0, 0, 0, 69.8366, 0, 0, 863.418, 1339.96, 0.987003, 611.296, 0, 101.632, 0, 0, 193.883, 19.8363, 0, 0, 0, 0, 0, 0, 144.354, 0, 81.4592, 0, 0, 0, 35.9261, 65.3191, 58.8827, 0, 70.3433, 595.974, 0, 0, 0, 129.733, 0, 0, 0, 0, 0, 920.437, 0, 1017.55, 0, 0, 40.3217, 0, 716.282, 0, 0, 16.2188, 0, 182.273, 113.578, 719.985, 0, 125.808, 0, 0, 2.78871, 0, 0, 0, 0, 0, 68.4492, 0, 605.726, 970.843, 0, 0, 0, 0, 188.744, 165.573, 1.01181, 0, 33.4308, 0, 1.00014, 413.326, 0, 609.153, 294.108, 0, 42.6805, 0, 108.667, 0, 215.425, 0, 0, 665.734, 1027.73, 1620.01, 885.83, 254.766, 0, 0, 0, 360.198, 0, 50.697, 1638.65, 0.947213, 0, 0, 0, 0, 132.476, 1425.19, 0, 0, 0, 260.316, 0, 0, 0, 0, 0, 25.7805, 0, 19.4979, 0, 341.576, 0, 474.781, 0, 0, 0, 797.562, 912.089, 219.295, 0, 314.432, 0, 0, 0, 3476.32, 518.033, 0, 0, 2.29918, 0, 0, 
n_nonzero: 90

Running time so far: 134.388s

