n_tets: 12
relErr: 0.0484538
Selected tets: 8792, 10230, 27837, 7587, 6313, 6881, 25828, 814, 4033, 8592, 29125, 6573, 
Weights: 5398.52, 1807.06, 4493.84, 33351.3, 1924.36, 315.381, 0, 2391.52, 2751.54, 3243.54, 7047.23, 155.183, 
n_nonzero: 11

Running time so far: 4.13537s

