n_tets: 27
relErr: 0.177678
Selected tets: 10555, 21616, 12946, 21677, 4748, 6996, 23325, 27965, 4263, 12045, 17320, 25683, 19465, 9519, 19914, 12330, 23888, 5093, 21360, 28276, 21477, 726, 19503, 27247, 19660, 8811, 19456, 
Weights: 6391.04, 3187.28, 1084.51, 4003.04, 1192.46, 1020.21, 1260.57, 819.945, 1.66769, 12.8333, 0, 1631.66, 1.01939, 1280.22, 267.491, 1056.36, 545.945, 286.464, 0.986707, 12984.2, 2.03776, 7666.94, 349.081, 1.44249, 35.4048, 3296.17, 1350.61, 
n_nonzero: 26

Running time so far: 43.4692s

