n_tets: 59
relErr: 0.326332
Selected tets: 995, 6736, 3302, 3987, 3394, 5919, 5053, 3766, 4748, 2193, 2122, 6506, 5764, 1865, 4146, 1481, 7325, 7320, 3959, 6094, 983, 4455, 1823, 6731, 3811, 2352, 488, 6772, 7227, 66, 6257, 6007, 3897, 2837, 6381, 2097, 2003, 2113, 6822, 854, 5717, 2379, 5482, 929, 4260, 5442, 5647, 3953, 7480, 3285, 2645, 3423, 7447, 205, 7291, 3554, 1134, 5283, 2773, 
Weights: 892.818, 154.074, 177.855, 174.473, 179.435, 467.11, 92.9362, 792.657, 445.385, 91.6276, 176.951, 801.604, 62.6657, 159.424, 49.866, 177.107, 1.07821, 0.924165, 86.8027, 106.731, 118.325, 0.681648, 0, 635.862, 93.7755, 1.00799, 1.02455, 300.331, 16.1886, 223.739, 31.7871, 120.372, 22.2879, 2.16172, 311.062, 1.05549, 1.01485, 0, 26.4122, 202.87, 1.05609, 1.37552, 1.16818, 0.981743, 242.974, 0.982128, 1.0065, 2.56697, 0.746017, 0.991428, 262.335, 334.529, 0.914904, 0.94099, 52.8849, 5.11262, 327.066, 1.01927, 133.334, 
n_nonzero: 57

