n_tets: 126
relErr: 0.152923
Selected tets: 11653, 17340, 29124, 23576, 14512, 19181, 26439, 14755, 7643, 20581, 27376, 9208, 22436, 17370, 29530, 12686, 9765, 5093, 27829, 5223, 10587, 2282, 28753, 4945, 11956, 10685, 27251, 12253, 14924, 23185, 4460, 21799, 19166, 25112, 6928, 19480, 3092, 14022, 13107, 26027, 22837, 24849, 10400, 3918, 14873, 8521, 25376, 16928, 21411, 12601, 15774, 17871, 16874, 12159, 211, 14017, 13163, 9065, 1531, 2956, 17173, 3391, 5773, 4144, 21586, 2015, 4242, 10516, 3130, 9781, 17745, 21040, 4087, 6192, 18687, 12445, 18806, 18181, 18118, 29685, 25223, 29272, 14235, 13331, 14252, 7433, 4876, 27465, 26924, 24111, 15127, 12545, 1301, 12638, 17226, 27963, 13006, 8509, 4076, 4090, 17307, 29291, 13065, 25831, 13257, 13249, 11066, 17692, 8294, 22721, 58, 16989, 21930, 4862, 19164, 12648, 19562, 21931, 13189, 17545, 21566, 26415, 4158, 3086, 11038, 3042, 
Weights: 2375.06, 1007.2, 0, 80.2826, 0, 0, 0, 0, 0, 3.96548, 277.782, 1.11795, 0, 1258.78, 0.547696, 1434.78, 645.244, 228.484, 1.92099, 119.241, 1098.2, 0, 1591.88, 1.48269, 1.21173, 1310.61, 0.998196, 1903.74, 380.617, 139.212, 0, 1.19256, 0.961013, 38.8035, 0, 19.7317, 34.2991, 206.856, 0, 0, 0, 138.771, 0.974796, 395.122, 165.338, 0.459415, 0, 167.88, 61.0525, 2.11218, 0, 0, 45.8004, 147.424, 1.03954, 939.771, 334.857, 0, 1654.13, 1041.89, 0, 0, 0, 1746.45, 0.700004, 1427.7, 0.747348, 293.151, 1686.53, 0, 485.511, 0.53167, 0.96684, 1750.91, 403.052, 0, 0, 1.23128, 1.56487, 0, 0, 2.14002, 0, 1.12783, 4.09849, 246.692, 0, 1090.08, 0, 31.0992, 25.7239, 107.302, 388.339, 0, 124.77, 0, 10.5702, 98.01, 228.397, 0.872708, 342.281, 0.325837, 0.959499, 8713.15, 239.192, 968.343, 0, 0, 1.47454, 42.8709, 0, 0, 0, 0, 2.80222, 0, 8.1692, 0, 0, 0, 42.8349, 0, 0, 0, 0, 0.827085, 
n_nonzero: 82

Running time so far: 179.885s

