n_tets: 120
relErr: 0.173731
Selected tets: 995, 6736, 3302, 3987, 5864, 4070, 3730, 3440, 7494, 2193, 2122, 2261, 5764, 5142, 6166, 3572, 3695, 7454, 5135, 7320, 5016, 4455, 1016, 3762, 5387, 2352, 4049, 1000, 3179, 1735, 5789, 5372, 4724, 685, 5526, 1828, 6339, 5976, 264, 645, 5895, 5482, 3808, 1141, 1909, 5442, 7480, 3953, 2668, 5647, 5939, 2837, 270, 3811, 4160, 2849, 2642, 5738, 4590, 4390, 205, 2781, 2258, 4000, 6711, 5356, 886, 2662, 3672, 3262, 6141, 3341, 3561, 284, 7483, 4651, 3990, 7445, 1782, 6646, 838, 1751, 1411, 198, 7048, 3775, 7465, 7325, 2920, 3201, 237, 5204, 7393, 2830, 2415, 250, 5652, 5492, 2594, 3367, 86, 1017, 4883, 296, 2003, 3876, 7443, 5153, 1906, 648, 400, 4483, 3285, 212, 6643, 842, 4009, 3391, 3863, 56, 
Weights: 548.224, 154.663, 39.2906, 69.0066, 79.6452, 79.5983, 387.128, 232.692, 188.668, 175.176, 75.3698, 32.5994, 42.4387, 338.188, 6.58867, 365.888, 122.491, 121.636, 41.0948, 0.940762, 0.445886, 0.597406, 0, 71.3368, 0, 1.04692, 0.863705, 90.4334, 138.458, 161.512, 198.344, 43.0879, 2.36534, 685.543, 0, 0, 0, 73.4755, 47.1676, 32.8393, 45.3335, 1.19615, 61.8448, 59.135, 66.931, 0.937363, 0.739845, 2.10849, 1.06643, 0.949934, 125.876, 3.11632, 2.73242, 25.2551, 70.5037, 24.7746, 144.778, 18.7634, 0, 64.5691, 0.999048, 1.0004, 349.587, 548.255, 12.394, 16.7521, 113.344, 1.00984, 67.5076, 68.0023, 99.6429, 44.5439, 18.9348, 0, 13.6869, 0.695691, 0, 0.385779, 1.04598, 0, 1.46165, 1531.66, 193.914, 0.523322, 3.19139, 114.767, 0, 0.543854, 117.661, 153.451, 12.8038, 0.0889289, 39.1, 126.666, 42.6394, 72.7592, 0.734818, 0.983528, 56.5018, 2.65618, 353.404, 0, 33.8162, 52.4631, 1.04592, 0.915184, 0, 166.158, 0.777435, 0, 61.0858, 0.693006, 0.929881, 8.28828, 1.01487, 130.092, 136.536, 0, 15.6822, 1.1501, 
n_nonzero: 106

