n_tets: 288
relErr: 0.053855
Selected tets: 19769, 26370, 25715, 13923, 23203, 22574, 27025, 9146, 28769, 8502, 10745, 18639, 29465, 21592, 5495, 3716, 21991, 3083, 27733, 23928, 27103, 20392, 19595, 9764, 18971, 27882, 12327, 19555, 5285, 18949, 4172, 29299, 13223, 12721, 6078, 28816, 1404, 7754, 12744, 9846, 27990, 17874, 19028, 20877, 10754, 1537, 27514, 15823, 14157, 4354, 2824, 27159, 29186, 9490, 11045, 23341, 5609, 15235, 8071, 20229, 22980, 8572, 21788, 12363, 2402, 10973, 27416, 2289, 22727, 22722, 24552, 18922, 4087, 17761, 18891, 14988, 18731, 20598, 17718, 1415, 6437, 815, 7470, 5543, 12533, 20058, 17875, 13200, 8254, 4561, 12186, 7344, 22465, 27460, 23148, 6472, 22767, 18168, 26850, 4090, 23238, 23021, 17148, 3607, 26409, 12910, 11066, 15696, 3086, 5783, 37, 15624, 11602, 6015, 18991, 13408, 7454, 29075, 19394, 3034, 12117, 21181, 17621, 5200, 21755, 1244, 5797, 32, 6497, 14451, 8691, 11659, 6548, 18733, 24134, 3867, 21930, 24583, 41, 25843, 19617, 2188, 21088, 20615, 2562, 19164, 23762, 19722, 11924, 23082, 7590, 9315, 24075, 11285, 29137, 7377, 11051, 6227, 27439, 6210, 21627, 7228, 25473, 20883, 19471, 1381, 4979, 24007, 19501, 22405, 12583, 4723, 29044, 6587, 19448, 15401, 15001, 16411, 27841, 4037, 4236, 12413, 21586, 6619, 3129, 1016, 8963, 6932, 16832, 18791, 21799, 14841, 24877, 10957, 12112, 29336, 9344, 20941, 8873, 6878, 3092, 4467, 11990, 18492, 14119, 10011, 23502, 17228, 3362, 5963, 25497, 5516, 17390, 21250, 18036, 25944, 17794, 4516, 411, 6148, 24014, 27879, 5291, 8105, 29607, 22522, 44, 28450, 3380, 14538, 23886, 5413, 12384, 22107, 2615, 8475, 21557, 11593, 1547, 24330, 20236, 24106, 11963, 5190, 15903, 5093, 27826, 9103, 432, 8047, 19822, 15398, 12218, 19187, 14810, 22278, 2280, 24175, 19167, 7837, 7476, 20335, 1719, 2743, 8910, 4075, 4142, 27428, 13644, 29269, 22734, 2388, 2634, 1204, 15940, 11853, 18013, 23697, 7393, 20202, 3112, 20375, 7193, 17145, 10175, 12380, 14520, 19075, 
Weights: 1005.36, 358.28, 513.262, 0, 0, 183.909, 0, 0, 701.287, 391.892, 0, 0, 0, 194.527, 80.2936, 115.743, 0, 0, 8.3706, 35.5285, 0, 0, 41.8196, 0, 153.088, 0, 285.953, 0, 0, 0, 0, 0, 0, 0, 0, 0, 422.961, 676.255, 80.4262, 41.0537, 689.212, 0, 0, 512.019, 595.144, 29.1437, 160.616, 0, 22.6702, 113.241, 99.03, 150.59, 459.355, 257.738, 0, 0, 118.762, 0, 0, 149.588, 0, 0, 0, 46.8429, 78.7212, 138.755, 0, 0, 0, 0, 21.6032, 1004.47, 0.999914, 0, 0, 0, 0, 0, 0, 106.625, 12.1512, 15.7236, 0, 0, 0, 7.1389, 0.84572, 29.2037, 0, 60.2545, 341.855, 0, 1209.05, 36.5494, 3.22073, 0, 171.965, 0, 0, 0.960996, 0, 0, 104.123, 435.929, 0, 50.3977, 0, 0, 0, 0, 274.709, 0, 20.9095, 22.125, 93.4301, 0, 0, 79.2566, 0, 83.6521, 0, 0, 441.601, 0, 0, 0, 0, 71.4265, 0, 0, 592.839, 0, 0, 0, 25.7292, 748.784, 13.8358, 0, 0, 0, 0, 0, 0, 23.0394, 0, 96.3367, 0, 0, 66.1847, 1086.43, 0, 0, 0, 829.614, 0, 0, 0, 0, 0, 644.775, 86.2705, 208.42, 153.768, 203.816, 185.148, 244.236, 1474.85, 19.4045, 0, 0, 20.6307, 298.773, 1105.35, 0, 875.512, 14.1582, 0, 0, 0, 8.04563, 0, 0, 0, 0, 0, 11.5536, 0, 0, 355.211, 109.121, 0.99953, 0, 444.66, 0, 0, 120.306, 0, 119.85, 0, 0, 57.9216, 27.344, 0, 0, 0, 122.02, 160.055, 34.9746, 0, 0, 299.808, 0, 0, 123.928, 0, 314.657, 0, 5.77081, 1058.37, 555.033, 457.868, 0, 0, 0, 0, 98.1922, 0, 0, 179.32, 176.356, 117.873, 0, 81.713, 763.557, 692.15, 0, 142.606, 0, 138.859, 0, 6.49104, 0, 0, 154.56, 100.282, 0, 45.7702, 46.3534, 0, 0, 9.18423, 326.799, 765.92, 220.984, 0, 185.746, 0, 0, 0, 211.252, 0, 11.9325, 596.03, 0, 27.8707, 0, 0, 577.528, 0, 0, 89.2485, 19.3434, 0, 12.4305, 0, 0, 0, 0, 0, 765.249, 0, 272.521, 21.1108, 154.1, 0, 0, 0, 231.852, 
n_nonzero: 136

Running time so far: 181.999s

