n_tets: 60
relErr: 0.144437
Selected tets: 10627, 18711, 3267, 3330, 20119, 42460, 24063, 44641, 18271, 7005, 34905, 26526, 31186, 41800, 11439, 8472, 11381, 32955, 38458, 30908, 29783, 37525, 31135, 29877, 23963, 2985, 40461, 3178, 4873, 7354, 38196, 28967, 28129, 20028, 27914, 11673, 35294, 14390, 7435, 31416, 19641, 17393, 14017, 26739, 14692, 42438, 6696, 27940, 560, 9096, 25457, 14260, 22491, 35862, 14184, 2722, 1031, 36486, 784, 16052, 
Weights: 73.4783, 0, 3038.33, 0, 10118.8, 0, 0, 0, 0, 0, 1696.57, 5278.69, 0, 0, 0, 0, 0, 0, 1061.53, 622.447, 0, 0, 0, 0, 0, 652.553, 2418.81, 85.2805, 3806.61, 0, 1452.71, 0, 1160.11, 0, 139.321, 0, 0, 0, 195.652, 0, 3752.82, 0, 1990.16, 0, 0, 0, 0, 7433.16, 2023.95, 0, 0, 5447.36, 0, 0, 0, 9302.18, 0, 0, 0.744935, 1986.34, 
n_nonzero: 23

Running time so far: 52.3127s

