n_tets: 171
relErr: 0.186338
Selected tets: 12990, 2693, 1081, 13296, 29045, 55, 26069, 24777, 10112, 15775, 24597, 2844, 19576, 19124, 7979, 25032, 18631, 18394, 29312, 16154, 3112, 4458, 28064, 13752, 6155, 1757, 24381, 26954, 17568, 9447, 16999, 15160, 22523, 12427, 23888, 808, 18293, 11085, 21710, 5037, 28706, 24849, 3158, 1861, 26852, 6998, 22223, 17718, 23240, 13004, 29163, 18592, 21111, 17327, 2513, 26644, 26469, 9491, 19563, 18897, 21644, 14158, 19257, 32, 21177, 27885, 14912, 9834, 24152, 8911, 15257, 14184, 26771, 20202, 569, 1421, 81, 25792, 21740, 23859, 20246, 1885, 23608, 1141, 8463, 5287, 8599, 13200, 15779, 28779, 4481, 27112, 7344, 17765, 3052, 5285, 21881, 2808, 19236, 4425, 19523, 689, 28563, 17430, 1401, 13414, 10401, 12, 21536, 2164, 24585, 21119, 19905, 8878, 6015, 14305, 12269, 4838, 17328, 20236, 21868, 14509, 9883, 22851, 14811, 20334, 10372, 23174, 4089, 9537, 11876, 7944, 25381, 12565, 28071, 19262, 22036, 15773, 14687, 28832, 8746, 4118, 20165, 20615, 3666, 4852, 6435, 23188, 10851, 10690, 9179, 27752, 13879, 19233, 21931, 4698, 15778, 26197, 22990, 5353, 18733, 10258, 12134, 18497, 717, 13567, 10626, 14112, 4076, 9212, 21936, 
Weights: 290.43, 727.2, 695.909, 128.319, 0, 0, 932.87, 561.061, 2849, 0.918101, 1154.1, 242.522, 81.995, 85.6701, 48.8379, 201.19, 475.244, 0, 0.987919, 820.952, 1.09729, 719.135, 145.029, 317.128, 8324.17, 223.655, 283.526, 1087.54, 175.74, 245.735, 2420.08, 297.877, 117.624, 94.5213, 49.8701, 1.40954, 1333.32, 0, 9.20075, 225.347, 861.15, 42.283, 158.728, 7.55358, 85.1914, 93.4956, 248.014, 3.59141, 194.736, 320.674, 259.332, 179.725, 0, 0.696526, 222.867, 0, 5976.56, 47.4895, 457.288, 208.734, 101.771, 21.1876, 630.677, 1.01908, 0.955955, 593.854, 0, 195.693, 0, 0.836254, 795.677, 110.473, 0, 264.324, 0.942075, 0.141966, 0.977404, 131.662, 41.8139, 314.72, 0, 636.209, 142.356, 57.1591, 69.1523, 0, 0, 4.2374, 18.7004, 192.383, 0, 39.234, 202.17, 3.1421, 41.79, 1.51415, 0, 108.652, 0.626604, 0, 94.6954, 10.5587, 263.919, 0, 582.986, 316.895, 62.7546, 1.9743, 200.374, 95.7956, 42.2284, 45.0193, 114.03, 749.439, 97.9753, 145.766, 239.264, 124.303, 0, 16.3119, 0, 47.4482, 0.814003, 305.792, 120.478, 81.9912, 0, 0, 7.454, 86.4586, 157.175, 0, 14.7934, 1.35663, 456.489, 0, 134.785, 0.790085, 642.745, 171.445, 350.007, 192.267, 9.74716, 0.977889, 208.069, 1.38152, 1.10698, 212.514, 0, 331.074, 73.2501, 335.275, 718.684, 0, 27.1487, 3.20249, 0.0783575, 1211.28, 0, 114.936, 0, 0, 87.7683, 0, 0, 0, 5.65379, 72.8407, 645.759, 395.37, 46.922, 
n_nonzero: 141

Running time so far: 72.7267s

