n_tets: 8
relErr: 0.0425453
Selected tets: 21870, 8680, 22238, 11338, 1353, 17144, 11260, 8795, 
Weights: 14913.6, 10096.6, 3540.4, 1844.17, 1599.38, 20879.8, 1445.11, 9778.47, 
n_nonzero: 8

Running time so far: 5.47947s

