n_tets: 273
relErr: 0.469167
Selected tets: 25939, 699, 8335, 12763, 14231, 4944, 1622, 18088, 45004, 33142, 17824, 26526, 34964, 29197, 41971, 4088, 9429, 28182, 37261, 22357, 32934, 24473, 44764, 29504, 14031, 10997, 2671, 39876, 22778, 17576, 37292, 27223, 35427, 992, 44953, 24904, 3681, 38672, 1548, 31816, 41017, 24340, 43890, 37493, 13703, 2979, 44748, 25368, 42705, 17570, 44816, 26508, 35141, 37485, 10559, 29550, 11894, 42687, 14294, 10567, 44291, 3093, 36649, 31115, 10652, 27915, 12262, 13861, 21682, 8391, 32080, 39501, 15389, 22564, 6641, 44226, 9963, 21658, 15930, 30067, 3006, 21196, 13786, 12178, 10960, 16308, 20405, 29476, 21551, 39865, 22699, 11408, 2945, 9729, 25223, 6191, 26836, 21676, 4089, 30066, 43910, 36640, 972, 29098, 14460, 18208, 21553, 21568, 32237, 17740, 36645, 12078, 29904, 10553, 4052, 21657, 11683, 43884, 31408, 10555, 3311, 39925, 3361, 19374, 44196, 21653, 7316, 44751, 4814, 10744, 44907, 19750, 5691, 44610, 20952, 18420, 16029, 1067, 42018, 7042, 18157, 37476, 24761, 22356, 29787, 21459, 39190, 42950, 37879, 34345, 17813, 5267, 2719, 6614, 4734, 38635, 44725, 33165, 10223, 2802, 42722, 21635, 11445, 38627, 5051, 3162, 3682, 8151, 13198, 44638, 45123, 22442, 17577, 5566, 42694, 503, 24416, 15833, 34961, 14583, 37358, 15224, 17815, 29472, 11315, 11928, 10226, 19391, 9876, 39238, 4583, 25645, 1339, 34958, 44906, 18854, 764, 24373, 20931, 14578, 42706, 32860, 38805, 16734, 391, 17681, 31757, 18153, 7951, 26914, 28369, 16899, 41310, 22468, 11388, 13483, 9968, 23486, 5811, 38797, 19507, 42693, 13062, 16511, 32235, 6922, 24432, 37218, 35500, 28645, 10557, 33845, 29181, 11509, 6339, 41353, 11391, 22368, 23187, 389, 37426, 38747, 25479, 29317, 26965, 3973, 20125, 1475, 40805, 7765, 10494, 17455, 41308, 9747, 3782, 16964, 3159, 23819, 9036, 21650, 2855, 9064, 22325, 23456, 21634, 23012, 39518, 38728, 19419, 12159, 39245, 21617, 43848, 
Weights: 2382.18, 1484.11, 1461.19, 1555.44, 1.52539, 1308.42, 0.73738, 2503.87, 104.478, 3.47152, 0.891182, 1.29556, 5.13232, 488.905, 7.76143, 11.3524, 59.4988, 0, 4.60287, 1.34663, 2870.29, 4.54718, 0, 0, 0, 209.161, 2262.97, 465.791, 0, 0.151497, 0, 1.29311, 419.482, 41.0102, 0.956642, 61.1032, 1.07157, 0, 11.0223, 501.541, 6.12395, 24.8308, 0, 0, 0.144484, 1.09457, 0, 0, 0.785326, 3.46483, 0, 0, 0.986657, 0, 0.949507, 6.1302, 6.23405, 0, 0.684353, 0, 1.40175, 0, 22.6046, 555.28, 8.29231, 0, 11.3118, 0, 18.6924, 0.337489, 31.7846, 0.902559, 1.93203, 0.982949, 0, 0, 2.44078, 0, 0.924054, 0, 10.4887, 7.41851, 3.59474, 0.393018, 0.914677, 83.834, 0, 4.80756, 0, 97.1882, 0, 1.16594, 16.7394, 51.4106, 16.0021, 41.5771, 0, 3.14331, 10.4179, 0, 644.063, 467.354, 1.00964, 3.87833, 0.993766, 0, 8.3926, 4.53335, 0, 0, 0, 345.24, 1.22867, 0, 0, 0.229329, 1.03441, 0.60772, 0, 566.6, 0, 0, 0, 40.542, 2.10689, 1.49657, 0, 0, 0.978232, 6.22557, 26.1255, 616.493, 1.08016, 1.31441, 0, 206.943, 421.476, 1463.22, 0, 44.5811, 235.92, 0, 0, 2.4538, 110.08, 271.365, 1.04943, 346.811, 33.9568, 0, 1.00601, 0.940902, 1689.13, 169.851, 2.78613, 1.15514, 0.693381, 0, 1.61437, 0.053934, 122.74, 42.3531, 0.987512, 0, 0.988896, 1.02604, 0.503778, 0.984151, 5.96579, 1.06708, 0, 1001.83, 0.91518, 0, 0, 1.93837, 284.834, 0, 18.7088, 0.783551, 13.3508, 1.41155, 1.12201, 1.80372, 0, 0, 0.00643005, 117.262, 0, 0, 0, 438.132, 3.56407, 55.8407, 0, 1.0038, 1563.76, 11.1813, 12.9546, 0, 0, 0, 0, 812.837, 643.957, 0.897539, 0, 0.812665, 1.56023, 1.02282, 4.84762, 0, 43.896, 0, 0.958886, 0, 5.70798, 0.466005, 75.4499, 0.251003, 1274.48, 2.14409, 4.24436, 339.196, 21.2524, 38.5841, 2.02699, 5.13064, 3.42182, 0, 0.484762, 1712.84, 0.898094, 17.1679, 0.915863, 643.439, 27.5128, 8.8317, 0, 167.696, 1.14505, 0, 3.69056, 0, 12.8123, 0.542174, 0, 0.931914, 1721.41, 5.65395, 945.38, 1.99752, 0, 24.9491, 11.8002, 0, 649.322, 636.153, 0.428115, 1.16853, 1.42872, 53.2312, 0.746045, 219.758, 0, 151.012, 74.4491, 1.1059, 2.20602, 409.96, 124.16, 4.29167, 16.3323, 
n_nonzero: 200

Running time so far: 168.626s

