n_tets: 88
relErr: 0.132416
Selected tets: 995, 6736, 3302, 3987, 3394, 5919, 5053, 3766, 4748, 2193, 2122, 6506, 5764, 1865, 4146, 1481, 7325, 7320, 3959, 6094, 983, 4455, 1823, 6731, 3811, 2352, 488, 6772, 7227, 66, 6257, 6007, 3897, 2837, 6381, 2097, 2003, 2113, 6822, 854, 5717, 2379, 5482, 929, 4260, 5442, 5647, 3953, 7480, 3285, 2645, 3423, 7447, 205, 7291, 3554, 1134, 5283, 2773, 7449, 4780, 2781, 2964, 1828, 1942, 5356, 7446, 2662, 7378, 1587, 757, 3561, 5450, 489, 7483, 2988, 2756, 1944, 1782, 3087, 838, 1882, 3553, 198, 2212, 1505, 7445, 5823, 
Weights: 750.538, 335.363, 39.149, 166.912, 96.0361, 353.953, 35.619, 0, 357.288, 91.2472, 74.9085, 759.194, 73.1436, 130.11, 60.1127, 52.304, 1.04201, 0.942953, 82.1006, 108.342, 71.3924, 0.67612, 23.8138, 476.287, 100.476, 1.00615, 1.06342, 270.412, 14.5091, 185.783, 38.7089, 137.696, 14.7203, 1.8133, 340.918, 1.00246, 1.04534, 0, 12.4912, 183.693, 1.00673, 1.35713, 0.335806, 1.00939, 257.653, 0.990667, 0.956376, 0.906552, 0.724967, 0.991752, 208.062, 229.496, 0.966228, 0.960041, 57.5143, 5.83628, 553.079, 1.0189, 24.2453, 0.371342, 306.126, 0.994393, 94.2295, 82.801, 2.70958, 0, 0.100134, 1.00404, 137.385, 107.456, 11.2817, 4.89613, 1.18333, 224.483, 8.77102, 0.823217, 101.893, 2.34791, 0.95839, 2370.53, 1.404, 0.953348, 93.9926, 0.370546, 104.718, 244.426, 1.11749, 2.28537, 
n_nonzero: 85

