n_tets: 65
relErr: 0.379787
Selected tets: 25446, 10248, 10457, 5073, 26400, 4188, 19208, 5490, 23752, 17764, 10396, 18093, 21116, 11022, 27637, 23835, 14036, 27024, 11116, 23742, 11381, 23364, 1381, 24972, 18601, 13926, 6043, 13318, 897, 22844, 15735, 3129, 16526, 3854, 4266, 10273, 4054, 17245, 7116, 23400, 25791, 2721, 15489, 6031, 5092, 7787, 27307, 28552, 4161, 10270, 5192, 8788, 17138, 13389, 21944, 22079, 16676, 23385, 11760, 13846, 17643, 17325, 11672, 22694, 9475, 
Weights: 506.96, 4557.84, 20.2137, 2050.22, 20267.9, 298.506, 10.9018, 71.9724, 3772.35, 0, 0, 476.825, 122.601, 10.7344, 0, 897.206, 0, 1778.79, 270.827, 19354.2, 0, 0, 0, 69.0966, 0, 51.5104, 3.51234, 0.873554, 0, 7.41682, 0.450867, 528.103, 0.804903, 0, 976.375, 2820.35, 0.367471, 0, 300.36, 91.2501, 2.38301, 0, 390.789, 0, 0.152365, 35.9703, 11.393, 671.875, 2675.76, 0, 0, 0, 6.38238, 0, 123.636, 1182.8, 0, 0, 56.8293, 0, 25.9178, 10607.3, 220.342, 1562.74, 478.703, 
n_nonzero: 45

Running time so far: 19.2924s

