n_tets: 196
relErr: 0.161454
Selected tets: 249002, 300504, 115294, 173416, 216464, 67661, 381863, 388822, 307228, 161633, 259931, 386542, 166703, 73861, 16052, 159116, 209093, 50939, 51631, 34542, 253661, 2257, 155159, 213606, 343630, 417567, 185388, 220283, 135203, 246536, 211127, 388422, 38346, 15029, 127251, 390, 271020, 248004, 126519, 314260, 199316, 125865, 249141, 152948, 80674, 232911, 194442, 7265, 258789, 387932, 93220, 308533, 301075, 213596, 104085, 13444, 368449, 27328, 275890, 204986, 48458, 302146, 312336, 20156, 422593, 313811, 367720, 228208, 21213, 328721, 319118, 93254, 339994, 221968, 373921, 144535, 312385, 251749, 1379, 372877, 73401, 328756, 244, 428170, 250468, 143266, 420411, 395462, 139570, 130436, 353062, 371551, 224135, 401702, 225648, 398601, 4787, 416749, 155955, 14323, 83190, 19673, 17540, 87189, 40205, 615, 99341, 347967, 371558, 327987, 340722, 196739, 361950, 192590, 318882, 349706, 404042, 17341, 419208, 212437, 91467, 353886, 280245, 60530, 376002, 51697, 264224, 34956, 428503, 318883, 401943, 273584, 416856, 199382, 7691, 343990, 392938, 32132, 280917, 34787, 146, 213609, 89897, 59151, 350468, 43408, 352518, 324376, 99772, 80066, 46129, 32827, 417326, 106313, 35455, 280552, 86934, 96682, 21990, 153010, 418086, 56035, 79712, 192644, 301912, 345519, 226462, 83110, 407349, 355269, 313686, 421836, 239276, 212531, 34902, 34173, 18141, 320780, 62976, 421009, 145219, 114610, 8903, 272766, 190927, 35394, 5156, 295169, 411661, 283115, 345586, 190288, 303139, 74539, 155655, 397330, 
Weights: 0, 1400.87, 0, 8925.37, 0, 347.533, 243.833, 0, 4978.89, 0, 457.392, 0, 0, 0, 683.63, 0, 14231.3, 0, 584.727, 0, 0, 0, 0, 0, 546.483, 1853.16, 0, 0, 93.0126, 4084.77, 0, 0, 0, 0, 0, 0, 0, 290.138, 0, 0, 5053.18, 0, 0, 7341.31, 0, 0, 0, 343.173, 1667.61, 0, 0, 0, 289.6, 0, 0, 0, 321.256, 82.8463, 518.171, 0, 0, 0, 0, 0, 813.691, 397726, 235.858, 0, 0, 0, 1326.46, 0, 34.5336, 529.958, 0, 0, 0, 0, 374.725, 36880.8, 673.149, 0, 5.57818, 3395.98, 191.155, 0, 0, 0, 0, 8318.82, 0, 90602.2, 0, 0, 0, 0, 0, 150428, 2572.77, 0, 318.668, 3826.43, 1764.75, 1487.3, 0, 841.844, 0, 0, 1951.81, 6422.23, 29165.7, 0, 12.6109, 0, 179381, 0, 1715.25, 382.907, 2283.17, 611.392, 0, 238972, 0, 0, 0, 86943, 0, 0, 1351.99, 0, 0, 353.86, 0, 0, 0, 0, 780.73, 0, 0, 0, 712.506, 158.746, 229.787, 0, 365.921, 0, 764.663, 0, 0, 33512.2, 0, 0, 0, 285.128, 504.455, 205.712, 0, 0, 425.269, 1852.46, 0, 5.05594, 0, 0, 0, 60.1521, 0, 0, 429.719, 0, 0, 0, 0, 249.564, 2685.94, 0, 0, 6287.75, 0, 0, 0, 8078.47, 413.72, 0, 3609.53, 166.94, 0, 7793.76, 4.85777, 0, 166.664, 0, 1482.48, 0, 0, 0, 
n_nonzero: 82

Running time so far: 245.82s

