n_tets: 169
relErr: 0.489831
Selected tets: 25939, 699, 8335, 12763, 14231, 4944, 1622, 18088, 45004, 33142, 17824, 26526, 34964, 29197, 41971, 4088, 9429, 28182, 37261, 22357, 32934, 24473, 44764, 29504, 14031, 10997, 2671, 39876, 22778, 17576, 37292, 27223, 35427, 992, 44953, 24904, 3681, 38672, 1548, 31816, 41017, 24340, 43890, 37493, 13703, 2979, 44748, 25368, 42705, 17570, 44816, 26508, 35141, 37485, 10559, 29550, 11894, 42687, 14294, 10567, 44291, 3093, 36649, 31115, 10652, 27915, 12262, 13861, 21682, 8391, 32080, 39501, 15389, 22564, 6641, 44226, 9963, 21658, 15930, 30067, 3006, 21196, 13786, 12178, 10960, 16308, 20405, 29476, 21551, 39865, 22699, 11408, 2945, 9729, 25223, 6191, 26836, 21676, 4089, 30066, 43910, 36640, 972, 29098, 14460, 18208, 21553, 21568, 32237, 17740, 36645, 12078, 29904, 10553, 4052, 21657, 11683, 43884, 31408, 10555, 3311, 39925, 3361, 19374, 44196, 21653, 7316, 44751, 4814, 10744, 44907, 19750, 5691, 44610, 20952, 18420, 16029, 1067, 42018, 7042, 18157, 37476, 24761, 22356, 29787, 21459, 39190, 42950, 37879, 34345, 17813, 5267, 2719, 6614, 4734, 38635, 44725, 33165, 10223, 2802, 42722, 21635, 11445, 38627, 5051, 3162, 3682, 8151, 13198, 
Weights: 3047.32, 2462.12, 2290.93, 2053.94, 1.45913, 2584.91, 0.716793, 2628.51, 108.172, 4.28262, 0.926635, 1.28453, 5.11968, 1497.43, 8.6318, 8.05587, 68.7872, 2574.36, 5.06006, 1.25011, 4196.31, 4.20189, 0, 1.20099, 0, 179.277, 2557.15, 360.517, 0, 0.0893422, 0, 1.26143, 565.302, 37.9622, 0.950298, 59.6788, 1.07504, 0, 13.1494, 723.93, 6.83263, 0, 0, 0, 0, 1.06265, 0, 0, 0.896146, 3.60453, 0, 2.79758, 0.909852, 0, 1.2759, 2.69082, 7.40342, 37.393, 0.637972, 1100.97, 1.31862, 0, 26.0532, 1699.26, 9.25342, 1135.45, 10.4453, 83.9531, 22.3743, 0.331672, 3.60295, 0.914725, 1.94558, 0.980172, 0, 2.43331, 6.73135, 0.323396, 0.947768, 0, 6.7286, 8.54675, 3.71964, 0.395237, 1.011, 84.966, 1874.91, 5.18696, 0, 79.5365, 1114.91, 1.15868, 16.9535, 53.6908, 16.7653, 33.1328, 0, 3.18207, 16.0659, 0, 98.7655, 1122.41, 1.01689, 3.10014, 0.991093, 0, 6.72195, 3.07315, 0, 0, 0, 834.786, 1.21168, 0, 0, 0.224222, 1.02019, 0.636485, 0, 1685.02, 0, 0, 0, 34.4635, 2.13451, 1.45783, 0, 0, 0.975191, 4.71722, 14.148, 910.98, 1.07277, 1.11655, 0, 367.761, 276.313, 1162.76, 0, 50.7664, 290.798, 0, 0, 3.66742, 109.067, 115.273, 1.05884, 234.706, 34.0577, 0, 1.13929, 0.926243, 600.168, 242.065, 1.79064, 1.16342, 0.585865, 0, 1.58951, 0.0733561, 127.87, 53.2726, 0.987431, 0, 0.988193, 1.94393, 0.558504, 0.649528, 6.53756, 
n_nonzero: 131

Running time so far: 89.9278s

