n_tets: 264
relErr: 0.341301
Selected tets: 21500, 27848, 13245, 1062, 23629, 22890, 26439, 10395, 1762, 13239, 2064, 7179, 9472, 27723, 24981, 25538, 15997, 17901, 5546, 26161, 18850, 4761, 5565, 27606, 22601, 20170, 12812, 17721, 2763, 14933, 20973, 11971, 24234, 3854, 16524, 4933, 15470, 7354, 20470, 23593, 2716, 26312, 15489, 22202, 6495, 19403, 4175, 26183, 25581, 28594, 14670, 7776, 16251, 26302, 4498, 13334, 10833, 23642, 26751, 15401, 6651, 28287, 27213, 10437, 19522, 5873, 5967, 9001, 797, 5789, 26177, 1249, 10457, 25105, 1041, 8851, 16236, 21990, 4960, 14700, 6339, 7218, 5056, 17417, 22733, 16473, 5270, 8120, 15142, 25168, 14245, 22838, 19706, 2303, 5541, 1787, 9988, 25121, 27307, 22758, 27118, 5367, 28123, 24230, 19701, 5322, 6105, 22447, 788, 24371, 514, 5611, 12546, 18677, 22399, 17584, 15196, 5272, 26570, 6448, 7782, 6001, 9622, 19954, 24762, 16167, 24682, 4553, 6030, 2808, 6023, 1436, 6382, 28429, 28325, 17138, 24418, 21635, 3390, 10128, 4570, 15492, 18878, 1948, 13220, 3996, 7089, 20070, 4447, 18428, 24740, 635, 10056, 6121, 27609, 11030, 4054, 21875, 13512, 21400, 17943, 14408, 10462, 21780, 12015, 24751, 19324, 26859, 5433, 2058, 6842, 27812, 13430, 18084, 17718, 24435, 25791, 13164, 12836, 552, 6238, 26529, 6044, 14932, 5807, 24877, 23379, 19225, 4161, 8462, 3903, 14349, 13085, 9124, 20388, 21901, 22900, 4026, 27388, 21325, 27618, 24564, 22851, 9644, 12504, 4963, 27417, 23809, 576, 13063, 8730, 20764, 10960, 9504, 5740, 13584, 12798, 7326, 22715, 14189, 15260, 20071, 10779, 26065, 13769, 7378, 24282, 18023, 25533, 17025, 23489, 5202, 5800, 8833, 22714, 9797, 16316, 19240, 12693, 12580, 23363, 19999, 21467, 22872, 16032, 13322, 1737, 24489, 4949, 23685, 3359, 16353, 25547, 19752, 26496, 9828, 19486, 19058, 5885, 643, 8549, 2994, 11474, 15130, 
Weights: 36.4963, 0, 2280.03, 0, 0, 342.575, 310.371, 1.1048, 742.472, 0, 4.61239, 487.137, 0, 0, 17.1575, 202.561, 0, 0, 42.9733, 774.62, 24.5652, 294.763, 119.236, 0, 0, 0, 0, 45.9843, 0, 0, 0, 71.8228, 4.21897, 17.0132, 38.5159, 17.586, 0, 1830.81, 72.1767, 0.913234, 0, 1.98333, 0.725661, 39.2593, 1.74562, 323.108, 53.274, 1.00538, 0, 0, 0, 0, 1.29884, 0, 0, 26.53, 0, 39.2768, 394.758, 0, 0.97152, 1.70568, 0, 0, 0, 179.496, 552.38, 0, 0, 3900.11, 0, 0, 0, 0, 1003.45, 0, 0, 5.27893, 0, 0, 16.354, 0, 1.53673, 0, 1220.47, 40.1869, 64.7492, 14.5532, 202.259, 0, 0, 10.1514, 0, 0, 0, 49.9583, 979.858, 291.769, 0, 3.41726, 0, 639.889, 0.299972, 107.554, 0, 38.6921, 1.25014, 16.6589, 0, 2.32784, 118.896, 507.18, 0, 0, 0, 0.968942, 0, 0, 94.6865, 0, 0, 8.04375, 0, 0, 16.5415, 0, 3673.04, 170.221, 0.683726, 457.976, 0, 0, 40.4455, 144.191, 72.9405, 0, 0, 227.388, 2.90289, 0, 559.774, 1.07129, 159.583, 0, 7.92351, 9.61525, 0.737651, 78.0889, 22298.4, 0, 2587.55, 664.426, 551.029, 0.535456, 13.4836, 0, 15.2574, 0, 2282.33, 0, 3.12582, 812.784, 1.80454, 0, 0, 524.546, 0.979295, 0, 580.083, 2.61105, 78.9529, 524.644, 0, 0, 0, 2.53078, 1.03289, 0, 0, 0, 2.05323, 5383.17, 0, 0, 8.51603, 0, 0, 1.01285, 1.88693, 0, 0, 17.1507, 359.653, 463.911, 0, 0, 81.5705, 0, 0.953627, 0, 100.06, 0, 24545.9, 14.3904, 383.057, 0.0738163, 0, 0, 13.2291, 0.774297, 0, 2347.25, 0, 0, 0, 44.6677, 0, 120.05, 0, 0, 1.02499, 157.074, 34.6329, 0, 40.825, 0, 0, 0, 4815.69, 0, 0, 31.4957, 105.796, 1.51747, 197.749, 194.566, 19.8465, 246.952, 0, 53.0287, 0, 12447.9, 43.8634, 0, 0, 0, 238.262, 570.319, 780.904, 0, 0, 1339.74, 9.18697, 17.8615, 0, 0, 0.698515, 0.0292321, 0, 0, 0, 1446.32, 0, 6.99635, 
n_nonzero: 147

Running time so far: 93.4735s

