n_tets: 50
relErr: 0.0457672
Selected tets: 99, 14, 57, 89, 11, 140, 103, 93, 119, 146, 185, 107, 138, 137, 153, 77, 199, 101, 135, 22, 48, 13, 186, 124, 201, 18, 202, 184, 198, 3, 84, 203, 152, 166, 53, 39, 128, 30, 88, 200, 194, 111, 73, 147, 63, 82, 20, 0, 197, 108, 
Weights: 33.8739, 0.987134, 0.997424, 0.998949, 10.0751, 1.01231, 14.4746, 1.00166, 1.02827, 1.68727, 0.997814, 1.06398, 0.997783, 1.0083, 1.00511, 1.00954, 0.995609, 0.99252, 19.742, 0.999996, 12.1333, 1.01529, 1.05303, 18.473, 1.15407, 1.0562, 1.54764, 1.01761, 0.891133, 10.6239, 0.982031, 1.16002, 1.83784, 5.8542, 30.3263, 0.921923, 11.5338, 11.6719, 18.2092, 1.08287, 0.992464, 1.03906, 3.92876, 37.9586, 0.653135, 3.75777, 14.7225, 0.970157, 1.20988, 3.32046, 
n_nonzero: 50

