n_tets: 130
relErr: 0.336154
Selected tets: 25446, 10248, 10457, 5073, 26400, 4188, 19208, 5490, 23752, 17764, 10396, 18093, 21116, 11022, 27637, 23835, 14036, 27024, 11116, 23742, 11381, 23364, 1381, 24972, 18601, 13926, 6043, 13318, 897, 22844, 15735, 3129, 16526, 3854, 4266, 10273, 4054, 17245, 7116, 23400, 25791, 2721, 15489, 6031, 5092, 7787, 27307, 28552, 4161, 10270, 5192, 8788, 17138, 13389, 21944, 22079, 16676, 23385, 11760, 13846, 17643, 17325, 11672, 22694, 9475, 15456, 4370, 768, 20704, 17529, 6474, 4846, 5565, 6278, 2593, 21998, 21795, 10679, 16158, 4676, 9945, 16454, 26415, 24946, 20654, 16473, 10380, 871, 13107, 19901, 6337, 9274, 22333, 26184, 20080, 18953, 17370, 6295, 19054, 11859, 18179, 12478, 18316, 27025, 24970, 9650, 1361, 1025, 22842, 24509, 10680, 20193, 19050, 5833, 26770, 5319, 15077, 27142, 17970, 17603, 5792, 12170, 7710, 27299, 27020, 15852, 13102, 12905, 4041, 12342, 
Weights: 44.3063, 1225, 10.5837, 1913.86, 11860.7, 261.748, 11.9193, 94.3335, 3107.09, 0, 0, 504.344, 130.448, 15.0493, 0, 896.976, 0, 874.973, 446.042, 13039, 57.836, 0, 0, 70.3953, 0, 0, 4.16901, 0.262006, 0, 7.45465, 0.457346, 0, 0.795404, 28.22, 534.105, 3371.01, 0.490098, 0, 0, 91.8541, 3.11771, 0, 285.652, 0, 1.02201, 41.2374, 10.7999, 727.486, 3066.93, 0, 0, 0, 5.08754, 11.0869, 235.92, 1290.54, 0, 0, 0, 0, 27.8299, 12665.1, 324.591, 5090.29, 2138.28, 1.27255, 0, 214.841, 235.295, 1.61782, 0, 31.4632, 8.71163, 45.1853, 466.127, 0, 5.46496, 8.55771, 51.7386, 0.00434621, 5.196, 2837.11, 0, 31.7407, 16.8599, 240.642, 10.1063, 0, 4.97606, 386.521, 16.2929, 1.16352, 0, 0, 807.881, 1.64446, 0, 1.33227, 0, 0, 0.972427, 96.9283, 34.6453, 0.965904, 5.98704, 501.53, 0, 161.468, 1.05024, 1060.27, 95.629, 0, 0, 261.131, 0.995621, 0, 414.697, 101.096, 0, 142.703, 0, 5.90148, 0, 0, 1.24113, 0, 0, 0, 0, 3414.43, 
n_nonzero: 87

Running time so far: 38.1959s

