n_tets: 50
relErr: 0.35034
Selected tets: 995, 6736, 3302, 3987, 3394, 5919, 5053, 3766, 4748, 2193, 2122, 6506, 5764, 1865, 4146, 1481, 7325, 7320, 3959, 6094, 983, 4455, 1823, 6731, 3811, 2352, 488, 6772, 7227, 66, 6257, 6007, 3897, 2837, 6381, 2097, 2003, 2113, 6822, 854, 5717, 2379, 5482, 929, 4260, 5442, 5647, 3953, 7480, 3285, 
Weights: 921.716, 202.995, 325.176, 129.843, 166.546, 535.33, 97.174, 799.479, 396.262, 221.892, 163.291, 791.446, 79.5939, 185.957, 83.4093, 245.976, 1.07929, 0.92499, 91.6808, 104.717, 192.735, 0.678354, 0, 611.019, 135.927, 1.02658, 1.01446, 273.382, 16.3573, 339.645, 36.2516, 110.189, 20.9847, 3.60634, 250.958, 1.0711, 0.997555, 183.82, 24.2864, 138.07, 1.06134, 1.3667, 1.21102, 0.973548, 445.52, 0.929435, 1.00352, 3.45493, 0.804812, 0.996058, 
n_nonzero: 49

