n_tets: 174
relErr: 0.145763
Selected tets: 11653, 17340, 29124, 23576, 14512, 19181, 26439, 14755, 7643, 20581, 27376, 9208, 22436, 17370, 29530, 12686, 9765, 5093, 27829, 5223, 10587, 2282, 28753, 4945, 11956, 10685, 27251, 12253, 14924, 23185, 4460, 21799, 19166, 25112, 6928, 19480, 3092, 14022, 13107, 26027, 22837, 24849, 10400, 3918, 14873, 8521, 25376, 16928, 21411, 12601, 15774, 17871, 16874, 12159, 211, 14017, 13163, 9065, 1531, 2956, 17173, 3391, 5773, 4144, 21586, 2015, 4242, 10516, 3130, 9781, 17745, 21040, 4087, 6192, 18687, 12445, 18806, 18181, 18118, 29685, 25223, 29272, 14235, 13331, 14252, 7433, 4876, 27465, 26924, 24111, 15127, 12545, 1301, 12638, 17226, 27963, 13006, 8509, 4076, 4090, 17307, 29291, 13065, 25831, 13257, 13249, 11066, 17692, 8294, 22721, 58, 16989, 21930, 4862, 19164, 12648, 19562, 21931, 13189, 17545, 21566, 26415, 4158, 3086, 11038, 3042, 25613, 20749, 6798, 3708, 13372, 7471, 1543, 28971, 27681, 20835, 17875, 24336, 41, 6697, 6692, 13255, 24075, 4099, 2562, 1210, 2438, 4138, 5887, 20612, 28775, 29564, 9209, 19028, 18599, 26770, 14870, 2871, 8964, 23758, 2988, 15131, 18547, 25219, 3468, 12293, 2092, 9272, 13333, 7319, 3212, 7494, 24074, 25468, 
Weights: 932.735, 0, 0, 0, 0, 0, 0, 0, 0, 3.65302, 0, 1.11882, 0, 1025.61, 0.219262, 1054.8, 168.555, 0, 1.94647, 0, 0, 0, 0, 1.55357, 0.267705, 0, 0.993586, 315.915, 0, 0, 0, 1.05778, 0.970426, 34.8143, 0, 38.846, 0, 16.5528, 0, 0, 551.411, 0, 0.97706, 0, 852.151, 0.474512, 0, 0, 59.1284, 2.99822, 0, 0, 169.47, 0, 1.05261, 0, 0, 0, 1452.75, 571.368, 1705.28, 0, 0, 0, 0.701744, 2863.65, 0.661462, 349.643, 1464.03, 0, 125.878, 0.51108, 0.954976, 565.231, 0, 0, 0, 1.21738, 1.61285, 0, 73.9021, 2.14582, 0, 1.12608, 3.89252, 108.542, 37.3142, 806.625, 0, 30.0671, 24.0673, 0, 41.357, 0, 406.186, 0, 9.0717, 70.6678, 5.35364, 0.871515, 872.099, 0.32681, 0.979943, 667.18, 375.894, 695.66, 0, 0, 1.44167, 70.1962, 0, 73.8567, 0, 689.54, 2.76238, 0, 9.40904, 0, 0, 559.954, 42.8743, 0, 1223.26, 0, 0, 0.771507, 2.51426, 1084.94, 214.448, 0, 1930.11, 5.89165, 0.864633, 179.904, 1441.79, 0, 0.996234, 0, 165.849, 431.883, 5.47072, 6379.8, 0, 0.799522, 0.682951, 68.5494, 0, 0, 0, 1009.76, 10.2902, 1.0476, 1.02002, 1.36287, 0, 0, 0.748693, 1050.49, 11.1332, 0, 1.22613, 1695.54, 6.47995, 87.7913, 0, 0, 143.154, 0, 0.949617, 0, 0, 668.14, 252.812, 0, 
n_nonzero: 102

Running time so far: 257.615s

