n_tets: 261
relErr: 0.142366
Selected tets: 10555, 21616, 12946, 21677, 4748, 6996, 23325, 27965, 4263, 12045, 17320, 25683, 19465, 9519, 19914, 12330, 23888, 5093, 21360, 28276, 21477, 726, 19503, 27247, 19660, 8811, 19456, 1518, 11035, 8328, 15796, 13232, 19166, 13409, 6928, 11618, 25707, 19162, 2547, 15300, 2987, 17874, 23620, 1861, 15479, 1269, 22785, 25329, 27418, 10401, 17509, 29299, 4195, 25933, 24111, 12388, 15089, 13391, 10002, 20247, 6697, 16256, 19800, 1543, 21586, 15012, 15261, 18244, 12419, 5851, 4114, 13262, 4087, 12118, 14799, 19346, 18806, 6050, 5897, 19548, 27873, 14866, 12204, 6574, 615, 23457, 14449, 24519, 11464, 5283, 27830, 26024, 26451, 4776, 3022, 22444, 1404, 20672, 4294, 25936, 21442, 23021, 19072, 15701, 2551, 3044, 25426, 22905, 8294, 5524, 10404, 21587, 2827, 14554, 27248, 9885, 14214, 11571, 26472, 15465, 14082, 21181, 14519, 12796, 17326, 12794, 9864, 13331, 4089, 4435, 22616, 14548, 27641, 5693, 1542, 1535, 17875, 11961, 22296, 17872, 25247, 21218, 19661, 3008, 4099, 19164, 2655, 24925, 11924, 26592, 11946, 14, 4806, 20118, 696, 28794, 37, 15723, 27439, 5905, 18733, 25223, 5289, 2367, 19468, 16, 23539, 22121, 13333, 12601, 6716, 14702, 777, 21756, 21881, 8553, 29295, 10155, 24700, 6444, 8653, 18908, 24011, 14869, 10233, 789, 8742, 15862, 8779, 4848, 5006, 28077, 14853, 20638, 18181, 1415, 25225, 19519, 22555, 14943, 24497, 18975, 16334, 25177, 21516, 25078, 8387, 14942, 1459, 2822, 19361, 10959, 2534, 28075, 12206, 16862, 21440, 17034, 2153, 15193, 2215, 15380, 4667, 19236, 2071, 4357, 44, 6472, 6005, 5968, 2021, 2812, 8298, 24134, 6131, 617, 4921, 9210, 33, 5081, 22119, 14847, 11963, 25756, 21341, 20534, 15775, 4356, 374, 18870, 22518, 15178, 10398, 14371, 2597, 10001, 11934, 26155, 28063, 15361, 3281, 
Weights: 1554.27, 1542.54, 427.784, 0, 0, 111.595, 519.514, 0, 1.68776, 10.9649, 1.05513, 248.86, 0.947706, 589.864, 0, 0, 67.9016, 130.149, 0.968919, 5478.75, 1.98843, 4896.68, 52.2853, 1.2158, 62.1674, 0, 1.95344, 0.910457, 11.841, 381.886, 0, 6.28979, 0.510252, 0, 10.8051, 0, 252.352, 99.4392, 229.304, 212.72, 0, 0, 291.315, 0.993579, 6.45617, 0.42245, 1029.89, 118.654, 1058.77, 38.0217, 0, 112.961, 208.267, 0, 1.88153, 0, 488.356, 0, 0.159944, 567.889, 125.545, 0, 1.0062, 0.809024, 0.964656, 0, 0, 824.037, 0, 0, 0, 0, 1.00875, 0, 132.403, 95.9243, 140.283, 0, 174.557, 0, 328.557, 2.31902, 52.1788, 426.321, 0, 0, 0, 0, 477.527, 0, 16.9353, 380.551, 514.68, 0, 0, 0, 961.8, 0, 0, 59.7657, 1.12329, 2.324, 19.4049, 221.458, 0, 0, 0, 0, 1.0381, 3.55646, 56.9051, 0, 13.4797, 0, 5.25134, 0, 31.3236, 1.13917, 0, 0, 0, 76.4864, 0, 0.767717, 0, 0, 118.754, 19.1923, 0.993301, 0, 0, 1623.99, 8.25516, 97.5272, 1.38761, 0, 0, 1.11581, 95.8027, 1.00782, 162.945, 8.69597, 0.721993, 15.0793, 2.13122, 0.99868, 5.46671, 0, 0, 25.5002, 26.9897, 596.269, 0, 0.976585, 1.02225, 343.676, 0.987092, 1369.79, 0, 0, 0, 5.83984, 1.60298, 0, 0.967374, 56.8633, 0, 0, 1.79998, 0, 0, 3.61869, 31.5469, 0, 0.298986, 0, 85.569, 0, 0, 0, 1.03763, 0, 0, 0, 79.7436, 851.961, 0, 0, 0, 1.03783, 0, 46.4245, 422.121, 374.262, 0.983705, 196.723, 0, 286.106, 1.00683, 1.5008, 503.565, 2.22339, 1486.92, 3.44307, 0, 0, 0, 0.994245, 0, 56.2034, 227.744, 59.9766, 93.9916, 0, 1.16396, 0, 0.536377, 570.997, 0.995562, 414.416, 0, 142.71, 139.679, 1.72945, 0, 3.97341, 0, 1.05161, 385.241, 20.6574, 801.409, 0, 0, 0.974297, 14.493, 0.984375, 969.166, 0.891982, 4.47999, 0, 2.63465, 2.7012, 0, 0.894955, 102.831, 215.206, 0, 0, 9.11787, 0.999117, 0, 0.997975, 0.960813, 372.065, 0, 0, 576.118, 348.297, 446.657, 0, 891.042, 
n_nonzero: 166

Running time so far: 352.026s

