n_tets: 80
relErr: 0.566201
Selected tets: 1842, 1597, 1136, 1224, 452, 822, 1277, 1021, 1856, 1431, 1326, 1875, 1870, 1851, 345, 1428, 475, 146, 405, 1311, 292, 520, 1854, 1332, 427, 731, 489, 1198, 50, 262, 363, 252, 1206, 955, 462, 435, 59, 874, 21, 246, 1652, 1143, 1790, 593, 559, 1457, 1627, 880, 849, 30, 1051, 455, 619, 281, 1638, 1583, 1341, 1102, 1503, 1210, 108, 504, 1159, 238, 682, 1427, 848, 5, 1194, 536, 529, 697, 881, 840, 1454, 1977, 1319, 638, 609, 1490, 
Weights: 359.935, 208.661, 861.239, 0.421289, 1.10776, 0.96949, 96.5998, 1.06087, 0.919273, 1.04464, 362.742, 0.997655, 2.28715, 13.2539, 1.64416, 1.33646, 1.14631, 0.766318, 0.881031, 0.939598, 15.1933, 0.95652, 1.12065, 0.748711, 0.891644, 1.85719, 0.851938, 1.00497, 1.26937, 0.952269, 1.3902, 1.02712, 1.00898, 0.923578, 1.10602, 0.979631, 1.06869, 0.988556, 0.894255, 1.0681, 361.74, 0.957679, 195.577, 4.36433, 0, 15.7336, 1.01811, 3.14689, 1.38333, 0.587748, 1.0541, 0.953791, 1.01567, 0.401989, 0.998238, 1.06087, 0.872444, 0.907301, 0.992937, 1.23549, 1.5169, 1.7806, 0.49166, 0.910422, 0.218101, 0.736681, 23.902, 1.15978, 1.03909, 1.10566, 0.972247, 1.7799, 1.38806, 1.10236, 0.996124, 1.28427, 1.19636, 0.897067, 1.07028, 1.09336, 
n_nonzero: 79

