n_tets: 195
relErr: 0.484886
Selected tets: 7270, 3342, 2729, 7516, 4735, 4115, 5092, 675, 2386, 4185, 249, 6788, 1975, 2958, 2912, 4212, 3462, 7402, 938, 5468, 3845, 1716, 3609, 394, 7294, 6477, 6834, 4114, 5275, 7421, 7271, 1048, 6793, 365, 6023, 2179, 2097, 2361, 1991, 264, 1377, 2044, 5482, 386, 7069, 2211, 6337, 182, 5904, 4266, 6650, 796, 3699, 5734, 4858, 516, 7519, 1337, 802, 3630, 6801, 3645, 4988, 6614, 1230, 2153, 7243, 1288, 7043, 4440, 1268, 1481, 6782, 4556, 5002, 6667, 2778, 5488, 4915, 5811, 4321, 1451, 6244, 142, 5731, 6146, 3236, 4935, 128, 7382, 5427, 4218, 2300, 193, 5356, 5326, 6571, 6252, 7194, 3164, 3783, 1928, 3749, 6649, 1600, 5560, 6269, 3287, 5839, 1656, 6732, 136, 7111, 4581, 6400, 797, 5408, 1127, 2272, 6544, 1209, 7491, 4992, 5660, 2194, 6382, 655, 1648, 1409, 4394, 1658, 4422, 4593, 2605, 3565, 4308, 2944, 7129, 6684, 887, 6250, 430, 1741, 2917, 1793, 815, 6659, 6255, 5765, 6999, 6859, 2631, 1348, 1480, 4746, 6340, 95, 2067, 3911, 863, 1425, 3709, 644, 1477, 2460, 3514, 5704, 5543, 4162, 6361, 6036, 6128, 1469, 5781, 5906, 3970, 5854, 62, 2196, 4886, 3953, 2055, 6786, 6184, 6179, 2972, 5366, 3027, 4135, 5378, 793, 5908, 1909, 2800, 6130, 
Weights: 0, 0, 0, 0, 0, 0, 30.8656, 0, 0, 0, 0, 0, 0, 0, 27.697, 0, 0, 0, 0, 0, 0, 0, 0, 0, 0, 0, 0, 0, 0, 0, 0, 5392.41, 0, 0, 0, 0, 0, 145.619, 0, 377.419, 0, 0, 0, 146.939, 0, 1893.95, 0, 0, 335.027, 0, 0, 0, 0, 0, 0, 0, 0, 0, 0, 4.57472, 0, 0, 0, 1.16169, 0, 0, 0, 0, 3.05933e-06, 0, 0, 0, 0, 34.6293, 0, 0, 0, 0, 0, 0, 2186.64, 0, 0, 0, 0, 0, 0, 17.1916, 0, 0, 0, 0, 0, 30.2649, 0, 0, 0, 0, 0, 0, 0, 0, 0, 0, 0, 0, 0, 0, 0, 0, 0, 0, 0, 0, 0, 0, 11429.8, 0, 0, 0, 0, 20.7093, 0, 264.356, 0, 0, 2262.72, 0, 0, 0, 0, 0, 0, 0, 0, 0, 0, 0, 0, 38.0925, 0, 0, 0, 0, 0, 0, 0, 0, 0, 0, 0, 296.895, 0, 11612.3, 0, 0, 36.7243, 0, 0, 0, 738.638, 0, 1.4595e+06, 0, 0, 0, 0, 0, 0, 0, 0, 0, 0, 0, 0, 0, 0, 0, 0, 0, 1.86593, 48.0947, 0, 0, 0, 79.4764, 0, 0, 0, 0, 0, 5.54714, 0, 0, 0, 
n_nonzero: 28

