n_tets: 235
relErr: 0.129379
Selected tets: 10627, 18711, 3267, 3330, 20119, 42460, 24063, 44641, 18271, 7005, 34905, 26526, 31186, 41800, 11439, 8472, 11381, 32955, 38458, 30908, 29783, 37525, 31135, 29877, 23963, 2985, 40461, 3178, 4873, 7354, 38196, 28967, 28129, 20028, 27914, 11673, 35294, 14390, 7435, 31416, 19641, 17393, 14017, 26739, 14692, 42438, 6696, 27940, 560, 9096, 25457, 14260, 22491, 35862, 14184, 2722, 1031, 36486, 784, 16052, 20446, 21175, 39842, 13027, 41911, 16997, 25208, 21730, 7771, 11937, 18292, 18909, 28389, 26485, 3512, 3206, 28349, 35183, 11548, 23703, 35425, 12279, 25535, 17061, 31087, 28695, 1373, 39978, 15365, 40422, 12458, 24893, 37672, 24511, 41057, 38250, 24616, 16302, 17907, 17341, 22257, 18038, 12342, 30469, 18913, 32809, 39177, 24689, 10871, 15596, 39732, 38186, 12614, 115, 4052, 41411, 24715, 12259, 9533, 17585, 16205, 29136, 16691, 24698, 14778, 3365, 5578, 29832, 38302, 37575, 38416, 2559, 35627, 20422, 5939, 44910, 37709, 2353, 7749, 14837, 17984, 37481, 20557, 38892, 30846, 7631, 13693, 38877, 13796, 868, 30352, 13070, 20994, 10622, 39509, 23449, 28104, 12818, 29708, 14830, 9453, 10498, 1953, 14008, 24564, 13984, 30350, 35158, 16296, 3678, 45123, 7769, 20056, 39877, 42823, 30875, 1882, 9766, 22865, 8330, 41063, 2448, 41060, 24691, 1514, 27364, 1474, 39299, 24553, 43002, 38838, 33335, 27166, 11580, 3883, 19350, 6521, 8983, 38577, 15360, 17734, 40016, 29097, 39756, 23013, 13831, 9286, 39856, 28459, 14702, 31109, 40431, 14351, 31389, 39752, 30465, 21464, 3881, 35171, 31088, 39034, 859, 30780, 12587, 19199, 37438, 14497, 30865, 33726, 29566, 18154, 4839, 18674, 27632, 28454, 
Weights: 0, 0, 0, 0, 0, 0, 0, 0, 0, 0, 0, 0, 0, 0, 0, 0, 25.7145, 0, 110.827, 0, 0, 0, 0, 0, 0, 0, 0, 0, 0, 0, 0, 0, 0, 0, 0, 0, 0, 0, 577.75, 0, 0, 0, 0, 0, 75.6761, 0, 0, 0, 0, 0, 0, 2226.63, 0, 0, 0, 3277.26, 0, 0, 0.672904, 0, 4627.73, 0, 0, 0, 0, 0, 0, 0, 0, 0, 0, 0, 0, 0, 0, 2107.9, 0, 0, 0, 0, 0, 0, 0, 0, 0, 0, 0, 0, 0, 466.792, 0, 0, 0, 0, 0, 0, 0, 0, 0, 0, 887.412, 0, 1119.34, 0, 0, 0, 0, 0, 0, 0, 0, 0, 0, 0, 0, 0, 0, 0, 0, 0, 1571.97, 0, 0, 0, 1837.39, 0, 0, 516.64, 3279.33, 1421.1, 652.708, 0, 0, 0, 0, 374.197, 0, 0, 0, 0, 0, 0, 0, 0, 0, 0, 0, 0, 0, 0, 0, 0, 0, 0, 0, 2.35575, 0, 1748.99, 0, 0, 0, 0, 0, 0, 0, 4976.59, 0, 0, 0, 0, 114.325, 0, 0, 0, 0, 2131.03, 0, 0, 0, 0, 337.419, 0, 0, 20609.1, 0, 0, 3944.24, 0, 0, 0, 0, 0, 0, 0, 0, 1530.01, 0, 0, 0, 0, 1613.62, 0, 0, 0, 0, 55.0651, 0, 0, 0.708613, 0, 885.774, 0, 0, 0, 0, 2147.76, 0, 0, 0, 0.867854, 1.43341, 0, 0, 0, 0, 635.506, 0, 0, 0, 0, 5515.23, 0, 0, 0, 1256.48, 
n_nonzero: 38

Running time so far: 201.189s

