n_tets: 195
relErr: 0.315641
Selected tets: 995, 4859, 3302, 1369, 524, 2701, 7267, 6313, 6491, 2724, 3266, 3596, 1063, 1252, 827, 6733, 7325, 7320, 3294, 5053, 5016, 4455, 1823, 105, 955, 2352, 918, 4146, 2631, 2959, 237, 819, 7394, 522, 2634, 2097, 6339, 5879, 1781, 4578, 5895, 729, 3112, 6564, 2567, 5442, 7480, 5585, 3237, 5647, 3425, 4410, 2329, 5934, 451, 6547, 1818, 2668, 6815, 2607, 205, 1814, 6623, 4749, 6079, 5356, 7446, 2662, 983, 359, 1485, 1657, 3561, 1032, 5715, 4651, 2778, 7445, 3836, 1782, 2313, 126, 7016, 198, 3829, 3662, 6852, 3770, 2600, 6257, 3879, 534, 1269, 4511, 4943, 7054, 6537, 5492, 6283, 3686, 2180, 4001, 4771, 804, 2003, 3876, 7443, 2679, 1906, 1704, 3253, 4483, 4939, 212, 6643, 4534, 4070, 4223, 536, 1069, 56, 5580, 4663, 6782, 3175, 6979, 7226, 1745, 2393, 3959, 4352, 3408, 489, 2496, 6171, 5093, 7251, 2901, 3911, 5326, 5876, 897, 7342, 6144, 2591, 7238, 6487, 264, 3711, 6711, 36, 838, 668, 4514, 3823, 5790, 5775, 4150, 3955, 6201, 4122, 6436, 1189, 3239, 2407, 7227, 5042, 7485, 4210, 2853, 1878, 7433, 776, 1595, 2210, 1623, 1421, 2363, 5283, 2357, 1942, 4397, 875, 2871, 3493, 7180, 3326, 925, 2091, 6004, 1246, 2088, 5166, 4081, 948, 
Weights: 897.217, 270.24, 227.553, 162.03, 340.621, 534.357, 971.808, 87.2199, 82.9059, 325.805, 247.705, 173.492, 179.058, 199.948, 0, 182.178, 0.0543154, 0.937782, 261.396, 97.6798, 0.425861, 0.761366, 138.429, 425.449, 63.2946, 1.00889, 0, 25.1622, 76.7905, 268.458, 16.3959, 61.083, 110.649, 0, 0, 1.10946, 0, 271.37, 17.5597, 0, 60.7096, 53.9848, 104.904, 81.7853, 122.712, 0.949339, 0, 127.974, 17.6145, 0.957808, 0, 21.2121, 142.085, 0, 0, 55.2441, 0, 0.360998, 1.59983, 45.6234, 0.939856, 0, 10.3214, 79.5184, 18.1109, 6.51743, 2.02406, 1.00003, 0, 13.7652, 60.6627, 102.823, 21.9161, 22.0452, 0.0777844, 0.615379, 64.0061, 0.309057, 0, 1.06075, 6.26338, 0, 101.116, 0.396849, 170.935, 1547.96, 130.73, 35.9049, 0, 20.2611, 7.72653, 43.3993, 97.6057, 9.06675, 0, 0, 15.4568, 0.982663, 15.4389, 657.02, 74.3439, 2.19455, 25.7952, 140.552, 1.01709, 0.954506, 0, 59.1105, 0.705452, 0, 6.28819, 0.75281, 20.0156, 0, 1.03829, 62.5859, 42.5427, 334.302, 351.317, 1.91756, 3.10676, 2.39232, 0.924889, 34.8653, 6.32932, 13.3737, 0, 6.46521, 26.3166, 13.819, 10.135, 0, 27.5155, 10668.9, 61.2846, 9.30302, 105.013, 8.49294, 119.141, 40.5641, 0, 66.8291, 77.1378, 56.6114, 300.027, 58.3193, 2.2795, 71.841, 67.8256, 11.1295, 4.99145, 0, 329.976, 0, 27.2444, 0, 18.5916, 135.143, 7.07752, 0, 55.905, 0, 22.6871, 63.5051, 0, 11.0578, 124.096, 1.86545, 38.2629, 16.3011, 151.565, 109.189, 0, 1.0676, 8.91144, 0, 9.11605, 0, 1.02382, 123.288, 3.14527, 58.1539, 20.8029, 37.8387, 12.4337, 17.045, 33.0242, 84.1193, 0, 0, 12.4892, 55.3719, 27.8941, 36.3308, 0, 
n_nonzero: 159

