n_tets: 96
relErr: 0.00335369
Selected tets: 235796, 269544, 362937, 298539, 381300, 26069, 233619, 388822, 143254, 29257, 129749, 245011, 429667, 245127, 3631, 8706, 280852, 350808, 187116, 150871, 102239, 205157, 23989, 213606, 376047, 363265, 311537, 163244, 206903, 416957, 13780, 160206, 136949, 301704, 377338, 139005, 405237, 161679, 288456, 291655, 315929, 21584, 106379, 134563, 69093, 412289, 126150, 397111, 346140, 248178, 8314, 30348, 401752, 184484, 251881, 160381, 155049, 420840, 229484, 204986, 419364, 397751, 312336, 307422, 371087, 385296, 298875, 300477, 418362, 156640, 115018, 234799, 33298, 113831, 267589, 85015, 57153, 345250, 81311, 263552, 265880, 313697, 278252, 131980, 235486, 143266, 314130, 414915, 91544, 312802, 56878, 285369, 373908, 62244, 420700, 229489, 
Weights: 7799.86, 2418.78, 35046.9, 0, 330.79, 2388.29, 0, 552.377, 0, 0, 551.029, 0, 0, 407.899, 0, 344.116, 19203.5, 827.689, 4715.38, 1901.06, 2156.41, 0, 548.913, 347.785, 160.565, 1672.77, 0, 1481.57, 2482.91, 342.098, 0, 0, 335.308, 3418.97, 3467.84, 2626.62, 10271.9, 13663.9, 0, 0, 4617.52, 1466.39, 0, 576.946, 98.0783, 6397.62, 688.449, 577.218, 7858.94, 0, 939.705, 0, 168, 1155.09, 77048.4, 2041.43, 0, 0, 0, 0, 2547.94, 0, 304.08, 842.123, 243.293, 0, 619.299, 1596.21, 0, 1.29727e+06, 1483.99, 233.292, 504.456, 3324.33, 0, 0, 223.935, 656.215, 0, 8956.55, 279.306, 11291.2, 0, 1629.98, 479.147, 911.047, 5611.88, 3060.12, 5880.88, 3336.83, 48616.8, 3465.74, 30193.1, 230145, 5300.62, 986.376, 
n_nonzero: 69

Running time so far: 163.784s

