n_tets: 220
relErr: 0.320263
Selected tets: 32562, 2811, 43286, 18384, 24071, 43879, 16774, 30220, 11939, 42759, 7052, 32003, 35144, 42003, 33866, 29492, 8491, 24035, 42965, 39954, 22963, 4138, 31870, 3748, 12100, 37253, 43894, 39169, 3981, 8750, 28805, 7987, 34335, 1820, 3010, 14249, 41973, 33171, 1548, 5577, 44247, 15450, 16138, 30782, 15187, 2979, 15401, 42531, 22322, 39851, 12243, 20125, 42722, 36310, 10559, 17140, 2881, 18193, 35613, 6158, 14859, 20282, 1614, 20754, 22402, 21249, 44411, 37958, 12145, 31817, 27313, 1617, 8545, 42402, 2808, 34094, 17166, 22361, 20239, 23424, 25091, 3675, 44291, 41901, 22443, 43847, 36484, 32063, 21164, 23010, 44985, 22568, 29135, 16786, 15437, 31085, 15828, 20995, 8104, 29493, 19856, 34505, 8800, 31818, 41983, 22293, 38968, 41986, 38872, 13502, 13860, 9257, 15863, 35680, 13784, 23461, 13783, 22357, 34425, 4284, 44199, 1355, 31852, 39840, 21645, 10464, 44233, 43420, 5461, 18026, 12209, 36115, 3532, 39899, 1076, 44183, 27903, 38853, 29495, 23371, 4723, 14040, 6260, 41971, 3901, 20930, 30753, 44223, 42882, 27475, 18852, 7178, 11694, 20469, 7766, 7341, 15373, 38068, 32044, 32236, 9328, 15858, 4085, 23484, 310, 42311, 14263, 19369, 2382, 37423, 14447, 38754, 30837, 19854, 35495, 12085, 23553, 31828, 19012, 26974, 41990, 18853, 39167, 26374, 11315, 8391, 18714, 40986, 33727, 33142, 30949, 29702, 40118, 29905, 13322, 31833, 6572, 28587, 29286, 6594, 29913, 35515, 44066, 39021, 10420, 9923, 38661, 44055, 31995, 5221, 13020, 42235, 44927, 41309, 3900, 14582, 12146, 3881, 33764, 32136, 
Weights: 2033.26, 0, 64.2085, 0, 168.087, 1.20073, 4.25875, 0, 0, 0, 0, 810.448, 127.386, 1.05064, 0.891731, 1.36187, 0, 357.066, 0, 1.33521, 106.252, 0, 525.175, 1699.56, 1.67942, 0, 1.34463, 0.581291, 3451.2, 0, 0.826036, 0, 18.5551, 1.01547, 76.1771, 0, 1.79177, 193.702, 111.931, 295.704, 32.1987, 192.098, 1.98359, 245.682, 283.261, 0.962146, 0, 32.7955, 5.159, 37.6729, 58.0731, 0, 0, 1402.69, 0, 1.02711, 27.4813, 671.74, 1.00542, 0, 0.813954, 189.934, 0, 0, 5.40802, 251.366, 3.0069, 2033.89, 65.5233, 0, 29.1405, 80.7825, 1.01399, 113.464, 0, 8.00702, 296.933, 1.64256, 381.857, 16.8049, 1343.68, 0, 0, 1340.62, 0, 54.0218, 357.592, 105.395, 577.235, 0, 1.32113, 26.595, 0.445201, 675.475, 414.048, 0, 0, 311.469, 1034.81, 0, 1.01521, 0, 20.9368, 2.23305, 3.99613, 0, 1.01216, 0.687602, 3.59969, 2.53272, 1.0088, 244.005, 6.00873, 25.1511, 0.964746, 45.2489, 2.80477, 14.1798, 0, 877.498, 13.097, 29.2028, 1.10201, 0, 326.904, 0, 0, 0, 0.948839, 5.80307, 1.24005, 0, 0, 0, 528.623, 0.882213, 0, 0, 482.941, 0, 1.03548, 0, 453.648, 1.51197, 0, 1.2908, 430.983, 10.5165, 0.959329, 336.215, 0.97325, 1.39302, 1675.84, 1061.14, 5.41805, 0, 0, 219.195, 0, 0, 3.87106, 0.224282, 2.51606, 0.737401, 8.33641, 454.325, 0, 103.94, 0, 0, 36.2168, 0, 0, 2.24196, 865.403, 0, 320.408, 0, 102.913, 0, 2.23918, 0, 0, 0, 2.4057, 0.578273, 945.727, 1.3372, 0.934723, 291.975, 5.92739, 0, 15.037, 0.78273, 0, 2.17137, 0.678843, 28.374, 1.74697, 0, 2.76454, 0, 22.2958, 2.31137, 0.176162, 102.101, 0, 0, 717.102, 22.4553, 237.149, 10.3549, 0, 0, 17.5581, 0, 1.75086, 0, 3777.75, 1543.94, 
n_nonzero: 151

Running time so far: 145.016s

