n_tets: 156
relErr: 0.492649
Selected tets: 25939, 699, 8335, 12763, 14231, 4944, 1622, 18088, 45004, 33142, 17824, 26526, 34964, 29197, 41971, 4088, 9429, 28182, 37261, 22357, 32934, 24473, 44764, 29504, 14031, 10997, 2671, 39876, 22778, 17576, 37292, 27223, 35427, 992, 44953, 24904, 3681, 38672, 1548, 31816, 41017, 24340, 43890, 37493, 13703, 2979, 44748, 25368, 42705, 17570, 44816, 26508, 35141, 37485, 10559, 29550, 11894, 42687, 14294, 10567, 44291, 3093, 36649, 31115, 10652, 27915, 12262, 13861, 21682, 8391, 32080, 39501, 15389, 22564, 6641, 44226, 9963, 21658, 15930, 30067, 3006, 21196, 13786, 12178, 10960, 16308, 20405, 29476, 21551, 39865, 22699, 11408, 2945, 9729, 25223, 6191, 26836, 21676, 4089, 30066, 43910, 36640, 972, 29098, 14460, 18208, 21553, 21568, 32237, 17740, 36645, 12078, 29904, 10553, 4052, 21657, 11683, 43884, 31408, 10555, 3311, 39925, 3361, 19374, 44196, 21653, 7316, 44751, 4814, 10744, 44907, 19750, 5691, 44610, 20952, 18420, 16029, 1067, 42018, 7042, 18157, 37476, 24761, 22356, 29787, 21459, 39190, 42950, 37879, 34345, 17813, 5267, 2719, 6614, 4734, 38635, 
Weights: 3068.61, 2458.65, 2293.77, 2093.52, 1.45407, 2634.06, 0.716269, 2696.94, 108.85, 4.27982, 0.925807, 1.28394, 5.1223, 1504.39, 8.55663, 3.6195, 67.8168, 2323.88, 5.03399, 1.54689, 4196.33, 4.24208, 0, 1.90454, 0, 190.013, 2584.48, 374.993, 0, 0.0906042, 0, 1.27753, 576.767, 37.7167, 0.946949, 59.705, 1.0759, 0, 12.6892, 726.038, 6.83134, 0, 109.554, 0, 0, 1.05984, 0, 0, 0.935921, 3.72832, 0, 3.53659, 0.91321, 0, 1.2725, 2.71846, 6.72173, 37.0098, 0.668462, 1083.84, 1.31814, 0, 25.9108, 1708.28, 9.31217, 1145.88, 10.3106, 58.4446, 24.9521, 0.333815, 0.236089, 0.914455, 2.0061, 0.984679, 0, 3.26934, 6.57885, 0.399446, 0.948421, 0, 7.48653, 8.53909, 3.72056, 0.394927, 1.01097, 85.0199, 1898.66, 5.14917, 0, 79.6007, 1029.07, 1.15696, 16.9639, 54.2404, 16.9753, 33.2204, 0, 3.19517, 16.0234, 0, 76.3763, 1103.11, 1.01757, 3.13093, 0.99096, 0, 6.85627, 0, 0, 0, 0, 846.542, 1.21182, 0, 0, 0.225156, 1.01445, 0.636335, 0, 1857.47, 0, 0, 0, 29.1445, 2.1338, 1.44267, 0, 0, 0.973574, 4.72028, 13.9618, 849.595, 1.09692, 1.1165, 0, 365.042, 274.289, 1167.79, 0, 51.0544, 325.94, 0, 0, 3.68944, 110.986, 122.582, 1.05896, 263.57, 34.0944, 0, 1.13844, 0.923096, 583.515, 229.277, 1.94707, 1.17007, 
n_nonzero: 120

Running time so far: 81.9656s

