n_tets: 102
relErr: 0.123452
Selected tets: 995, 6736, 3302, 3987, 3394, 5919, 5053, 3766, 4748, 2193, 2122, 6506, 5764, 1865, 4146, 1481, 7325, 7320, 3959, 6094, 983, 4455, 1823, 6731, 3811, 2352, 488, 6772, 7227, 66, 6257, 6007, 3897, 2837, 6381, 2097, 2003, 2113, 6822, 854, 5717, 2379, 5482, 929, 4260, 5442, 5647, 3953, 7480, 3285, 2645, 3423, 7447, 205, 7291, 3554, 1134, 5283, 2773, 7449, 4780, 2781, 2964, 1828, 1942, 5356, 7446, 2662, 7378, 1587, 757, 3561, 5450, 489, 7483, 2988, 2756, 1944, 1782, 3087, 838, 1882, 3553, 198, 2212, 1505, 7445, 5823, 2668, 3188, 3426, 3122, 7048, 3326, 1443, 4753, 5652, 5492, 6283, 834, 3932, 1017, 
Weights: 719.496, 359.899, 23.7918, 147.489, 90.6165, 230.553, 24.0987, 77.2634, 319.889, 81.1289, 15.3635, 692.241, 66.1542, 90.7306, 69.12, 29.8509, 1.04636, 0.943494, 64.4188, 95.8216, 84.2145, 0.682273, 0, 343.627, 95.7279, 1.00273, 1.06333, 241.93, 14.2651, 200.669, 43.6728, 109.906, 14.6719, 1.96461, 379.651, 0.999412, 1.04925, 62.5935, 9.42977, 177.786, 1.01682, 1.35931, 0.387382, 1.0085, 262.542, 0.990402, 0.956847, 1.49442, 0.748439, 0.995043, 161.749, 200.976, 0.963876, 0.985529, 16.6036, 6.28268, 501.608, 1.02456, 23.4674, 0.370751, 365.146, 0.998412, 57.6676, 18.5336, 2.45152, 0.536135, 0, 1.00429, 133.94, 109.878, 0, 4.19336, 1.18582, 143.67, 13.1135, 0.786434, 137.021, 2.45636, 0.962463, 1186.78, 1.47554, 0.949067, 0, 0.377174, 91.4368, 267.393, 1.08873, 2.28308, 1.46842, 90.1456, 18.8606, 90.7512, 11.6519, 140.066, 36.1981, 5.15462, 0.475605, 0.985601, 21.5535, 2.10868, 215.768, 18.8268, 
n_nonzero: 98

