n_tets: 24
relErr: 0.130123
Selected tets: 51214, 33828, 1062, 17144, 34560, 57384, 71719, 24860, 79148, 18752, 26715, 54341, 55661, 18058, 79674, 58394, 47832, 65101, 75225, 78581, 38437, 11094, 31923, 65333, 
Weights: 4646.35, 0, 0, 3977.53, 2071.68, 0, 1430.1, 635.129, 8752.97, 0, 4415.66, 2779.23, 9558.83, 387.554, 2194.94, 2233.82, 912.802, 10319.2, 4853.35, 0, 0, 6167.07, 0.99288, 5546.77, 
n_nonzero: 18

Running time so far: 22.5208s

