n_tets: 150
relErr: 0.522412
Selected tets: 7270, 3342, 2729, 7516, 4735, 4115, 5092, 675, 2386, 4185, 249, 6788, 1975, 2958, 2912, 4212, 3462, 7402, 938, 5468, 3845, 1716, 3609, 394, 7294, 6477, 6834, 4114, 5275, 7421, 7271, 1048, 6793, 365, 6023, 2179, 2097, 2361, 1991, 264, 1377, 2044, 5482, 386, 7069, 2211, 6337, 182, 5904, 4266, 6650, 796, 3699, 5734, 4858, 516, 7519, 1337, 802, 3630, 6801, 3645, 4988, 6614, 1230, 2153, 7243, 1288, 7043, 4440, 1268, 1481, 6782, 4556, 5002, 6667, 2778, 5488, 4915, 5811, 4321, 1451, 6244, 142, 5731, 6146, 3236, 4935, 128, 7382, 5427, 4218, 2300, 193, 5356, 5326, 6571, 6252, 7194, 3164, 3783, 1928, 3749, 6649, 1600, 5560, 6269, 3287, 5839, 1656, 6732, 136, 7111, 4581, 6400, 797, 5408, 1127, 2272, 6544, 1209, 7491, 4992, 5660, 2194, 6382, 655, 1648, 1409, 4394, 1658, 4422, 4593, 2605, 3565, 4308, 2944, 7129, 6684, 887, 6250, 430, 1741, 2917, 1793, 815, 6659, 6255, 5765, 6999, 
Weights: 0, 0, 0, 0, 0, 0, 21.0074, 0, 0, 0, 0, 0, 0, 0, 33.0312, 5.14765, 0, 0, 0, 0, 0, 0, 0, 0, 0, 0, 0, 0, 0, 0, 0, 9490.38, 0, 0, 0, 0, 0, 84.9289, 0, 503.899, 0, 0, 0, 0, 0, 604.237, 0, 0, 554.131, 0, 0, 0, 0, 0, 0, 0, 0, 0, 0, 10.5562, 0, 0, 0, 3.08193, 0, 0, 0, 0, 7.8526e-06, 0, 0, 0, 0, 17.8326, 0, 0, 1.74865, 0, 0, 0, 4795.93, 0, 0, 0, 0, 0, 0, 0, 0, 0, 0, 0, 0, 87.8177, 0, 0, 0, 0, 0, 0, 0, 0, 0, 0, 0, 0, 0, 0, 0, 0, 0, 0, 0, 0, 0, 0, 463.675, 0, 0, 0, 0, 51.283, 0, 71.3882, 0, 0, 0, 0, 0, 0, 734.548, 0, 0, 0, 0, 0, 0, 0, 0, 28.7612, 0, 0, 0, 0, 0, 0, 0, 0, 0, 0, 
n_nonzero: 19

