n_tets: 245
relErr: 0.784486
Selected tets: 124375, 43585, 128391, 134415, 59101, 93396, 121790, 82838, 79239, 131994, 91751, 74532, 28145, 134502, 46542, 82970, 22431, 26017, 89393, 65681, 121237, 101268, 161983, 3754, 23284, 138593, 67843, 61709, 3828, 70448, 84754, 77842, 111041, 102518, 128557, 143674, 13689, 164006, 62260, 53053, 69463, 9277, 84811, 64575, 144972, 20862, 107228, 2462, 111426, 47365, 100766, 151883, 143326, 144101, 77606, 7235, 47645, 1605, 163045, 101503, 138009, 146702, 65679, 131827, 110361, 151770, 79557, 80280, 42982, 54362, 127101, 52224, 137145, 157359, 77567, 77462, 117369, 75164, 136213, 164244, 112223, 91428, 110545, 48075, 154030, 92476, 158403, 136019, 70320, 58643, 137605, 139011, 150188, 49752, 100819, 53251, 156189, 104180, 37180, 23772, 70467, 151967, 45913, 48926, 17939, 156218, 124078, 102260, 82015, 19659, 27452, 18361, 97819, 16191, 103700, 162187, 162776, 139535, 157029, 28525, 117286, 90073, 37170, 124555, 91815, 154522, 137901, 163394, 77701, 161064, 128376, 144296, 18615, 36025, 42287, 22940, 11390, 127580, 9475, 46221, 53294, 8367, 138515, 30982, 52627, 150563, 161570, 120497, 59331, 113272, 79199, 112180, 46454, 125542, 128925, 53106, 67519, 108122, 41646, 130443, 92680, 38469, 146452, 107960, 3476, 17333, 139978, 163951, 93676, 89831, 127368, 109839, 74543, 69428, 125608, 113271, 161340, 136800, 102614, 33367, 160047, 116936, 70916, 134277, 158287, 54895, 61321, 60385, 47830, 150468, 134016, 108871, 108877, 5193, 12987, 57965, 424, 3217, 10133, 74975, 53462, 163715, 129822, 158978, 129026, 97305, 60896, 32934, 127430, 8316, 143849, 140904, 10924, 76340, 88018, 108991, 25262, 95672, 70270, 3399, 59151, 143398, 92916, 154161, 74217, 90721, 45335, 144499, 149301, 79804, 107809, 159644, 58126, 130117, 62759, 72822, 65265, 163474, 8434, 30496, 79449, 107518, 84833, 101051, 58896, 
Weights: 3931.17, 0, 1404.48, 35.3818, 2850.26, 8.7384, 0, 0, 10951.8, 1683.94, 3749.38, 0, 13174.2, 6823.48, 1.01783, 2142.67, 89.1433, 190.481, 2.39737, 0, 151.517, 0, 143.681, 0, 142767, 4.21314, 0, 1.05944, 318.74, 1.13545, 16.9293, 0, 2134.4, 0, 1140.71, 0, 19808.4, 0, 0, 1.04171, 9.70219, 0, 20.1331, 1.00213, 646.451, 1020.25, 75.439, 28.1746, 1210.15, 56.5218, 707.128, 2.1596, 1194.1, 0, 1144.84, 4.7623, 13.2624, 222.366, 1.12656, 6603.14, 0, 20872.7, 0, 1.43547, 3657.54, 1.00789, 0, 4781.62, 209573, 0, 2.54405, 0, 20.4635, 1.29502, 0.871497, 20716.5, 0, 0.312304, 0, 704.896, 2310.42, 430.237, 0, 152.679, 13856.4, 0.286982, 0, 441.724, 0, 3.61854, 1.81211, 338.983, 0, 0, 51.8374, 0, 0, 9.59257, 328.408, 1.1249, 0, 0, 134.147, 0, 56992.2, 4559.77, 6241.71, 2457.01, 3.19182, 0, 53550.4, 22.704, 0, 63036.4, 2425.64, 124.072, 616.596, 1.2421, 8.29485, 11.2571, 0.932535, 6717.6, 971.305, 33.0003, 6669.7, 0.814466, 8784.39, 0, 245.878, 201.958, 0, 2.19261, 7381.64, 61.3674, 0, 1.02596, 2968.92, 5.00206, 0, 0, 975.942, 0, 1.40912, 15689.2, 0, 3695.56, 0, 1.03253, 30.2049, 0.63187, 0.973211, 23.5642, 556.851, 0, 664.649, 0, 7.26938, 19.0853, 0, 0, 36443, 0, 2897.13, 8115.53, 15.959, 1.77932, 0, 0, 2860.74, 2.23283, 0, 11.6427, 11.0439, 1.76834, 0, 0.987656, 2.32738, 7.63712, 20.0665, 0, 0, 0, 10.0869, 0, 413.85, 9.99342, 0, 378.791, 2.25799, 55.7551, 47.8038, 0, 966.43, 605.281, 0, 10824, 52.798, 1.33922, 0, 0, 19.5099, 0, 2549.94, 1.29423, 0, 0, 444.871, 0, 28.6903, 0.963642, 5.68614, 106.129, 338.24, 0, 1.16358, 242.906, 0, 10.157, 687.948, 1.01447, 1.04505, 3.94128, 21917.2, 504.273, 1873.99, 42.0179, 0, 12589.9, 0, 28942.1, 0, 1.05284, 0, 755.093, 117.686, 0, 1.4681, 10.4915, 0, 4.60932, 10.5335, 0, 2800.47, 0, 43.6213, 
n_nonzero: 171

Running time so far: 206.685s

