n_tets: 216
relErr: 0.0538754
Selected tets: 19769, 26370, 25715, 13923, 23203, 22574, 27025, 9146, 28769, 8502, 10745, 18639, 29465, 21592, 5495, 3716, 21991, 3083, 27733, 23928, 27103, 20392, 19595, 9764, 18971, 27882, 12327, 19555, 5285, 18949, 4172, 29299, 13223, 12721, 6078, 28816, 1404, 7754, 12744, 9846, 27990, 17874, 19028, 20877, 10754, 1537, 27514, 15823, 14157, 4354, 2824, 27159, 29186, 9490, 11045, 23341, 5609, 15235, 8071, 20229, 22980, 8572, 21788, 12363, 2402, 10973, 27416, 2289, 22727, 22722, 24552, 18922, 4087, 17761, 18891, 14988, 18731, 20598, 17718, 1415, 6437, 815, 7470, 5543, 12533, 20058, 17875, 13200, 8254, 4561, 12186, 7344, 22465, 27460, 23148, 6472, 22767, 18168, 26850, 4090, 23238, 23021, 17148, 3607, 26409, 12910, 11066, 15696, 3086, 5783, 37, 15624, 11602, 6015, 18991, 13408, 7454, 29075, 19394, 3034, 12117, 21181, 17621, 5200, 21755, 1244, 5797, 32, 6497, 14451, 8691, 11659, 6548, 18733, 24134, 3867, 21930, 24583, 41, 25843, 19617, 2188, 21088, 20615, 2562, 19164, 23762, 19722, 11924, 23082, 7590, 9315, 24075, 11285, 29137, 7377, 11051, 6227, 27439, 6210, 21627, 7228, 25473, 20883, 19471, 1381, 4979, 24007, 19501, 22405, 12583, 4723, 29044, 6587, 19448, 15401, 15001, 16411, 27841, 4037, 4236, 12413, 21586, 6619, 3129, 1016, 8963, 6932, 16832, 18791, 21799, 14841, 24877, 10957, 12112, 29336, 9344, 20941, 8873, 6878, 3092, 4467, 11990, 18492, 14119, 10011, 23502, 17228, 3362, 5963, 25497, 5516, 17390, 21250, 18036, 25944, 
Weights: 1172.63, 992.628, 432.11, 182.742, 90.5027, 230.275, 0, 0, 722.163, 354.548, 0, 23.8418, 0, 0, 54.4347, 205.453, 0, 0, 0, 0, 0, 32.7191, 0, 221.64, 322.331, 0, 319.652, 0, 0, 0, 336.23, 65.5809, 0, 0, 351.077, 108.682, 604.392, 669.709, 283.02, 115.675, 857.356, 0, 0, 265.321, 0, 40.7474, 528.085, 0, 19.3847, 245.133, 8.00904, 529.901, 411.983, 421.223, 350.703, 0, 26.8203, 0, 0, 168.916, 12.8367, 0, 0, 37.0681, 0, 159.479, 0, 0, 0, 0, 0, 1219.95, 0.999733, 0, 0, 0, 75.337, 0, 164.088, 389.65, 0, 139.452, 0, 0, 0, 67.3846, 0.845508, 99.5258, 0, 163.761, 329.496, 0, 834.67, 105.798, 82.0915, 0, 497.892, 0, 0, 0.960127, 0, 0, 0, 269.079, 0, 479.399, 0.404836, 1400.75, 0, 0, 247.609, 29.6128, 0, 71.0422, 0.783177, 0, 0, 82.5093, 0, 176.224, 34.2213, 0, 581.812, 34.9229, 0, 131.598, 0, 60.3066, 0, 0, 342.825, 0, 0, 0, 18.0478, 575.02, 3.40644, 66.8969, 0, 33.6929, 0, 0, 0, 0, 96.7116, 86.8219, 159.03, 0, 59.2456, 797.346, 0, 0, 0, 796.955, 152.166, 74.3596, 0, 0, 0, 939.542, 101.01, 540.822, 238.821, 131.446, 59.2661, 298.526, 0, 237.778, 20.9879, 6.13549, 96.9457, 452.867, 1136.35, 0, 711.546, 0, 1618.25, 862.251, 0, 0, 106.77, 0, 0, 0, 0, 0, 0, 0, 452.083, 194.452, 0.999522, 0, 199.872, 0, 0, 58.0196, 24.5331, 386.109, 42.6224, 0, 61.1, 0.66084, 0, 0, 0, 215.175, 223.275, 76.1093, 0, 0, 179.069, 0, 0, 57.4802, 0, 451.173, 
n_nonzero: 117

Running time so far: 114.183s

