n_tets: 198
relErr: 0.347762
Selected tets: 32562, 42675, 7400, 38757, 28732, 43879, 34020, 14663, 14859, 42759, 22443, 10634, 5978, 37804, 28795, 28803, 32402, 41971, 29320, 20127, 20195, 11336, 44942, 27216, 22250, 1961, 39019, 20950, 16309, 24941, 28091, 39255, 43258, 1820, 33980, 29553, 38698, 38867, 4042, 8391, 31826, 7766, 16138, 3845, 43883, 2979, 24124, 29217, 10435, 21177, 4725, 20125, 17790, 22361, 19515, 36163, 28351, 29877, 21975, 13782, 29410, 18013, 10363, 4301, 8559, 33077, 16720, 37321, 12683, 5310, 10419, 1617, 8545, 39181, 19418, 34555, 18584, 44231, 1634, 2543, 15819, 38626, 28706, 19861, 19504, 38079, 24500, 34060, 33978, 25061, 12813, 42805, 38847, 24400, 43881, 44735, 15828, 26515, 9529, 38938, 38101, 6030, 4723, 31818, 31854, 44288, 21500, 41986, 6077, 13145, 35241, 13885, 43848, 22347, 16513, 13068, 13783, 9176, 13091, 24881, 39288, 16805, 14512, 15569, 4205, 11311, 37438, 6488, 4814, 18026, 14017, 3963, 41982, 18898, 34055, 39884, 41978, 33025, 12113, 1783, 27313, 6489, 6721, 9870, 34337, 28612, 8199, 17061, 8928, 23481, 18852, 39187, 1686, 12138, 18358, 8544, 43702, 38068, 3687, 2802, 29330, 30897, 1953, 23484, 31074, 22114, 29197, 39020, 59, 44638, 16518, 25334, 34016, 28904, 18588, 12085, 1320, 31828, 22894, 23634, 44291, 19841, 39167, 32548, 35144, 43894, 35158, 12876, 34184, 42425, 11176, 29906, 1339, 29905, 765, 18854, 903, 28587, 
Weights: 1936.59, 6759.27, 335.228, 0.873343, 4064.8, 18.3751, 88.2727, 0.999256, 2.39409, 0, 65.11, 1866.88, 1819.96, 1.15134, 0.174887, 53.8262, 1110.42, 22.8637, 0, 0, 0, 0.493688, 58.3094, 0, 1108.46, 1.5734, 0, 421.253, 0, 0, 844.218, 0, 0, 1.09629, 2.43528, 236.708, 0.922841, 0.360502, 591.96, 1.07812, 226.374, 0, 0, 1241.96, 0.786992, 7.39356, 0, 0.868483, 13.5442, 0, 27.0862, 1.00832, 5.42537, 0, 15.4512, 7.14922, 267.651, 0, 28.8288, 0, 0, 1052.57, 1214.39, 17.3126, 238.233, 0.919592, 0.958982, 2474.4, 0.703364, 8.18387, 0, 13.1302, 3.27486, 72.1913, 1122.11, 0, 0, 52.9804, 922.478, 0, 539.504, 4.23766, 0, 0, 0, 2337.05, 651.007, 103.631, 139.796, 25.2739, 1.65653, 0, 1.29895, 0, 1.05091, 0, 788.292, 1.13794, 0.943179, 0.950672, 3.75565, 0, 0.388225, 40.7694, 142.621, 0, 1783.88, 0, 0, 1.91395, 1.01822, 2018.3, 0, 0.992451, 47.9325, 0, 4.2937, 1960.82, 0, 533.156, 0, 95.7111, 1022.55, 0, 2693.98, 10.5188, 0.203638, 370.913, 2.06142, 15.4213, 0, 1.12222, 33.1776, 0, 17.3612, 203.726, 1.35183, 318.151, 1.04062, 12.02, 3.99869, 0.495977, 110.095, 2.34183, 33.6375, 24.801, 1237.43, 63.532, 236.942, 18.6786, 1.04583, 0.933567, 0, 250.691, 2.09503, 0.981982, 0, 0, 199.457, 4.54682, 0, 68.885, 183.292, 1.70041, 0, 0.85681, 0, 0, 48.8353, 1.59455, 18.6806, 8.95501, 0, 0, 10.0622, 0, 1.05792, 3.89294, 0.724221, 0, 10.9477, 1.0707, 0.960979, 5.92716, 430, 1.03345, 0, 30.6989, 0, 0, 11.2955, 0, 0.370343, 1.02029, 0, 0.975714, 0, 1.51768, 
n_nonzero: 142

Running time so far: 120.918s

