n_tets: 19
relErr: 0.00247358
Selected tets: 5390, 2255, 5881, 7419, 5645, 3900, 5779, 951, 13400, 1868, 5445, 661, 3712, 3683, 5671, 8652, 1449, 3670, 11240, 
Weights: 2955.21, 0, 679.02, 0, 0, 0, 843.93, 0, 1539.61, 305.988, 0, 3.38393, 0, 1805.42, 0, 632.801, 259955, 309.418, 534.224, 
n_nonzero: 11

Running time so far: 17.8048s

