n_tets: 97
relErr: 0.130525
Selected tets: 995, 6736, 3302, 3987, 3394, 5919, 5053, 3766, 4748, 2193, 2122, 6506, 5764, 1865, 4146, 1481, 7325, 7320, 3959, 6094, 983, 4455, 1823, 6731, 3811, 2352, 488, 6772, 7227, 66, 6257, 6007, 3897, 2837, 6381, 2097, 2003, 2113, 6822, 854, 5717, 2379, 5482, 929, 4260, 5442, 5647, 3953, 7480, 3285, 2645, 3423, 7447, 205, 7291, 3554, 1134, 5283, 2773, 7449, 4780, 2781, 2964, 1828, 1942, 5356, 7446, 2662, 7378, 1587, 757, 3561, 5450, 489, 7483, 2988, 2756, 1944, 1782, 3087, 838, 1882, 3553, 198, 2212, 1505, 7445, 5823, 2668, 3188, 3426, 3122, 7048, 3326, 1443, 4753, 5652, 
Weights: 720.461, 376.314, 35.0041, 162.511, 84.7841, 183.235, 40.3021, 130.362, 326.18, 79.5883, 3.88197, 737.096, 71.47, 100.946, 63.3528, 62.3976, 1.04376, 0.943794, 67.7008, 109.965, 76.585, 0.680176, 0, 356.967, 89.7138, 1.00372, 1.06324, 286.41, 14.4446, 229.693, 40.242, 112.321, 14.5007, 2.03313, 328.798, 1.00001, 1.05264, 35.0273, 9.84443, 174.436, 1.01304, 1.35752, 0.396635, 1.00774, 257.409, 0.989737, 0.954353, 1.36931, 0.748507, 0.994444, 203.943, 206.523, 0.962671, 0.984989, 14.0701, 6.30245, 567.947, 1.02058, 6.98765, 0.369212, 310.718, 0.998157, 78.7115, 79.3583, 2.4221, 0.511608, 0.0499334, 1.00398, 132.307, 88.2156, 0, 4.066, 1.18105, 177.555, 12.604, 0.790844, 133.919, 2.47584, 0.958945, 1356.61, 1.44967, 0.948773, 0, 0.373999, 114.566, 199.423, 0.976427, 2.30419, 1.48775, 86.2986, 19.811, 89.2468, 13.779, 123.863, 45.0619, 5.27118, 0.447157, 
n_nonzero: 94

