n_tets: 208
relErr: 0.287369
Selected tets: 25446, 10248, 10457, 5073, 26400, 4188, 19208, 5490, 23752, 17764, 10396, 18093, 21116, 11022, 27637, 23835, 14036, 27024, 11116, 23742, 11381, 23364, 1381, 24972, 18601, 13926, 6043, 13318, 897, 22844, 15735, 3129, 16526, 3854, 4266, 10273, 4054, 17245, 7116, 23400, 25791, 2721, 15489, 6031, 5092, 7787, 27307, 28552, 4161, 10270, 5192, 8788, 17138, 13389, 21944, 22079, 16676, 23385, 11760, 13846, 17643, 17325, 11672, 22694, 9475, 15456, 4370, 768, 20704, 17529, 6474, 4846, 5565, 6278, 2593, 21998, 21795, 10679, 16158, 4676, 9945, 16454, 26415, 24946, 20654, 16473, 10380, 871, 13107, 19901, 6337, 9274, 22333, 26184, 20080, 18953, 17370, 6295, 19054, 11859, 18179, 12478, 18316, 27025, 24970, 9650, 1361, 1025, 22842, 24509, 10680, 20193, 19050, 5833, 26770, 5319, 15077, 27142, 17970, 17603, 5792, 12170, 7710, 27299, 27020, 15852, 13102, 12905, 4041, 12342, 5483, 7310, 9942, 8325, 11686, 7213, 8645, 5502, 16251, 5064, 18944, 26000, 17760, 23552, 12437, 22680, 27699, 22428, 11860, 8995, 26801, 4371, 11959, 23365, 24430, 10864, 15049, 8914, 17259, 21483, 9019, 24646, 8009, 14739, 14294, 4935, 9356, 26859, 14407, 27580, 13227, 25886, 22963, 14225, 17414, 4871, 9471, 25663, 25362, 25937, 1612, 28620, 9001, 16340, 16589, 22737, 10652, 10114, 3724, 14483, 5658, 3427, 15313, 12070, 16012, 21901, 14452, 22201, 4869, 13834, 13237, 27501, 4138, 4061, 17969, 4324, 3013, 5051, 
Weights: 0, 297.172, 11.89, 920.341, 0, 285.233, 11.5895, 590.158, 1986.82, 0, 0, 426.515, 364.157, 18.6016, 0, 488.418, 0, 0, 0, 0, 27.675, 0, 0, 64.6486, 0, 0, 3.68117, 0, 0, 7.5239, 0.504644, 0, 0.795566, 21.7456, 314.653, 535.611, 2.02552, 0, 0, 87.1738, 2.25974, 0, 131.715, 0, 1.05257, 35.7188, 9.34808, 643.719, 3057.6, 0, 1.57761, 0, 6.64194, 17.5649, 0, 0, 0, 0, 4.57978, 0, 27.8704, 1191.42, 580.234, 5024.14, 2708.5, 1.32511, 0, 292.072, 0, 11.9753, 0, 68.779, 9.18555, 32.9122, 0, 0, 12.7155, 4.93671, 45.4558, 0.422038, 4.68573, 3458.3, 0, 29.8174, 15.2777, 387.018, 0.920243, 0, 5.42354, 376.826, 17.2256, 1.16236, 0, 2.59405, 705.932, 4.12753, 0, 1.65336, 0, 1.95917, 0.978011, 108.174, 49.2643, 0.854818, 6.16718, 1460.09, 72.3163, 0, 1.08457, 1625.18, 50.3987, 0, 0, 444.122, 0.991533, 0, 555.837, 100.442, 0, 61.5419, 0.764635, 1.67321, 0, 8.24909, 0.977357, 0, 0, 0, 0, 3484.17, 1.22231, 4594.68, 710.579, 0, 0, 1192.79, 2243.81, 605.662, 58.4432, 1339.69, 0, 0, 8.16789, 200.862, 0, 17.0894, 0, 0.964724, 66.43, 0.0233838, 0, 76.2721, 0.833286, 0, 0, 343.195, 1.00067, 0.479144, 0.332718, 8.36926, 10.895, 0, 0, 19.1211, 0, 23.3244, 702.607, 5.77089, 0, 178.548, 0, 965.754, 0, 3.88821, 8.10027, 32.6964, 60.0871, 10.4713, 0, 0, 610.215, 196.773, 0.990418, 6589.49, 19.9052, 0.465905, 0, 0, 76.9151, 0, 29394.6, 228.458, 157.099, 4.26415, 0, 7.87341, 0, 0, 19.5365, 1.03016, 0, 298.879, 0, 0, 0, 0, 0, 0, 
n_nonzero: 131

Running time so far: 67.3693s

