n_tets: 48
relErr: 0.547681
Selected tets: 20227, 7158, 12249, 20491, 1852, 17144, 17447, 27511, 21389, 4497, 5016, 8905, 19850, 28665, 25016, 26706, 23953, 5251, 18745, 11531, 24173, 26417, 6142, 15927, 14609, 7866, 13926, 29492, 18163, 6160, 25344, 7382, 22708, 4992, 22649, 23867, 931, 21067, 15576, 19480, 9281, 22115, 1551, 23380, 14130, 16661, 21751, 23344, 
Weights: 2322.97, 0.493978, 1560.08, 762.99, 3447.12, 992.205, 9648.52, 0.54358, 1461.78, 1174.6, 0.614399, 23.6837, 0.769143, 0.422225, 1.96662, 774.859, 1015.09, 44.855, 299.908, 544.319, 1.35526, 20.1258, 215.764, 1305.22, 8460.69, 101.075, 10.8076, 3.34346, 18.3635, 1107.52, 0.972968, 542.34, 0.488893, 240.145, 0, 1.06487, 1726.78, 0.79331, 0.934825, 1051.95, 3.34588, 49.5767, 9.01234, 708.739, 247.206, 4.11586, 610.503, 1.59889, 
n_nonzero: 47

Running time so far: 42.9682s

