n_tets: 246
relErr: 0.137918
Selected tets: 11653, 17340, 29124, 23576, 14512, 19181, 26439, 14755, 7643, 20581, 27376, 9208, 22436, 17370, 29530, 12686, 9765, 5093, 27829, 5223, 10587, 2282, 28753, 4945, 11956, 10685, 27251, 12253, 14924, 23185, 4460, 21799, 19166, 25112, 6928, 19480, 3092, 14022, 13107, 26027, 22837, 24849, 10400, 3918, 14873, 8521, 25376, 16928, 21411, 12601, 15774, 17871, 16874, 12159, 211, 14017, 13163, 9065, 1531, 2956, 17173, 3391, 5773, 4144, 21586, 2015, 4242, 10516, 3130, 9781, 17745, 21040, 4087, 6192, 18687, 12445, 18806, 18181, 18118, 29685, 25223, 29272, 14235, 13331, 14252, 7433, 4876, 27465, 26924, 24111, 15127, 12545, 1301, 12638, 17226, 27963, 13006, 8509, 4076, 4090, 17307, 29291, 13065, 25831, 13257, 13249, 11066, 17692, 8294, 22721, 58, 16989, 21930, 4862, 19164, 12648, 19562, 21931, 13189, 17545, 21566, 26415, 4158, 3086, 11038, 3042, 25613, 20749, 6798, 3708, 13372, 7471, 1543, 28971, 27681, 20835, 17875, 24336, 41, 6697, 6692, 13255, 24075, 4099, 2562, 1210, 2438, 4138, 5887, 20612, 28775, 29564, 9209, 19028, 18599, 26770, 14870, 2871, 8964, 23758, 2988, 15131, 18547, 25219, 3468, 12293, 2092, 9272, 13333, 7319, 3212, 7494, 24074, 25468, 22122, 4379, 247, 6064, 4978, 10886, 1939, 13594, 21540, 14869, 3129, 14108, 8963, 12795, 29093, 5006, 19188, 10087, 8534, 2248, 27931, 2446, 25795, 18900, 8653, 14943, 2812, 2217, 29296, 28782, 9559, 21178, 14879, 23894, 5282, 2822, 25722, 12930, 20491, 21116, 12983, 19992, 13827, 21708, 28958, 22121, 6263, 19404, 22329, 6814, 8573, 20234, 23818, 19328, 18177, 5968, 6880, 12045, 8298, 26308, 5523, 3844, 14012, 17228, 22549, 5417, 1089, 13268, 20166, 9028, 14082, 17803, 
Weights: 0, 226.312, 0, 0, 0, 1035.21, 0, 0, 1.24486, 3.83394, 0, 1.12491, 0, 448.906, 0, 380.95, 220.121, 0, 1.94745, 0, 0, 0, 0, 1.5463, 0.703214, 0, 0.998678, 0, 16.4943, 0, 0, 0.966268, 0.96978, 27.8121, 0, 0, 0, 0, 0, 0, 643.5, 0, 0.981219, 311.233, 625.63, 0.541576, 0, 0, 63.2138, 7.96864, 0, 0, 494.468, 0, 1.05497, 539.406, 0, 0, 1050.07, 1231.44, 0, 0, 0, 0, 0.752649, 2423.54, 0.763112, 65.9935, 429.619, 0, 94.5282, 0.585216, 0.956142, 887.834, 448.533, 0, 0, 1.21451, 1.4209, 0, 29.7441, 2.17509, 0, 1.12557, 3.89835, 0, 0, 474.055, 0, 29.7604, 43.6951, 0, 132.329, 0, 414.853, 0, 1.99543, 119.597, 236.786, 0.875345, 0, 0.326239, 0.979658, 2199.61, 274.37, 535.42, 0, 0, 0.996408, 9.50172, 0, 0, 0, 1078.75, 2.75419, 0, 8.7803, 0, 0, 283.395, 48.36, 0, 0, 0, 0, 0.767922, 0, 839.207, 0, 0, 2071.65, 5.87587, 0.8656, 288.864, 894.5, 0, 1.0012, 0, 153.98, 0, 2.1678, 0, 0, 0.889964, 0.685829, 0, 18.7277, 0, 0, 327.594, 18.0357, 1.04837, 1.02465, 1.30587, 0, 0, 0.934071, 626.08, 11.0033, 0, 1.20842, 832.214, 0, 56.1389, 0, 0, 0, 0, 0.931436, 0, 0, 342.388, 229.345, 268.601, 0, 359.652, 0, 1.32527, 0, 0, 0.99531, 0, 0, 0.911971, 0, 0, 0.286135, 1.0083, 3831.87, 20.5934, 918.71, 0, 4.66991, 0.218984, 0, 0, 28.9414, 1.5054, 39.2236, 0.980494, 11.4226, 0, 0, 1.40584, 1.00846, 1.02946, 179.74, 0.635238, 0, 0, 7.3442, 0, 0, 1.36496, 4.98877, 0, 2693.28, 577.696, 0, 124.501, 1.0938, 0, 793.624, 1012.33, 0, 0, 0, 0, 3.4708, 43.4543, 0, 1.8893, 34.0814, 0, 0.848344, 381.605, 0, 0, 0, 0, 0.971384, 0, 8.87142, 0, 0, 40.9111, 
n_nonzero: 132

Running time so far: 402.767s

