n_tets: 143
relErr: 0.362964
Selected tets: 32562, 42675, 7400, 38757, 28732, 43879, 34020, 14663, 14859, 42759, 22443, 10634, 5978, 37804, 28795, 28803, 32402, 41971, 29320, 20127, 20195, 11336, 44942, 27216, 22250, 1961, 39019, 20950, 16309, 24941, 28091, 39255, 43258, 1820, 33980, 29553, 38698, 38867, 4042, 8391, 31826, 7766, 16138, 3845, 43883, 2979, 24124, 29217, 10435, 21177, 4725, 20125, 17790, 22361, 19515, 36163, 28351, 29877, 21975, 13782, 29410, 18013, 10363, 4301, 8559, 33077, 16720, 37321, 12683, 5310, 10419, 1617, 8545, 39181, 19418, 34555, 18584, 44231, 1634, 2543, 15819, 38626, 28706, 19861, 19504, 38079, 24500, 34060, 33978, 25061, 12813, 42805, 38847, 24400, 43881, 44735, 15828, 26515, 9529, 38938, 38101, 6030, 4723, 31818, 31854, 44288, 21500, 41986, 6077, 13145, 35241, 13885, 43848, 22347, 16513, 13068, 13783, 9176, 13091, 24881, 39288, 16805, 14512, 15569, 4205, 11311, 37438, 6488, 4814, 18026, 14017, 3963, 41982, 18898, 34055, 39884, 41978, 33025, 12113, 1783, 27313, 6489, 6721, 
Weights: 2027.54, 7514.49, 105.2, 1.00304, 4552.36, 17.9447, 102.992, 0.998944, 2.39413, 0, 62.6208, 2088.7, 1728.35, 1.14767, 2.04929, 28.9463, 977.944, 23.1037, 306.972, 0, 0, 0.51907, 0, 0, 1330.94, 1.58173, 0.738519, 396.328, 0, 0, 1002.12, 0, 0, 1.07176, 2.44262, 379.44, 0.940094, 0.224847, 582.395, 1.08292, 221.389, 0, 0, 1712.69, 0.603658, 7.1098, 0, 0.922706, 48.2973, 0, 26.4683, 1.02884, 2.21638, 0, 14.576, 6.69851, 317.858, 0, 26.5276, 0, 0, 1099.53, 940.246, 54.832, 359.397, 0.921517, 0.95983, 2528.1, 1.05175, 8.18293, 0, 26.289, 3.27857, 59.3813, 1393.93, 0, 0, 63.3879, 775.924, 0, 559.268, 1.49902, 0, 0, 109.677, 2876.26, 857.353, 100.653, 133.085, 24.204, 1.60367, 0, 1.3032, 0, 1.04877, 589.987, 574.648, 0.789186, 0.942419, 0.931074, 3.9569, 0, 0.389557, 40.8238, 185.75, 0, 2074.71, 0, 0, 1.90923, 0.99741, 1484.55, 0, 0.990305, 0, 74.3184, 1.40382, 1996.47, 0, 842.221, 0, 92.4549, 986.285, 0, 3912.55, 0, 0, 355.974, 2.21886, 17.1847, 0, 1.14789, 33.31, 0, 0, 113.524, 1.35636, 241.391, 1.03895, 13.0209, 3.98278, 0.760964, 113.526, 
n_nonzero: 104

Running time so far: 82.9326s

