n_tets: 240
relErr: 0.31694
Selected tets: 32562, 2811, 43286, 18384, 24071, 43879, 16774, 30220, 11939, 42759, 7052, 32003, 35144, 42003, 33866, 29492, 8491, 24035, 42965, 39954, 22963, 4138, 31870, 3748, 12100, 37253, 43894, 39169, 3981, 8750, 28805, 7987, 34335, 1820, 3010, 14249, 41973, 33171, 1548, 5577, 44247, 15450, 16138, 30782, 15187, 2979, 15401, 42531, 22322, 39851, 12243, 20125, 42722, 36310, 10559, 17140, 2881, 18193, 35613, 6158, 14859, 20282, 1614, 20754, 22402, 21249, 44411, 37958, 12145, 31817, 27313, 1617, 8545, 42402, 2808, 34094, 17166, 22361, 20239, 23424, 25091, 3675, 44291, 41901, 22443, 43847, 36484, 32063, 21164, 23010, 44985, 22568, 29135, 16786, 15437, 31085, 15828, 20995, 8104, 29493, 19856, 34505, 8800, 31818, 41983, 22293, 38968, 41986, 38872, 13502, 13860, 9257, 15863, 35680, 13784, 23461, 13783, 22357, 34425, 4284, 44199, 1355, 31852, 39840, 21645, 10464, 44233, 43420, 5461, 18026, 12209, 36115, 3532, 39899, 1076, 44183, 27903, 38853, 29495, 23371, 4723, 14040, 6260, 41971, 3901, 20930, 30753, 44223, 42882, 27475, 18852, 7178, 11694, 20469, 7766, 7341, 15373, 38068, 32044, 32236, 9328, 15858, 4085, 23484, 310, 42311, 14263, 19369, 2382, 37423, 14447, 38754, 30837, 19854, 35495, 12085, 23553, 31828, 19012, 26974, 41990, 18853, 39167, 26374, 11315, 8391, 18714, 40986, 33727, 33142, 30949, 29702, 40118, 29905, 13322, 31833, 6572, 28587, 29286, 6594, 29913, 35515, 44066, 39021, 10420, 9923, 38661, 44055, 31995, 5221, 13020, 42235, 44927, 41309, 3900, 14582, 12146, 3881, 33764, 32136, 17597, 14374, 32001, 38885, 34100, 10790, 10818, 9326, 38513, 14789, 16308, 22248, 22319, 42251, 5010, 7202, 5352, 17793, 38262, 6185, 
Weights: 1828.87, 0, 64.0137, 0, 610.519, 0.948771, 4.27264, 0, 0, 0, 0, 537.479, 0, 1.05064, 0.90152, 1.95972, 0, 0, 0, 1.36062, 11.3733, 0, 525.594, 1561.67, 1.67825, 0, 1.34276, 0.58319, 3234.74, 0, 0.824903, 174.836, 15.3828, 1.0159, 76.2684, 0, 1.78338, 192.382, 160.176, 0, 32.2328, 116.631, 1.96504, 147.368, 45.6552, 0.939386, 0, 32.7015, 2.95366, 39.2526, 58.1588, 0, 0, 867.039, 0, 1.04609, 28.4894, 0, 1.00643, 0, 0.813883, 159.893, 0, 0, 2.19243, 251.872, 2.99671, 1022.02, 61.9309, 0, 29.1282, 80.1375, 1.01163, 114.129, 0, 53.5111, 309.983, 1.62533, 47.0283, 16.4059, 1488, 0, 0, 1031.4, 0, 58.0707, 0, 94.1756, 538.433, 0, 1.31287, 26.6551, 0.458071, 694.071, 459.274, 0, 9.70067, 275.359, 901.867, 0, 1.0165, 0, 20.8553, 2.49121, 3.96887, 0, 0, 0.691675, 3.60409, 2.53223, 1.00878, 240.377, 5.24965, 25.3149, 0.966727, 101.631, 1.59526, 14.7475, 0, 800.548, 13.0817, 29.2354, 1.10188, 0, 328.676, 0, 0, 0, 0.959894, 6.05495, 1.23622, 251.916, 0, 0, 528.58, 0.884627, 0, 0, 489.086, 0, 1.03574, 1798.71, 1907.93, 1.5612, 0, 1.28992, 416.732, 10.4996, 0.868314, 154.791, 0.974441, 1.37718, 1762.62, 424.748, 5.38667, 34.6526, 0, 218.219, 0, 0, 3.90658, 0.220357, 2.50062, 0.860579, 8.36127, 61.897, 0, 125.271, 0, 0, 36.2373, 0, 2.34872, 2.1439, 477.005, 0, 1519.47, 0, 131.969, 0, 2.24108, 0, 0, 0, 2.27754, 0.574805, 1411.6, 1.33626, 0.933547, 380.09, 5.92371, 0, 585.927, 0.779582, 0, 2.16512, 0.680018, 30.8185, 1.77069, 0, 2.74931, 0, 21.9555, 2.30042, 0.176922, 145.624, 0.33079, 0, 120.625, 21.8907, 237.782, 10.3778, 0, 0, 17.3829, 0, 1.75049, 0, 3790.59, 1763, 0.945957, 0, 1695.6, 0, 1445.8, 0.540972, 1.32961, 20.0107, 0.872129, 0, 0.88783, 201.523, 481.598, 0, 0, 364.549, 0, 0.974315, 0, 2.16938, 
n_nonzero: 165

Running time so far: 170.933s

