n_tets: 8
relErr: 0.0525946
Selected tets: 20227, 4931, 8716, 7357, 1252, 24025, 17216, 17029, 
Weights: 2692.65, 1283.53, 470.379, 7639.05, 204.064, 974.579, 12532.5, 909.35, 
n_nonzero: 8

Running time so far: 2.78257s

