n_tets: 54
relErr: 0.127092
Selected tets: 51214, 33828, 1062, 17144, 34560, 57384, 71719, 24860, 79148, 18752, 26715, 54341, 55661, 18058, 79674, 58394, 47832, 65101, 75225, 78581, 38437, 11094, 31923, 65333, 25095, 40130, 52248, 14997, 55192, 55830, 47691, 20698, 60654, 45641, 58865, 6073, 6794, 65212, 50539, 8071, 42782, 6772, 53911, 40232, 61256, 1986, 27703, 1391, 9638, 22689, 60071, 57016, 31921, 26997, 
Weights: 2482.34, 0, 0, 3393.67, 731.969, 0, 579.57, 0, 0, 14.0987, 4962.62, 865.649, 7079.94, 0, 5.82978, 0, 0, 10964.8, 5734.57, 225.399, 0, 0, 0.987267, 63.6338, 0, 0, 0, 0, 0, 4252.72, 3771.37, 678.39, 1328.96, 4565.21, 0, 0, 11655.6, 8.92519, 0, 3721.07, 0, 96.5695, 5868.58, 0, 0, 0, 0, 0, 1061.33, 0, 0, 1229.42, 0, 2222.08, 
n_nonzero: 27

Running time so far: 40.4354s

