n_tets: 30
relErr: 0.317895
Selected tets: 99, 70, 175, 89, 182, 185, 93, 65, 119, 95, 172, 33, 138, 137, 202, 77, 107, 18, 39, 57, 147, 198, 186, 167, 20, 123, 44, 184, 199, 135, 
Weights: 50.2006, 39.1612, 50.6998, 1.05133, 10.8511, 0.943712, 1.01298, 10.819, 0.403235, 35.045, 12.1927, 135.77, 0.244027, 0.995319, 1.42212, 1.01693, 0.939485, 1.73348, 0, 1.42692, 14.3635, 0.385922, 0.860533, 23.5555, 15.1694, 2.72126, 2.06181, 0, 0, 12.9372, 
n_nonzero: 27

