n_tets: 77
relErr: 0.0609138
Selected tets: 13986, 9874, 28312, 13284, 1214, 27342, 6233, 24777, 25350, 11692, 1312, 15251, 11970, 6638, 15836, 26177, 12232, 22738, 4998, 19909, 19835, 19799, 18800, 1088, 9388, 8792, 10521, 18579, 21869, 15721, 6623, 9788, 186, 26553, 20056, 12458, 20950, 21067, 20597, 24495, 27104, 6222, 215, 3129, 4136, 8521, 23166, 15194, 25355, 2064, 2824, 7633, 5419, 1906, 17492, 17558, 1541, 191, 20393, 11877, 24089, 7382, 27757, 10960, 21177, 9228, 11678, 14312, 13939, 5052, 4979, 13407, 22993, 20059, 21061, 17591, 18961, 
Weights: 624.945, 1207.14, 1141.33, 0, 47.5094, 633.291, 647.34, 2295.91, 852.461, 0, 2855.75, 0, 0, 401.035, 371.422, 0, 0, 0, 183.532, 309.708, 269.147, 0, 377.568, 0, 1735.22, 802.158, 114.306, 203.576, 200.682, 893.453, 6.9385, 981.93, 365.177, 325.312, 114.695, 204.71, 1182.42, 20.7363, 91.6018, 421.088, 263.492, 0, 0, 64.0772, 259.972, 123.404, 502.166, 1189.56, 550.105, 0, 0, 1134, 335.365, 250.252, 0, 1439.55, 128.62, 512.573, 1084.2, 891.51, 1027.23, 186.887, 262.678, 14.3749, 1.55934, 101.829, 1088.85, 71.4613, 0, 564.392, 51412.2, 313.205, 178.596, 238.365, 0, 330.395, 477.648, 
n_nonzero: 61

Running time so far: 16.8612s

