n_tets: 90
relErr: 0.536081
Selected tets: 1842, 1597, 1136, 1224, 452, 822, 1277, 1021, 1856, 1431, 1326, 1875, 1870, 1851, 345, 1428, 475, 146, 405, 1311, 292, 520, 1854, 1332, 427, 731, 489, 1198, 50, 262, 363, 252, 1206, 955, 462, 435, 59, 874, 21, 246, 1652, 1143, 1790, 593, 559, 1457, 1627, 880, 849, 30, 1051, 455, 619, 281, 1638, 1583, 1341, 1102, 1503, 1210, 108, 504, 1159, 238, 682, 1427, 848, 5, 1194, 536, 529, 697, 881, 840, 1454, 1977, 1319, 638, 609, 1490, 1446, 502, 1578, 1868, 1761, 1628, 1351, 305, 447, 1392, 
Weights: 206.96, 210.731, 567.746, 0.4377, 1.05182, 0.989936, 80.0866, 1.06097, 0.924705, 1.04738, 412.502, 0.982121, 1.91203, 0, 1.77717, 1.2849, 1.20858, 0.823564, 0.878611, 0.938744, 17.8292, 0.986469, 1.10062, 0.787231, 0.899805, 1.82585, 0.899097, 0.998735, 1.32647, 0.950098, 1.38621, 0.997055, 1.02472, 0.886657, 1.08367, 0.960703, 1.07611, 0.976806, 0.885747, 1.02879, 367.762, 0.947665, 134.865, 4.44059, 0, 16.8847, 1.03075, 3.37463, 0.977835, 0.583102, 1.04409, 0.947838, 1.01524, 0.390879, 0.996711, 1.05857, 0.822588, 0.928073, 1.10006, 1.25225, 1.50047, 1.55637, 0.500389, 0.895869, 0.749619, 0.699565, 22.9978, 0.983281, 1.04497, 1.10376, 0.993721, 1.79845, 1.30088, 1.10055, 1.02525, 1.31674, 1.22106, 0.893017, 1.06232, 1.08135, 59.6667, 0.960922, 0.765299, 0.895233, 1.04819, 0.855969, 22.7549, 1.07643, 0, 1.03216, 
n_nonzero: 87

