n_tets: 195
relErr: 0.485582
Selected tets: 25939, 699, 8335, 12763, 14231, 4944, 1622, 18088, 45004, 33142, 17824, 26526, 34964, 29197, 41971, 4088, 9429, 28182, 37261, 22357, 32934, 24473, 44764, 29504, 14031, 10997, 2671, 39876, 22778, 17576, 37292, 27223, 35427, 992, 44953, 24904, 3681, 38672, 1548, 31816, 41017, 24340, 43890, 37493, 13703, 2979, 44748, 25368, 42705, 17570, 44816, 26508, 35141, 37485, 10559, 29550, 11894, 42687, 14294, 10567, 44291, 3093, 36649, 31115, 10652, 27915, 12262, 13861, 21682, 8391, 32080, 39501, 15389, 22564, 6641, 44226, 9963, 21658, 15930, 30067, 3006, 21196, 13786, 12178, 10960, 16308, 20405, 29476, 21551, 39865, 22699, 11408, 2945, 9729, 25223, 6191, 26836, 21676, 4089, 30066, 43910, 36640, 972, 29098, 14460, 18208, 21553, 21568, 32237, 17740, 36645, 12078, 29904, 10553, 4052, 21657, 11683, 43884, 31408, 10555, 3311, 39925, 3361, 19374, 44196, 21653, 7316, 44751, 4814, 10744, 44907, 19750, 5691, 44610, 20952, 18420, 16029, 1067, 42018, 7042, 18157, 37476, 24761, 22356, 29787, 21459, 39190, 42950, 37879, 34345, 17813, 5267, 2719, 6614, 4734, 38635, 44725, 33165, 10223, 2802, 42722, 21635, 11445, 38627, 5051, 3162, 3682, 8151, 13198, 44638, 45123, 22442, 17577, 5566, 42694, 503, 24416, 15833, 34961, 14583, 37358, 15224, 17815, 29472, 11315, 11928, 10226, 19391, 9876, 39238, 4583, 25645, 1339, 34958, 44906, 
Weights: 3108.03, 2097.65, 1923.29, 1652.98, 1.44786, 0, 0.715595, 1605.97, 106.171, 4.26988, 0.926403, 1.28307, 5.12453, 629.356, 8.54389, 8.79903, 66.5969, 65.2492, 5.0866, 1.25067, 5005.67, 4.13599, 0, 7.91918, 0, 211.829, 1895, 582.395, 0, 0.137257, 0, 1.32007, 699.19, 38.2433, 0.958556, 59.5991, 1.07508, 0, 11.0118, 596.052, 6.85073, 9.71166, 0, 0, 0, 1.06212, 0, 0, 0.878903, 3.32001, 0, 0, 0.907746, 0, 0.919554, 4.45048, 12.0488, 40.0839, 0.63481, 63.8079, 1.40311, 0, 25.9526, 955.749, 8.78517, 999.645, 9.85394, 22.8784, 21.9244, 0.322352, 0, 0.894852, 1.88532, 0.982954, 0, 0, 4.21219, 0.301469, 0.946085, 0, 13.5604, 7.96392, 3.81856, 0.397456, 1.01015, 86.4363, 2916.63, 4.57084, 0, 78.5209, 57.8013, 1.14955, 17.215, 49.3532, 16.7741, 42.337, 0, 3.17017, 8.42573, 0, 488.253, 1352.94, 1.01798, 3.18659, 0.990233, 0, 6.62269, 3.2655, 0, 0, 0, 1154.3, 1.22051, 0, 0, 0.231256, 1.02329, 0.636573, 0, 2509.23, 0, 0, 0, 33.1283, 2.14157, 1.45646, 0, 0, 0.977056, 4.92077, 14.3039, 2103.89, 1.05878, 1.11587, 0, 248.415, 190.445, 765.064, 0, 48.3903, 295.966, 0, 0, 3.70912, 93.0095, 16.1241, 1.05774, 193.437, 31.9541, 0, 0.99683, 0.928192, 2231.43, 216.231, 1.8358, 1.15972, 0.596223, 0, 1.58617, 0.0498991, 131.398, 48.1638, 0.98744, 0, 0.987908, 1.46192, 0.488081, 0.651415, 8.2039, 1.09829, 34.2783, 899.949, 0.928098, 0, 0, 2.02067, 1692.82, 0, 23.3472, 0.792501, 10.7294, 1.43422, 1.11477, 1.77611, 0, 0, 0.019008, 65.5595, 0, 0, 97.0904, 2398.72, 3.37892, 55.8703, 0, 
n_nonzero: 146

Running time so far: 106.832s

