n_tets: 220
relErr: 0.31904
Selected tets: 1842, 1597, 1136, 1224, 452, 822, 1277, 1021, 1856, 1431, 1326, 1875, 1870, 1851, 345, 1428, 475, 146, 405, 1311, 292, 520, 1854, 1332, 427, 731, 489, 1198, 50, 262, 363, 252, 1206, 955, 462, 435, 59, 874, 21, 246, 1652, 1143, 1790, 593, 559, 1457, 1627, 880, 849, 30, 1051, 455, 619, 281, 1638, 1583, 1341, 1102, 1503, 1210, 108, 504, 1159, 238, 682, 1427, 848, 5, 1194, 536, 529, 697, 881, 840, 1454, 1977, 1319, 638, 609, 1490, 1446, 502, 1578, 1868, 1761, 1628, 1351, 305, 447, 1392, 534, 1535, 198, 1032, 853, 1775, 949, 432, 36, 1926, 1119, 324, 1932, 595, 122, 1515, 1779, 753, 767, 1544, 1370, 1197, 1157, 1566, 1005, 1417, 732, 573, 235, 975, 838, 1462, 1009, 105, 918, 13, 1442, 329, 623, 921, 780, 1233, 808, 1883, 1852, 1873, 1642, 540, 199, 380, 1534, 1613, 960, 899, 1393, 1742, 1359, 1044, 1396, 53, 631, 625, 932, 1018, 634, 1376, 75, 812, 89, 334, 260, 839, 1867, 1251, 60, 1855, 201, 1675, 1343, 1440, 615, 1862, 580, 1364, 789, 1911, 2, 1016, 482, 488, 337, 1629, 1452, 40, 38, 1, 589, 440, 503, 1436, 1853, 1928, 721, 944, 856, 1796, 385, 1866, 1784, 1238, 911, 29, 232, 950, 643, 630, 16, 1550, 1549, 1239, 1532, 1934, 726, 535, 1403, 1375, 449, 1296, 1267, 1366, 
Weights: 8.03366, 170.275, 259.542, 0.948927, 1.21732, 1.0063, 47.0736, 1.07021, 0.973957, 1.04238, 196.941, 0.970575, 1.2471, 0, 2.06857, 1.21588, 1.06815, 1.68011, 0.985745, 0.903805, 12.0054, 1.06146, 1.1374, 0.92186, 0.962487, 1.96095, 0.808392, 0.9964, 1.07708, 0.941591, 1.47837, 1.04433, 1.01694, 0.521289, 0.978217, 0.990209, 1.00165, 0.928524, 0.593176, 0.9809, 222.784, 1.01594, 0, 4.3156, 0, 3.5486, 1.00594, 2.32813, 0.611203, 0.903041, 1.01454, 0.997298, 1.02609, 0.996311, 0.978826, 1.06359, 0.894626, 0.955964, 1.11566, 1.16722, 0.893037, 1.26518, 0.8829, 0.939415, 1.03232, 0.817476, 4.32128, 0.910685, 1.00096, 1.09986, 1.00494, 1.46507, 1.06246, 1.15446, 1.08139, 0.869196, 1.27396, 0.997687, 1.03652, 1.0075, 51.8493, 0.99981, 0.469681, 0.98493, 1.04798, 0.921708, 16.694, 1.17685, 0, 0.94994, 1.00848, 1.00566, 1.50988, 1.03779, 34.9666, 0.983711, 0.802629, 1.04936, 1.69196, 2.04257, 0.568216, 1.01317, 4.65744, 67.0869, 6.33167, 2.05136, 1.03506, 0.914241, 0.949797, 0.951925, 2.64692, 3.8723, 0.0866666, 0.979328, 2.05772, 1.01385, 2.55313, 1.62284, 258.054, 34.8172, 1.01645, 44.1926, 1.02005, 11.6063, 0.766957, 0, 2.77424, 1.14826, 0.913494, 1.54377, 0.757041, 1.12616, 40.8506, 1.22049, 0.990307, 0.992206, 1.01309, 1.01087, 0.910392, 0, 0.986428, 0.853753, 9.81171, 0.980859, 1.0028, 0.626345, 0.937965, 1.02952, 1.0106, 1.33848, 0.955394, 1.01379, 0.995302, 1.5138, 1.11521, 0, 86.2094, 74.7813, 0.54484, 1.07752, 0.950583, 1.00009, 0.673885, 8.61931, 0.972512, 0.891789, 17.1916, 0, 0.2042, 0.542831, 0.977133, 100.601, 1.03833, 0.602854, 0.907779, 0.932173, 0.930728, 36.0025, 0.926317, 1.03819, 1.09149, 0.921896, 0, 1.0257, 0.191143, 1.16081, 1.19935, 52.2272, 6.51021, 0, 0.872869, 25.5086, 0.351414, 4.77799, 0.976332, 0.903297, 0.425787, 0.0692043, 201.887, 2.28564, 1.0958, 1.05943, 0.691385, 0.934321, 1.68979, 0, 2.71161, 167.8, 1.79929, 0.828341, 5.62293, 48.9049, 1.09937, 0.442675, 0.802601, 0, 1.08946, 0.452829, 0, 1.86391, 
n_nonzero: 207

