n_tets: 21
relErr: 0.0440967
Selected tets: 5051, 14243, 15979, 2849, 2048, 9521, 9, 18449, 13087, 18023, 3972, 9208, 6099, 2190, 14052, 17563, 27413, 25498, 14139, 20058, 3112, 
Weights: 3079.41, 624.291, 782.026, 592.512, 260.283, 1675.68, 10009.9, 7801.75, 2883.16, 1577.01, 4282.49, 305.021, 2994.02, 416.402, 642.934, 3726.66, 2809.85, 797.724, 0, 0, 2.98425, 
n_nonzero: 19

Running time so far: 14.2134s

