n_tets: 49
relErr: 0.829216
Selected tets: 39353, 30746, 4000, 127016, 137541, 34911, 37641, 157732, 144701, 119503, 23429, 100082, 33787, 34518, 4648, 100167, 102518, 30099, 56408, 130299, 92910, 162781, 123728, 2462, 149395, 154934, 52975, 42814, 1605, 164211, 144926, 131827, 48867, 58655, 54362, 77928, 157359, 77567, 119324, 56411, 32125, 41548, 35169, 73273, 134693, 137605, 55479, 69165, 144507, 
Weights: 4208.64, 2034.64, 8659.23, 0.84913, 0.727379, 32.7808, 4677.68, 2.55567, 2.21582, 25.8343, 24460.9, 19.1556, 0, 145.501, 0, 23739.9, 0, 3028.17, 1142.25, 0, 9643.76, 32.6164, 27719.9, 41.8961, 4.19955, 0, 0.994016, 690.322, 1757.91, 110.082, 0.752904, 3.34864, 185.337, 4015.89, 0, 2.48899, 1.30424, 0.865667, 0.621138, 1.1415, 1.18595, 479.725, 180.559, 28.7589, 3.50413, 1.80665, 1.43385, 1.43036e+06, 4458.78, 
n_nonzero: 43

Running time so far: 70.6393s

