n_tets: 40
relErr: 0.811747
Selected tets: 124375, 128391, 134415, 59101, 93396, 121790, 82838, 79239, 131994, 91751, 28145, 134502, 46542, 82970, 22431, 26017, 89393, 121237, 161983, 23284, 138593, 67843, 61709, 3828, 70448, 84754, 111041, 128557, 143674, 13689, 164006, 53053, 69463, 9277, 84811, 64575, 144972, 20862, 2462, 111426, 
Weights: 11008.8, 1418.88, 614.865, 3957.59, 1.70789, 2121.31, 1529.9, 16972.1, 2913.39, 11730.6, 28492, 13618, 1.0323, 2726.13, 129.641, 1553.63, 2.39913, 145.164, 191.518, 301357, 4.26591, 133.814, 1.03424, 339.908, 1.19391, 40.3355, 4119.94, 1358.59, 8751.43, 12089.3, 15055.9, 1.12176, 8.34744, 39970.8, 22.1233, 1.00317, 524.932, 1619.89, 50.2633, 3456.71, 
n_nonzero: 40

Running time so far: 55.566s

