n_tets: 154
relErr: 0.384387
Selected tets: 21500, 27848, 13245, 1062, 23629, 22890, 26439, 10395, 1762, 13239, 2064, 7179, 9472, 27723, 24981, 25538, 15997, 17901, 5546, 26161, 18850, 4761, 5565, 27606, 22601, 20170, 12812, 17721, 2763, 14933, 20973, 11971, 24234, 3854, 16524, 4933, 15470, 7354, 20470, 23593, 2716, 26312, 15489, 22202, 6495, 19403, 4175, 26183, 25581, 28594, 14670, 7776, 16251, 26302, 4498, 13334, 10833, 23642, 26751, 15401, 6651, 28287, 27213, 10437, 19522, 5873, 5967, 9001, 797, 5789, 26177, 1249, 10457, 25105, 1041, 8851, 16236, 21990, 4960, 14700, 6339, 7218, 5056, 17417, 22733, 16473, 5270, 8120, 15142, 25168, 14245, 22838, 19706, 2303, 5541, 1787, 9988, 25121, 27307, 22758, 27118, 5367, 28123, 24230, 19701, 5322, 6105, 22447, 788, 24371, 514, 5611, 12546, 18677, 22399, 17584, 15196, 5272, 26570, 6448, 7782, 6001, 9622, 19954, 24762, 16167, 24682, 4553, 6030, 2808, 6023, 1436, 6382, 28429, 28325, 17138, 24418, 21635, 3390, 10128, 4570, 15492, 18878, 1948, 13220, 3996, 7089, 20070, 4447, 18428, 24740, 635, 10056, 6121, 
Weights: 33.2882, 0, 2624.04, 0, 541.458, 2103.79, 408.882, 1.02381, 377.812, 0, 7.19265, 719.548, 746.272, 0, 19.2428, 0, 273.549, 890.596, 0, 321.389, 24.2654, 402.463, 128.864, 0, 0, 0, 0, 50.5036, 335.118, 0, 0.138298, 10.274, 5.38167, 14.4765, 32.876, 20.6522, 0, 1925.79, 0, 0.972432, 0, 3.47349, 0.710556, 46.1912, 1.76883, 694.51, 104.615, 1.00636, 0, 0, 0, 0, 1.14056, 0, 0, 26.7597, 449.015, 40.1641, 389.899, 0, 0.974879, 1.6789, 439.451, 1112.01, 1.88709, 101.864, 1263.48, 0, 0, 3401.84, 282.032, 242.178, 0, 83.2388, 1175.67, 0, 0, 5.3495, 0, 0, 16.5945, 0, 2.23197, 0, 745.601, 40.5307, 67.3639, 13.8515, 128.502, 0, 2173.23, 1.60346, 8302.13, 0, 0, 43.4157, 2657.13, 130.853, 0, 3.51663, 37.9005, 363.419, 0.29857, 244.155, 0, 41.2365, 1.24879, 23.3082, 2092.91, 38.0473, 108.634, 487.324, 880.621, 0, 0, 0.968901, 0, 0, 33.709, 0, 0, 9.87882, 0, 231.904, 15.6559, 0, 3497.67, 394.547, 0.831269, 154.194, 0, 465.626, 50.3688, 95.8187, 73.8265, 0, 0, 568.417, 2.87127, 0, 0, 1.0592, 155.093, 3.41178, 7.80713, 9.80281, 0.745567, 0, 12706.5, 0, 1272.68, 647.209, 580.995, 0.945172, 
n_nonzero: 104

Running time so far: 47.1462s

