n_tets: 108
relErr: 0.167391
Selected tets: 10555, 21616, 12946, 21677, 4748, 6996, 23325, 27965, 4263, 12045, 17320, 25683, 19465, 9519, 19914, 12330, 23888, 5093, 21360, 28276, 21477, 726, 19503, 27247, 19660, 8811, 19456, 1518, 11035, 8328, 15796, 13232, 19166, 13409, 6928, 11618, 25707, 19162, 2547, 15300, 2987, 17874, 23620, 1861, 15479, 1269, 22785, 25329, 27418, 10401, 17509, 29299, 4195, 25933, 24111, 12388, 15089, 13391, 10002, 20247, 6697, 16256, 19800, 1543, 21586, 15012, 15261, 18244, 12419, 5851, 4114, 13262, 4087, 12118, 14799, 19346, 18806, 6050, 5897, 19548, 27873, 14866, 12204, 6574, 615, 23457, 14449, 24519, 11464, 5283, 27830, 26024, 26451, 4776, 3022, 22444, 1404, 20672, 4294, 25936, 21442, 23021, 19072, 15701, 2551, 3044, 25426, 22905, 
Weights: 4772.47, 1159.3, 625.015, 656.178, 45.8257, 799.946, 877.051, 0, 1.66765, 12.8064, 0, 380.361, 1.01934, 1421.04, 548.855, 369.276, 117.857, 154.082, 0.984471, 1576.7, 2.03011, 0, 76.4059, 1.55642, 33.6988, 0, 1465.37, 0.878711, 30.5758, 601.645, 531.81, 6.40748, 0.508605, 0, 10.0939, 0, 1284.45, 160.009, 142.648, 0, 0, 2.49098, 197.084, 1.5539, 0, 0.444766, 2566.71, 128.796, 1532.42, 33.2697, 187.013, 488.196, 811.595, 0, 1.82051, 100.452, 1407.81, 314.218, 0.210346, 0, 97.7879, 0, 0.852958, 1.23148, 0.88788, 0, 0, 905.707, 31.2366, 0, 0, 0, 1.03384, 115.056, 199.431, 580.878, 1561.85, 0, 439.135, 50.3943, 902.201, 1.48525, 434.628, 0, 160.726, 15.3899, 72.2652, 20.7801, 526.73, 0, 27.878, 0, 0, 6.49129, 0, 3.2544, 288.709, 99.3547, 0, 62.6083, 1.12088, 2.33717, 34.9298, 340.809, 0, 727.845, 0, 0, 
n_nonzero: 81

Running time so far: 117.151s

