n_tets: 200
relErr: 0.185171
Selected tets: 13417, 13808, 28312, 14069, 12972, 8258, 18944, 8070, 481, 15775, 21730, 13395, 25325, 4033, 14210, 4406, 28758, 3292, 10851, 23758, 19900, 6591, 14973, 28694, 28842, 9171, 13131, 19233, 2668, 27964, 22780, 12583, 186, 25112, 5552, 2931, 25758, 2253, 27971, 14506, 13058, 21692, 6449, 11962, 5801, 25739, 11593, 17718, 14157, 5185, 24834, 6697, 808, 12454, 12031, 26393, 5141, 24502, 13201, 4846, 19037, 8572, 1861, 12, 22228, 2107, 7838, 15856, 22491, 12004, 21868, 27114, 6553, 20202, 1249, 28810, 6927, 18163, 24785, 20221, 6437, 16292, 20597, 22441, 14252, 20058, 29515, 13200, 15779, 4090, 8983, 4014, 24556, 4929, 3052, 3549, 21881, 9319, 1421, 11924, 11981, 20165, 14333, 18228, 21751, 9234, 7077, 28500, 3086, 28915, 11026, 4190, 22322, 29634, 4318, 7437, 19562, 11571, 6587, 18077, 19801, 18222, 9883, 29631, 2938, 3081, 6338, 28774, 29334, 23005, 15591, 15473, 15776, 12565, 21200, 18130, 13195, 20497, 14340, 28024, 16070, 8906, 27263, 3008, 2838, 13262, 6435, 9099, 19524, 9228, 17578, 14895, 11892, 12443, 14130, 20842, 15778, 6091, 18930, 11945, 4588, 23501, 7681, 4087, 1250, 19266, 5405, 22744, 21500, 22405, 18952, 3909, 21487, 22387, 29301, 15844, 393, 13335, 12359, 21875, 9139, 13967, 6627, 10705, 4555, 8195, 25421, 705, 14790, 11490, 21799, 7137, 8244, 21444, 12584, 14602, 12417, 27963, 9820, 23188, 
Weights: 217.141, 654.492, 209.048, 637.994, 519.38, 2548.69, 0, 142.398, 604.936, 1.0278, 5.26561, 0, 165.602, 0, 1773.46, 388.203, 80.2485, 245.738, 209.926, 627.361, 46.4177, 186.885, 48.6208, 358.376, 365.37, 287.166, 0, 0, 9.84797, 432.724, 248.857, 40.4327, 415.78, 99.8253, 491.527, 0, 0, 231.911, 0.96476, 146.933, 1.01074, 1.02119, 208.301, 55.1896, 333.066, 104.456, 96.0641, 0, 0, 0, 0, 62.9836, 0, 688.848, 40.4621, 1810.69, 258.048, 420.813, 301.262, 33.5307, 0.875035, 0, 1.18407, 0.780176, 535.374, 253.579, 148.199, 723.182, 260.877, 4.16043, 12.0645, 899.776, 147.2, 0, 583.466, 147.62, 122.865, 44.7629, 0, 19.588, 77.1936, 89.9995, 11.7127, 0, 76.6081, 1.08856, 169.684, 2.00654, 1.11887, 17.7391, 192.804, 68.4584, 0, 19815.1, 23.8716, 71.3617, 1.37704, 138.258, 0.943068, 104.583, 1.34325, 1.51357, 242.801, 568.57, 0, 232.846, 0, 459.284, 153.146, 194.57, 415.068, 71.12, 302.458, 0, 0, 179.822, 0, 0, 32.4434, 1109.98, 0.986129, 86.3425, 12.6035, 260.663, 490.339, 0, 277.033, 245.996, 0, 384.455, 186.172, 1.12978, 0.684296, 0.425006, 765.319, 1050.92, 13.8631, 107.315, 182.196, 53.4425, 0.727476, 0, 106.348, 2.2561, 0, 0, 1.00506, 149.483, 231.92, 32.5462, 0, 0.964318, 43.2571, 663.962, 1.16226, 209.867, 2.89742, 75.5471, 0, 0, 2.09286, 261.055, 29.0774, 1.14707, 20.769, 30.3106, 6.22675, 168.226, 322.684, 0, 0, 376.373, 52.8625, 0, 182.636, 308.955, 0, 172.351, 33.3324, 157.9, 70.5143, 76.438, 167.928, 230.505, 66.8294, 0, 339.998, 0, 0, 0, 0.938548, 0, 0, 0, 0, 175.959, 151.01, 584.914, 402.238, 2.76421, 
n_nonzero: 157

Running time so far: 78.7478s

