n_tets: 140
relErr: 0.451595
Selected tets: 1842, 1597, 1136, 1224, 452, 822, 1277, 1021, 1856, 1431, 1326, 1875, 1870, 1851, 345, 1428, 475, 146, 405, 1311, 292, 520, 1854, 1332, 427, 731, 489, 1198, 50, 262, 363, 252, 1206, 955, 462, 435, 59, 874, 21, 246, 1652, 1143, 1790, 593, 559, 1457, 1627, 880, 849, 30, 1051, 455, 619, 281, 1638, 1583, 1341, 1102, 1503, 1210, 108, 504, 1159, 238, 682, 1427, 848, 5, 1194, 536, 529, 697, 881, 840, 1454, 1977, 1319, 638, 609, 1490, 1446, 502, 1578, 1868, 1761, 1628, 1351, 305, 447, 1392, 534, 1535, 198, 1032, 853, 1775, 949, 432, 36, 1926, 1119, 324, 1932, 595, 122, 1515, 1779, 753, 767, 1544, 1370, 1197, 1157, 1566, 1005, 1417, 732, 573, 235, 975, 838, 1462, 1009, 105, 918, 13, 1442, 329, 623, 921, 780, 1233, 808, 1883, 1852, 1873, 1642, 540, 199, 380, 
Weights: 33.6455, 177.211, 346.82, 0.650378, 0.746599, 0.997201, 59.8801, 1.07806, 0.936979, 1.04474, 381.521, 0.953858, 2.34714, 0.572369, 1.98685, 1.26023, 1.00028, 0.687627, 1.0222, 0.963994, 13.7975, 1.06231, 1.13026, 0.892895, 0.914335, 1.99986, 0.958267, 0.994833, 1.30937, 0.964048, 1.37916, 0.931287, 1.02655, 0.361739, 1.04301, 0.95215, 1.07228, 0.904285, 1.08965, 0.954301, 323.995, 1.00576, 0, 4.41093, 0, 16.5932, 1.01926, 1.15601, 0.743313, 0.584671, 1.01958, 0.939372, 1.01622, 0.352667, 0.942958, 1.09486, 0.854683, 0.945876, 1.07757, 1.28145, 1.03374, 1.42758, 0.518316, 0.922693, 0.842163, 0.724181, 5.08817, 0.954122, 1.00971, 1.09967, 0.997694, 1.94104, 1.10562, 1.12729, 1.0454, 1.3416, 1.24202, 0.97213, 1.04185, 1.04217, 63.176, 0.975203, 0.530344, 0.91791, 1.03619, 0.823177, 17.6695, 1.19887, 0, 0.992878, 1.01735, 1.01563, 10.9497, 1.0389, 41.444, 0.932767, 0.73341, 1.10513, 1.03389, 3.38945, 0.627022, 0.949963, 4.17159, 175.787, 6.39846, 0.244243, 1.04849, 0.993839, 1.19939, 0.917329, 3.86488, 4.0536, 0, 0.964125, 0.446308, 0.730425, 2.74478, 1.56653, 358.945, 42.5961, 1.1717, 60.3775, 1.02573, 23.9173, 0.73745, 0.264367, 5.03209, 1.17925, 0.916382, 1.44061, 0.709891, 1.13044, 53.9977, 2.8734, 0.972075, 0.99491, 0.997002, 0.857927, 0.917896, 53.9709, 
n_nonzero: 136

