n_tets: 160
relErr: 0.329623
Selected tets: 32562, 2811, 43286, 18384, 24071, 43879, 16774, 30220, 11939, 42759, 7052, 32003, 35144, 42003, 33866, 29492, 8491, 24035, 42965, 39954, 22963, 4138, 31870, 3748, 12100, 37253, 43894, 39169, 3981, 8750, 28805, 7987, 34335, 1820, 3010, 14249, 41973, 33171, 1548, 5577, 44247, 15450, 16138, 30782, 15187, 2979, 15401, 42531, 22322, 39851, 12243, 20125, 42722, 36310, 10559, 17140, 2881, 18193, 35613, 6158, 14859, 20282, 1614, 20754, 22402, 21249, 44411, 37958, 12145, 31817, 27313, 1617, 8545, 42402, 2808, 34094, 17166, 22361, 20239, 23424, 25091, 3675, 44291, 41901, 22443, 43847, 36484, 32063, 21164, 23010, 44985, 22568, 29135, 16786, 15437, 31085, 15828, 20995, 8104, 29493, 19856, 34505, 8800, 31818, 41983, 22293, 38968, 41986, 38872, 13502, 13860, 9257, 15863, 35680, 13784, 23461, 13783, 22357, 34425, 4284, 44199, 1355, 31852, 39840, 21645, 10464, 44233, 43420, 5461, 18026, 12209, 36115, 3532, 39899, 1076, 44183, 27903, 38853, 29495, 23371, 4723, 14040, 6260, 41971, 3901, 20930, 30753, 44223, 42882, 27475, 18852, 7178, 11694, 20469, 7766, 7341, 15373, 38068, 32044, 32236, 
Weights: 2261.42, 0, 63.7047, 250.537, 0, 1.21798, 4.29056, 3678.27, 0, 0, 0, 577.503, 483.324, 1.05014, 3.39413, 0, 0, 609.063, 505.875, 1.34174, 89.448, 0, 301.918, 1653.85, 1.56874, 0, 1.35238, 0.574055, 3454.27, 0, 0.815569, 0, 18.2487, 1.01699, 86.913, 0, 1.83757, 54.3372, 113.688, 327.444, 32.1355, 176.569, 2.06471, 179.104, 470.32, 0.736769, 784.418, 36.6726, 5.78872, 45.081, 65.5516, 0, 0, 2039.21, 0, 1.91243, 27.308, 1085.5, 1.00541, 0, 0.812784, 200.193, 0, 0, 0, 289.646, 3.04846, 1413.32, 49.227, 0, 29.7436, 78.2048, 0.998732, 100.453, 0, 26.8634, 228.255, 1.63762, 327.847, 9.50512, 1439.12, 0, 0, 1019.79, 0, 62.6576, 432.481, 82.3458, 1381.71, 0, 1.3644, 26.1876, 0.65735, 786.121, 146.328, 144.52, 0, 260.455, 999.957, 0, 0.989384, 0, 22.8416, 2.23786, 3.99326, 0, 0, 0.6918, 3.54559, 2.52821, 1.00834, 269.185, 5.01833, 20.3094, 0.963466, 0, 2.80309, 14.1521, 0, 793.877, 12.6583, 0, 1.10495, 335.355, 354.96, 0, 0, 0, 0.94603, 6.10941, 1.24423, 582.513, 0, 0, 469.175, 0.891063, 0, 6.65518, 958.32, 0, 1.03483, 0, 372.631, 0, 0, 1.54726, 540.265, 10.5813, 3.46479, 882.338, 0.972572, 1.2819, 1521.56, 455.155, 5.2358, 0, 0, 145.203, 0, 0, 
n_nonzero: 113

Running time so far: 104.634s

