n_tets: 117
relErr: 0.795173
Selected tets: 124375, 91751, 46542, 22431, 161983, 143674, 164006, 144972, 111426, 5209, 47645, 101503, 131827, 42982, 77928, 75164, 151043, 139011, 23772, 79876, 64033, 103700, 162187, 162776, 157029, 124555, 118915, 110716, 157615, 120497, 4787, 79199, 128925, 67519, 51116, 109839, 113271, 161340, 136800, 102614, 5446, 51827, 134308, 47830, 113369, 60563, 95446, 140702, 127430, 163843, 83605, 140904, 8806, 4015, 58308, 3399, 143398, 90894, 65265, 30496, 58896, 95395, 155062, 50615, 48731, 60140, 37708, 162377, 86234, 100461, 88219, 159306, 142582, 161683, 110239, 92476, 1265, 82570, 37713, 114235, 1103, 4983, 122538, 6577, 12199, 139956, 124805, 10234, 38380, 35976, 57707, 80729, 133541, 163281, 85176, 38684, 163062, 115468, 97021, 121774, 3474, 3682, 2883, 51604, 15, 89292, 145172, 1547, 82719, 125373, 153458, 74371, 111925, 149314, 154784, 111770, 129183, 
Weights: 1818.91, 1434.36, 260.939, 2956.82, 1.50662, 520.295, 12769, 1566.88, 6946.15, 18800.7, 9768.09, 1.02054, 2518.79, 105.805, 104.03, 2.3745, 138.833, 209.725, 81294.3, 29.371, 120.691, 1.00019, 153.062, 1.20952, 29.3796, 2644.31, 1121.82, 725.249, 6069.64, 26859.9, 1.0381, 66.5158, 716.059, 2.47309, 1765.99, 323.226, 5.2713, 14.4348, 240.406, 40672.2, 7125.22, 2151.23, 3.32428, 9293.02, 7217.56, 760033, 2.56227, 1.92848, 19.4613, 1.2976, 0.871394, 263608, 0.391937, 221.964, 1.10671, 412.358, 14149.7, 5545.47, 42243.4, 2.6711, 23.0989, 12742.1, 1.03225, 4084.17, 0.979907, 2.27985, 9164.57, 1850.73, 2466.48, 26.9138, 2814.48, 75701.3, 1033.66, 23.3546, 1.24473, 1777.84, 1.29679, 1073.39, 925.86, 3.00253, 260.072, 3285.7, 1012.58, 0.666966, 11997.8, 11.3019, 178.397, 867.451, 22525.6, 51.2852, 4.03657, 2734.05, 72040.5, 1.0302, 60.442, 29.2848, 1019.71, 4.14723, 1315.96, 17.2639, 4067.07, 132.399, 211.082, 1538.9, 2481.46, 6.50082, 56414.2, 10.67, 31.0815, 0.988796, 1649.99, 1610.4, 1.10606, 815.268, 17.6168, 403.273, 584.218, 
n_nonzero: 117

Running time so far: 244.199s

