n_tets: 120
relErr: 0.33788
Selected tets: 32562, 2811, 43286, 18384, 24071, 43879, 16774, 30220, 11939, 42759, 7052, 32003, 35144, 42003, 33866, 29492, 8491, 24035, 42965, 39954, 22963, 4138, 31870, 3748, 12100, 37253, 43894, 39169, 3981, 8750, 28805, 7987, 34335, 1820, 3010, 14249, 41973, 33171, 1548, 5577, 44247, 15450, 16138, 30782, 15187, 2979, 15401, 42531, 22322, 39851, 12243, 20125, 42722, 36310, 10559, 17140, 2881, 18193, 35613, 6158, 14859, 20282, 1614, 20754, 22402, 21249, 44411, 37958, 12145, 31817, 27313, 1617, 8545, 42402, 2808, 34094, 17166, 22361, 20239, 23424, 25091, 3675, 44291, 41901, 22443, 43847, 36484, 32063, 21164, 23010, 44985, 22568, 29135, 16786, 15437, 31085, 15828, 20995, 8104, 29493, 19856, 34505, 8800, 31818, 41983, 22293, 38968, 41986, 38872, 13502, 13860, 9257, 15863, 35680, 13784, 23461, 13783, 22357, 34425, 4284, 
Weights: 2635.31, 797.751, 64.502, 391.731, 0, 1.22376, 4.21258, 4862.62, 0, 0, 399.594, 440.736, 595.516, 1.0425, 3.43902, 0, 0, 249.153, 1012.86, 1.34676, 110.584, 0, 311.786, 1953.39, 0.561885, 0, 1.35126, 0.590501, 3393.56, 461.271, 0.817425, 0, 18.6939, 0.95358, 87.8688, 0, 1.83696, 80.5529, 323.296, 0, 29.4476, 177.767, 2.06655, 106.619, 264.322, 0.734123, 1008.81, 34.8358, 6.56379, 45.5455, 85.3377, 0, 0, 1598.53, 1412.58, 1.95861, 26.932, 1250.71, 1.00534, 0, 0.814263, 188.72, 0, 0, 6.74007, 290.96, 2.80782, 1316.85, 44.0858, 0, 31.0645, 112.218, 0.996409, 113.33, 0, 65.4885, 230.453, 1.6301, 414.382, 8.99778, 1727.37, 0, 0, 3620.57, 0, 64.7617, 0, 32.1107, 1693.56, 0, 1.35824, 21.6235, 0.649662, 800.119, 9.92827, 98.3882, 0, 105.79, 1546.34, 0, 0.98285, 0, 11.9137, 2.1641, 3.97504, 0, 0, 0.692468, 3.39808, 2.51819, 1.00847, 265.248, 4.73905, 21.9253, 0.969916, 0, 2.75393, 13.922, 0, 793.456, 
n_nonzero: 91

Running time so far: 71.4853s

