n_tets: 9
relErr: 0.123182
Selected tets: 19769, 26370, 25715, 13923, 23203, 22574, 27025, 9146, 28769, 
Weights: 10318, 3924.79, 8095.11, 4806.88, 1010.84, 683.345, 16803, 1636.09, 773.483, 
n_nonzero: 9

Running time so far: 8.53844s

