n_tets: 18
relErr: 0.180874
Selected tets: 10555, 21616, 12946, 21677, 4748, 6996, 23325, 27965, 4263, 12045, 17320, 25683, 19465, 9519, 19914, 12330, 23888, 5093, 
Weights: 6508.8, 3186.43, 1461.58, 4044.7, 1642.05, 1460.69, 1171.4, 936.058, 1.62413, 13.3709, 0, 1931.7, 1.01703, 1376.92, 263.413, 841.64, 431.184, 139.884, 
n_nonzero: 17

Running time so far: 34.5793s

