n_tets: 168
relErr: 0.147028
Selected tets: 11653, 17340, 29124, 23576, 14512, 19181, 26439, 14755, 7643, 20581, 27376, 9208, 22436, 17370, 29530, 12686, 9765, 5093, 27829, 5223, 10587, 2282, 28753, 4945, 11956, 10685, 27251, 12253, 14924, 23185, 4460, 21799, 19166, 25112, 6928, 19480, 3092, 14022, 13107, 26027, 22837, 24849, 10400, 3918, 14873, 8521, 25376, 16928, 21411, 12601, 15774, 17871, 16874, 12159, 211, 14017, 13163, 9065, 1531, 2956, 17173, 3391, 5773, 4144, 21586, 2015, 4242, 10516, 3130, 9781, 17745, 21040, 4087, 6192, 18687, 12445, 18806, 18181, 18118, 29685, 25223, 29272, 14235, 13331, 14252, 7433, 4876, 27465, 26924, 24111, 15127, 12545, 1301, 12638, 17226, 27963, 13006, 8509, 4076, 4090, 17307, 29291, 13065, 25831, 13257, 13249, 11066, 17692, 8294, 22721, 58, 16989, 21930, 4862, 19164, 12648, 19562, 21931, 13189, 17545, 21566, 26415, 4158, 3086, 11038, 3042, 25613, 20749, 6798, 3708, 13372, 7471, 1543, 28971, 27681, 20835, 17875, 24336, 41, 6697, 6692, 13255, 24075, 4099, 2562, 1210, 2438, 4138, 5887, 20612, 28775, 29564, 9209, 19028, 18599, 26770, 14870, 2871, 8964, 23758, 2988, 15131, 18547, 25219, 3468, 12293, 2092, 9272, 
Weights: 1029.39, 181.64, 0, 0, 0, 0, 0, 0, 0, 3.73778, 0, 1.11853, 0, 1188.5, 0.485076, 1083.63, 212.462, 0, 1.91909, 0, 0, 0, 0, 1.56308, 0.319393, 0, 0.994285, 219.365, 105.316, 0, 0, 1.08668, 0.97035, 34.5723, 0, 38.6573, 0, 239.257, 0, 0, 183.957, 0, 0.976656, 434.061, 872.745, 0.47106, 0, 0, 58.8129, 2.91888, 0, 0, 0, 0, 1.052, 471.564, 0, 0, 1432.46, 832.624, 1263.86, 0, 0, 0, 0.701325, 2724.83, 0.661485, 336.609, 1855.18, 0, 21.0591, 0.510168, 0.954863, 563.594, 25.188, 0, 0, 1.21912, 1.61213, 0, 14.8834, 2.14472, 0, 1.12631, 3.91433, 135.012, 0, 1205.09, 0, 29.743, 23.3058, 0, 9.29854, 0, 335.831, 0, 9.06097, 19.0459, 225.889, 0.872443, 921.513, 0.326728, 0.978669, 0, 415.52, 1155.48, 0, 0, 1.44263, 64.7606, 0, 0, 0, 1252.23, 2.75786, 154.181, 9.39141, 0, 0, 0, 42.9577, 0, 1289.26, 0, 0, 0.770558, 2.49254, 664.289, 40.1377, 0, 1783.55, 6.08641, 0.864631, 89.2734, 1483.81, 0, 0.997423, 0, 204.493, 293.478, 5.43253, 3238.22, 0, 0.793585, 0.685692, 99.1992, 0, 0, 0, 450.502, 10.3096, 1.04834, 1.02108, 1.36655, 0, 0, 0.750045, 1016.86, 11.1272, 0, 1.21243, 1548.61, 8.39981, 184.937, 0, 0, 34.6575, 0, 
n_nonzero: 100

Running time so far: 247.263s

