n_tets: 107
relErr: 0.120284
Selected tets: 995, 6736, 3302, 3987, 3394, 5919, 5053, 3766, 4748, 2193, 2122, 6506, 5764, 1865, 4146, 1481, 7325, 7320, 3959, 6094, 983, 4455, 1823, 6731, 3811, 2352, 488, 6772, 7227, 66, 6257, 6007, 3897, 2837, 6381, 2097, 2003, 2113, 6822, 854, 5717, 2379, 5482, 929, 4260, 5442, 5647, 3953, 7480, 3285, 2645, 3423, 7447, 205, 7291, 3554, 1134, 5283, 2773, 7449, 4780, 2781, 2964, 1828, 1942, 5356, 7446, 2662, 7378, 1587, 757, 3561, 5450, 489, 7483, 2988, 2756, 1944, 1782, 3087, 838, 1882, 3553, 198, 2212, 1505, 7445, 5823, 2668, 3188, 3426, 3122, 7048, 3326, 1443, 4753, 5652, 5492, 6283, 834, 3932, 1017, 847, 175, 7226, 3876, 6269, 
Weights: 720.725, 345.657, 51.5452, 148.988, 83.9813, 263.426, 24.4152, 40.9864, 328.94, 84.2917, 6.27265, 640.923, 63.2891, 99.2643, 64.0649, 40.8446, 1.04468, 0.947707, 68.168, 94.5465, 75.7774, 0.681797, 0, 340.38, 93.246, 1.004, 1.06239, 187.522, 14.1566, 206.029, 47.2385, 116.084, 16.3751, 2.0778, 187.242, 0.999344, 1.04433, 53.1973, 10.1779, 181.958, 1.01467, 1.35826, 0.344333, 1.00853, 214.38, 0.989863, 0.954876, 1.48194, 0.667267, 0.994067, 183.258, 197.102, 0.976639, 0.986087, 14.0116, 5.86628, 481.892, 1.02456, 44.1839, 0.388878, 307.017, 0.998646, 99.443, 35.1885, 2.5793, 3.38314, 0.0174782, 1.00425, 128.21, 119.556, 0, 3.40899, 1.1773, 135.413, 11.4167, 0.77345, 123.687, 2.43404, 0.966488, 0, 1.46367, 0.941898, 0, 0.381783, 90.4135, 278.037, 0.799352, 2.43134, 1.48753, 97.1346, 19.7965, 80.7149, 10.937, 142.776, 31.2711, 5.75177, 0.36446, 0.986861, 24.9617, 2.2775, 146.928, 11.087, 208.943, 193.593, 7.33278, 0.952587, 53.8089, 
n_nonzero: 103

