n_tets: 90
relErr: 0.335347
Selected tets: 995, 4859, 3302, 1369, 524, 2701, 7267, 6313, 6491, 2724, 3266, 3596, 1063, 1252, 827, 6733, 7325, 7320, 3294, 5053, 5016, 4455, 1823, 105, 955, 2352, 918, 4146, 2631, 2959, 237, 819, 7394, 522, 2634, 2097, 6339, 5879, 1781, 4578, 5895, 729, 3112, 6564, 2567, 5442, 7480, 5585, 3237, 5647, 3425, 4410, 2329, 5934, 451, 6547, 1818, 2668, 6815, 2607, 205, 1814, 6623, 4749, 6079, 5356, 7446, 2662, 983, 359, 1485, 1657, 3561, 1032, 5715, 4651, 2778, 7445, 3836, 1782, 2313, 126, 7016, 198, 3829, 3662, 6852, 3770, 2600, 6257, 
Weights: 816.027, 361.793, 332.455, 395.468, 593.384, 605.618, 985.694, 79.8087, 95.2479, 220.198, 252.084, 261.084, 172.832, 166.656, 16.1629, 412.421, 0.0901501, 0.934401, 327.003, 160.621, 0.434448, 0.533965, 175.599, 483.5, 102.362, 1.0449, 16.791, 26.6924, 59.4111, 209.272, 24.9737, 100.597, 144.854, 395.845, 78.1415, 1.14046, 0, 284.672, 19.1282, 573.332, 14.0731, 159.08, 142.026, 75.6032, 0, 0.936989, 0.686582, 157.553, 4.10116, 0.975603, 75.6449, 44.7916, 0, 0, 10.3193, 19.5463, 0.264151, 0.9287, 0, 82.5382, 0.955687, 2.24653, 35.5903, 34.0766, 35.3704, 6.80999, 2.13154, 0.99993, 0, 76.7161, 11.8438, 110.11, 22.4612, 17.5601, 0, 0.662753, 0, 1.03815, 227.955, 1.05166, 7.90367, 0, 63.0031, 0.515378, 159.372, 756.118, 107.68, 0, 118.732, 7.71392, 
n_nonzero: 80

