n_tets: 140
relErr: 0.0654821
Selected tets: 29127, 663, 19334, 2539, 17312, 25934, 6233, 15770, 23150, 23393, 21534, 19440, 9499, 12040, 9900, 8286, 14089, 5132, 29637, 16013, 9885, 6439, 27103, 1556, 11950, 19167, 26536, 17860, 2187, 12207, 13680, 29504, 14520, 12427, 5898, 3575, 24294, 4103, 1539, 9627, 13058, 17874, 21181, 14917, 6858, 15734, 15047, 8963, 4109, 22990, 12018, 8391, 13923, 11980, 10161, 1221, 6571, 21511, 6642, 14605, 2433, 18051, 2317, 4136, 21177, 25650, 4112, 25027, 11085, 22722, 20054, 13407, 2550, 16056, 10844, 28817, 29263, 7874, 1018, 2180, 12314, 14017, 18907, 21392, 17871, 17261, 25538, 21565, 5190, 4090, 4481, 29527, 22754, 17269, 1706, 19507, 22767, 21277, 15624, 25566, 7008, 29291, 17148, 17430, 18483, 27326, 14990, 4016, 15940, 3545, 2076, 4190, 18033, 25532, 6015, 11870, 24073, 24085, 1254, 22699, 1526, 7056, 7645, 6097, 16119, 23911, 26767, 17557, 16192, 9977, 12420, 18260, 7946, 8506, 24926, 3821, 5279, 8747, 41, 15698, 
Weights: 641.248, 1530.98, 268.494, 257.873, 0, 0, 794.619, 0, 0, 0, 0, 0, 0, 0, 0, 1262.9, 415.125, 0, 205.682, 0, 0, 207.522, 0, 484.858, 0, 0, 0, 591.42, 0, 0, 0, 582.596, 0, 0, 351.737, 186.416, 0, 0, 0, 587.947, 0, 0, 0, 0, 289.449, 2137.94, 0, 0.504556, 0, 13144, 366.236, 0, 0, 431.411, 0, 84.1862, 0, 516.203, 156.393, 320.592, 0, 0, 0, 586.158, 0, 0, 0, 0, 29.6928, 0, 145.005, 141.566, 192.319, 0, 625.756, 0, 1291.25, 87.7386, 76.8925, 769.546, 222.856, 523.329, 1792.34, 1257.15, 0.984922, 609.977, 3959.73, 96.3966, 108.214, 0, 0, 192.198, 0, 0, 0, 0, 0, 0, 11.9172, 0, 0, 0, 0, 0, 0, 157.612, 13.1906, 0, 114.742, 1433.11, 411.143, 0, 1929.11, 195.455, 16.1234, 55.2126, 0, 0, 0, 1226.8, 0, 524.495, 0, 0, 0, 0, 1413.18, 408.511, 0, 163.988, 0, 148.362, 0, 982.463, 198.844, 207.321, 0, 0, 101.48, 0, 
n_nonzero: 65

Running time so far: 77.276s

