n_tets: 165
relErr: 0.166225
Selected tets: 995, 6736, 3302, 3987, 5864, 4070, 3730, 3440, 7494, 2193, 2122, 2261, 5764, 5142, 6166, 3572, 3695, 7454, 5135, 7320, 5016, 4455, 1016, 3762, 5387, 2352, 4049, 1000, 3179, 1735, 5789, 5372, 4724, 685, 5526, 1828, 6339, 5976, 264, 645, 5895, 5482, 3808, 1141, 1909, 5442, 7480, 3953, 2668, 5647, 5939, 2837, 270, 3811, 4160, 2849, 2642, 5738, 4590, 4390, 205, 2781, 2258, 4000, 6711, 5356, 886, 2662, 3672, 3262, 6141, 3341, 3561, 284, 7483, 4651, 3990, 7445, 1782, 6646, 838, 1751, 1411, 198, 7048, 3775, 7465, 7325, 2920, 3201, 237, 5204, 7393, 2830, 2415, 250, 5652, 5492, 2594, 3367, 86, 1017, 4883, 296, 2003, 3876, 7443, 5153, 1906, 648, 400, 4483, 3285, 212, 6643, 842, 4009, 3391, 3863, 56, 4416, 145, 4663, 1780, 667, 2338, 2700, 3688, 4167, 4196, 4838, 2255, 1682, 1896, 2176, 929, 2528, 5632, 4648, 1339, 5876, 69, 2367, 463, 2591, 7486, 6474, 6461, 1369, 6531, 3897, 91, 4687, 1501, 362, 5771, 2093, 2333, 3955, 372, 606, 1223, 3804, 1701, 443, 
Weights: 456.009, 14.1785, 54.8367, 94.9283, 61.6325, 144.091, 262.342, 104.529, 84.3295, 83.4735, 0, 0, 48.3821, 390.476, 0, 358.832, 130.284, 69.5869, 32.5743, 0.940658, 0.338511, 0.595033, 167.665, 0, 34.4584, 1.05258, 0.817492, 42.3967, 126.47, 60.3474, 152.714, 47.7955, 0, 73.0241, 0, 0, 0, 124.094, 44.563, 106.137, 19.8539, 1.21193, 0, 92.3033, 103.801, 0.938298, 0, 0.360879, 0.954434, 0.93322, 203.012, 2.80641, 28.9164, 35.1272, 53.524, 14.5103, 43.1993, 10.5566, 698.316, 20.7845, 1.00267, 0.999468, 235.938, 598.405, 2.02025, 15.9636, 118.614, 1.00822, 0, 62.4761, 22.0087, 10.785, 20.0586, 0, 11.9852, 0.26277, 0, 0.591673, 1.04207, 0, 1.47864, 0, 180.638, 0.527005, 0, 119.067, 0, 0.542443, 79.9609, 0, 7.77826, 30.1688, 36.1455, 37.7773, 51.4165, 54.077, 0.603025, 0.981147, 92.5547, 0, 417.48, 0, 65.6354, 17.8393, 1.05636, 0.930219, 0, 386.022, 0.768216, 22.3457, 26.6681, 0.671507, 0.928715, 3.93296, 1.02187, 17.6206, 0, 0, 138.828, 1.87486, 8.35529, 52.1981, 1.09979, 0, 0, 16.9827, 522.503, 4476.11, 118.652, 145.757, 0, 60.0391, 0, 122.412, 5.99595, 0.962308, 34.6577, 80.8772, 171.719, 55.7868, 0, 0, 39.332, 17.234, 68.9258, 14.2889, 194.816, 32.8633, 92.9729, 0.257752, 5.69113, 166.406, 0, 20.7885, 72.8339, 10.1136, 14.7022, 72.2886, 4.58366, 55.2953, 0, 91.539, 3.8715, 0, 0, 
n_nonzero: 132

