n_tets: 186
relErr: 0.144913
Selected tets: 11653, 17340, 29124, 23576, 14512, 19181, 26439, 14755, 7643, 20581, 27376, 9208, 22436, 17370, 29530, 12686, 9765, 5093, 27829, 5223, 10587, 2282, 28753, 4945, 11956, 10685, 27251, 12253, 14924, 23185, 4460, 21799, 19166, 25112, 6928, 19480, 3092, 14022, 13107, 26027, 22837, 24849, 10400, 3918, 14873, 8521, 25376, 16928, 21411, 12601, 15774, 17871, 16874, 12159, 211, 14017, 13163, 9065, 1531, 2956, 17173, 3391, 5773, 4144, 21586, 2015, 4242, 10516, 3130, 9781, 17745, 21040, 4087, 6192, 18687, 12445, 18806, 18181, 18118, 29685, 25223, 29272, 14235, 13331, 14252, 7433, 4876, 27465, 26924, 24111, 15127, 12545, 1301, 12638, 17226, 27963, 13006, 8509, 4076, 4090, 17307, 29291, 13065, 25831, 13257, 13249, 11066, 17692, 8294, 22721, 58, 16989, 21930, 4862, 19164, 12648, 19562, 21931, 13189, 17545, 21566, 26415, 4158, 3086, 11038, 3042, 25613, 20749, 6798, 3708, 13372, 7471, 1543, 28971, 27681, 20835, 17875, 24336, 41, 6697, 6692, 13255, 24075, 4099, 2562, 1210, 2438, 4138, 5887, 20612, 28775, 29564, 9209, 19028, 18599, 26770, 14870, 2871, 8964, 23758, 2988, 15131, 18547, 25219, 3468, 12293, 2092, 9272, 13333, 7319, 3212, 7494, 24074, 25468, 22122, 4379, 247, 6064, 4978, 10886, 1939, 13594, 21540, 14869, 3129, 14108, 
Weights: 874.777, 0, 0, 0, 0, 0, 0, 0, 0, 3.6912, 0, 1.11862, 0, 964.267, 0.234782, 132.301, 114.982, 0, 1.94675, 0, 0, 0, 0, 1.55857, 0.557865, 0, 0.994174, 56.8827, 0, 0, 0, 1.05676, 0.97035, 35.5487, 0, 12.9346, 0, 72.6157, 0, 0, 126.794, 28.5602, 0.976921, 252.983, 987.624, 0.47321, 0, 0, 59.1979, 2.90978, 0, 0, 475.406, 0, 1.0521, 0, 0, 0, 1557.41, 704.581, 1580.96, 0, 0, 0, 0.702436, 2679.48, 0.655039, 392.133, 687.829, 0, 219.29, 0.560557, 0.954954, 568.535, 0, 0, 0, 1.2183, 1.62224, 0, 27.1386, 2.14481, 0, 1.1271, 3.9117, 98.2538, 0, 74.9586, 0, 29.2929, 24.7994, 0, 0, 0, 383.923, 0, 9.35443, 52.1368, 0, 0.87259, 253.199, 0.326654, 0.979153, 0, 344.809, 700.183, 0, 0, 1.44208, 65.6281, 0, 518.994, 0, 1912.8, 2.75993, 0, 8.76981, 0, 0, 1210.32, 43.1425, 0, 1547.73, 0, 0, 0.764491, 2.52712, 987.708, 12.253, 0, 1992.12, 6.8573, 0.864723, 869.797, 1147.78, 0, 0.997616, 0, 190.46, 647.049, 2.64248, 3685.32, 0, 0.795907, 0.690295, 0.160469, 0, 0, 0, 766.08, 10.2574, 1.04818, 1.02076, 1.2965, 0, 0, 0.746593, 859.13, 11.137, 573.504, 1.20756, 805.974, 6.12239, 139.249, 0, 0, 156.012, 163.784, 0.948809, 0, 0, 654.545, 184.145, 0, 153.573, 678.563, 0, 1.28993, 0, 0, 0.964855, 0, 0, 0.936767, 0, 8.58567, 
n_nonzero: 108

Running time so far: 279.168s

