n_tets: 66
relErr: 0.163017
Selected tets: 11653, 17340, 29124, 23576, 14512, 19181, 26439, 14755, 7643, 20581, 27376, 9208, 22436, 17370, 29530, 12686, 9765, 5093, 27829, 5223, 10587, 2282, 28753, 4945, 11956, 10685, 27251, 12253, 14924, 23185, 4460, 21799, 19166, 25112, 6928, 19480, 3092, 14022, 13107, 26027, 22837, 24849, 10400, 3918, 14873, 8521, 25376, 16928, 21411, 12601, 15774, 17871, 16874, 12159, 211, 14017, 13163, 9065, 1531, 2956, 17173, 3391, 5773, 4144, 21586, 2015, 
Weights: 2492.17, 2229.48, 0, 0, 0, 0, 0, 0, 0, 4.16974, 441.091, 1.11502, 458.821, 2050.27, 0.556174, 3183.81, 949.642, 338.778, 1.92098, 885.717, 3334.29, 769.016, 0, 1.48812, 3.82526, 0, 0.998792, 2360.44, 1563.47, 0, 781.907, 1.1485, 0.962506, 27.5982, 0, 59.2317, 171.741, 464.81, 0, 10.8492, 0, 0, 0.974379, 250.305, 1024.75, 0.453653, 0, 718.064, 13.8452, 2.14065, 119.059, 0, 343.643, 702.633, 1.02087, 1104.82, 248.874, 238.563, 220.945, 357.41, 1086.56, 452.832, 0, 4813.61, 0.698015, 1291.91, 
n_nonzero: 49

Running time so far: 105.252s

