n_tets: 255
relErr: 0.67288
Selected tets: 1685, 7215, 5535, 2961, 2735, 1982, 3913, 6205, 5795, 4964, 3266, 1296, 5342, 2190, 7428, 2161, 3953, 4263, 1466, 4494, 849, 7491, 3453, 1925, 7404, 4023, 6570, 2501, 2137, 7431, 5043, 536, 6044, 3694, 2281, 3292, 943, 424, 1781, 6415, 5075, 2261, 4912, 6703, 1556, 3825, 2342, 7226, 5163, 3871, 5637, 2503, 2727, 2964, 2292, 3560, 2217, 5738, 2359, 4166, 4316, 1675, 3634, 4928, 2148, 6331, 2805, 6999, 3623, 6151, 4651, 5649, 5779, 6725, 7483, 1708, 4085, 1912, 729, 838, 4229, 5585, 142, 324, 2212, 6453, 3153, 5662, 2079, 7127, 3627, 4732, 7048, 4836, 3908, 4784, 4734, 1104, 5739, 6183, 6538, 7331, 2887, 3397, 269, 4525, 3215, 4820, 2033, 4611, 4687, 4483, 6404, 5837, 1721, 779, 3770, 5153, 292, 7456, 252, 6293, 2367, 3458, 1780, 6791, 7187, 620, 10, 4507, 4838, 3408, 4478, 667, 1149, 4001, 707, 6639, 6401, 4674, 4888, 7412, 7423, 3109, 493, 6609, 5045, 5097, 6077, 2142, 5399, 1421, 6690, 1797, 2345, 6292, 2725, 352, 5354, 7322, 4798, 342, 5511, 2639, 3465, 1924, 665, 3319, 1482, 48, 2415, 6221, 590, 1595, 2473, 1553, 6459, 3823, 6387, 5706, 919, 6786, 7182, 6066, 5510, 4708, 6176, 5155, 3285, 6156, 914, 2309, 4939, 2387, 5892, 306, 619, 2900, 990, 3342, 2352, 1677, 7069, 5362, 5581, 7464, 648, 3888, 5360, 4718, 2538, 6339, 2286, 2216, 4880, 3608, 3178, 3545, 1548, 1628, 1238, 4585, 3595, 1767, 3317, 5770, 264, 2157, 1625, 2948, 834, 3389, 6793, 5945, 128, 4811, 1268, 5715, 6471, 1236, 539, 1837, 4340, 2747, 3760, 2922, 662, 3892, 4660, 2259, 831, 1821, 5728, 7228, 6283, 
Weights: 0, 50.6327, 0, 0, 0, 0, 764.868, 0, 0, 470.006, 0, 115.722, 0, 0, 192.019, 0, 0.372222, 1067.06, 0, 183.776, 131.982, 0, 0, 0, 0, 7.03541, 216.625, 474.453, 0, 0, 0, 138.374, 22.7644, 0, 0, 0, 283.962, 0, 0, 0, 39.3195, 0, 0, 0, 0, 0, 0, 0, 259.522, 0, 0, 0, 1090.6, 111.496, 13.5075, 6714.52, 0, 0, 0, 0, 10914.5, 125.192, 0, 0, 5651.73, 168.581, 0, 0, 1.26227, 472.417, 0, 0, 0, 52.8052, 0.0686289, 0, 19966.6, 14754.7, 0, 0, 34.1689, 0, 67.604, 0, 0, 109.079, 918.824, 19.8429, 27.806, 0, 0, 60.1294, 0, 33.3371, 148.751, 85.1639, 5.50718, 267.356, 89.3382, 80.9433, 32.5961, 0, 98.8796, 0, 0, 147.46, 0, 40.986, 7.32662, 0.0851717, 31.7691, 0, 0, 0, 15.9405, 125.069, 72.3689, 0, 23.9554, 162.723, 320.401, 14.9308, 0, 0, 99.6057, 0, 0, 306.875, 1.86979, 0, 93.0379, 65.9368, 0, 3.09889, 515.798, 1.33048, 212.422, 38.8009, 0, 0, 40.1813, 0, 29.1795, 7.00067, 0, 15.561, 0, 279.702, 2627.35, 609.176, 0, 76.933, 18781.2, 1648.12, 0, 0, 0, 45.6566, 228.57, 0.0644909, 12.37, 138.276, 15.8957, 0.00344362, 58.9606, 87.7036, 389.511, 88.1958, 119.203, 226.989, 0.870231, 147.623, 0, 0, 9.98472, 0, 383.403, 36.7419, 12.3607, 0, 34.5807, 28.2939, 45.7452, 0.0168072, 12154.4, 25.7229, 113.303, 236.994, 4.96152e-07, 85.3903, 0, 0, 15.1004, 25072.1, 2150.97, 0, 9.2369, 0, 48.7935, 59.9288, 0.000111646, 0, 0, 63.9567, 36.7879, 0.000919998, 297.206, 340.316, 0, 0, 54.7542, 0.00496699, 845.561, 0.167933, 16.4283, 13.7115, 0, 16.6155, 56.9875, 0, 0, 162.574, 20.369, 179.12, 0, 0, 0, 0, 0, 180.485, 0, 27.42, 6.81871, 1223.18, 0, 67.7723, 12.6982, 0, 32.5617, 0, 152.749, 81.5271, 20.0863, 85.7436, 198.885, 42.0479, 494.829, 45.7007, 0, 80.2081, 60.78, 37.1507, 3409.17, 0, 0, 
n_nonzero: 149

