n_tets: 43
relErr: 0.369065
Selected tets: 995, 6736, 3302, 3987, 3394, 5919, 5053, 3766, 4748, 2193, 2122, 6506, 5764, 1865, 4146, 1481, 7325, 7320, 3959, 6094, 983, 4455, 1823, 6731, 3811, 2352, 488, 6772, 7227, 66, 6257, 6007, 3897, 2837, 6381, 2097, 2003, 2113, 6822, 854, 5717, 2379, 5482, 
Weights: 947.806, 282.247, 324.136, 147.02, 115.494, 523.491, 116.523, 755.688, 433.3, 270.727, 122.269, 870.571, 75.6793, 221.449, 76.4454, 259.375, 0.998076, 0.918477, 141.552, 116.072, 169.115, 0.649674, 59.4276, 590.054, 123.195, 1.02138, 1.01535, 304.226, 16.2339, 559.264, 56.8961, 111.881, 23.7335, 2.56819, 184.448, 1.13611, 1.01018, 147.501, 27.5236, 110.491, 0.94651, 1.36494, 1.2087, 
n_nonzero: 43

