n_tets: 182
relErr: 0.0593278
Selected tets: 29127, 663, 19334, 2539, 17312, 25934, 6233, 15770, 23150, 23393, 21534, 19440, 9499, 12040, 9900, 8286, 14089, 5132, 29637, 16013, 9885, 6439, 27103, 1556, 11950, 19167, 26536, 17860, 2187, 12207, 13680, 29504, 14520, 12427, 5898, 3575, 24294, 4103, 1539, 9627, 13058, 17874, 21181, 14917, 6858, 15734, 15047, 8963, 4109, 22990, 12018, 8391, 13923, 11980, 10161, 1221, 6571, 21511, 6642, 14605, 2433, 18051, 2317, 4136, 21177, 25650, 4112, 25027, 11085, 22722, 20054, 13407, 2550, 16056, 10844, 28817, 29263, 7874, 1018, 2180, 12314, 14017, 18907, 21392, 17871, 17261, 25538, 21565, 5190, 4090, 4481, 29527, 22754, 17269, 1706, 19507, 22767, 21277, 15624, 25566, 7008, 29291, 17148, 17430, 18483, 27326, 14990, 4016, 15940, 3545, 2076, 4190, 18033, 25532, 6015, 11870, 24073, 24085, 1254, 22699, 1526, 7056, 7645, 6097, 16119, 23911, 26767, 17557, 16192, 9977, 12420, 18260, 7946, 8506, 24926, 3821, 5279, 8747, 41, 15698, 4142, 8457, 27723, 15301, 9608, 26671, 3017, 27817, 8222, 23082, 14012, 3996, 5385, 19028, 696, 23333, 25540, 24171, 8964, 27296, 25332, 1649, 10866, 22717, 5468, 20371, 18345, 1666, 2991, 14127, 16088, 19715, 7124, 803, 4560, 4274, 13761, 32, 27801, 15930, 21093, 5877, 
Weights: 0, 1307.15, 0, 326.353, 0, 0, 816.126, 0, 0, 0, 0, 0, 111.173, 0, 0, 1878.19, 115.999, 0, 0, 0, 3585.62, 15.8009, 0, 758.154, 0, 0, 0, 332.069, 0, 0, 0, 477.192, 0, 0, 0, 78.7978, 0, 0, 0, 283.082, 0, 0, 0, 639.246, 137.164, 1592.33, 0, 1.20437, 0, 0, 463.489, 0, 0, 477.337, 0, 24.8491, 0, 0, 405.392, 103.419, 0, 0, 1568.52, 922.111, 0, 0, 0, 0, 1.90341, 0, 0, 0, 0, 0, 105.571, 0, 0, 0, 65.7924, 201.343, 0, 957.765, 1233.44, 1406.1, 0.983326, 668.411, 373.375, 0, 0, 11.5435, 95.1, 47.1711, 0, 0, 0, 0, 241.162, 0, 112.757, 0, 208.608, 0, 0, 0, 0, 0, 0, 0, 0, 511.158, 398.047, 0, 117.253, 312.985, 68.0742, 0, 0, 0, 0, 728.711, 0, 1096.09, 0, 0, 0, 0, 1413.04, 388.123, 0, 0, 0, 21.0837, 66.1089, 976.046, 190.69, 0, 192.597, 0, 57.2979, 0, 0, 0, 0, 0, 3.6228, 0, 264.788, 944.011, 0, 0, 0, 0, 0, 19.7733, 1.05758, 0, 198.489, 0, 1.00084, 466.912, 0, 753.412, 55.6821, 0, 714.048, 0, 0, 0, 2101.18, 0, 0, 0, 765.491, 6896.46, 887.97, 43.7682, 0, 0, 0, 512.903, 183.633, 205.478, 
n_nonzero: 74

Running time so far: 103.408s

