n_tets: 210
relErr: 0.332368
Selected tets: 1842, 1597, 1136, 1224, 452, 822, 1277, 1021, 1856, 1431, 1326, 1875, 1870, 1851, 345, 1428, 475, 146, 405, 1311, 292, 520, 1854, 1332, 427, 731, 489, 1198, 50, 262, 363, 252, 1206, 955, 462, 435, 59, 874, 21, 246, 1652, 1143, 1790, 593, 559, 1457, 1627, 880, 849, 30, 1051, 455, 619, 281, 1638, 1583, 1341, 1102, 1503, 1210, 108, 504, 1159, 238, 682, 1427, 848, 5, 1194, 536, 529, 697, 881, 840, 1454, 1977, 1319, 638, 609, 1490, 1446, 502, 1578, 1868, 1761, 1628, 1351, 305, 447, 1392, 534, 1535, 198, 1032, 853, 1775, 949, 432, 36, 1926, 1119, 324, 1932, 595, 122, 1515, 1779, 753, 767, 1544, 1370, 1197, 1157, 1566, 1005, 1417, 732, 573, 235, 975, 838, 1462, 1009, 105, 918, 13, 1442, 329, 623, 921, 780, 1233, 808, 1883, 1852, 1873, 1642, 540, 199, 380, 1534, 1613, 960, 899, 1393, 1742, 1359, 1044, 1396, 53, 631, 625, 932, 1018, 634, 1376, 75, 812, 89, 334, 260, 839, 1867, 1251, 60, 1855, 201, 1675, 1343, 1440, 615, 1862, 580, 1364, 789, 1911, 2, 1016, 482, 488, 337, 1629, 1452, 40, 38, 1, 589, 440, 503, 1436, 1853, 1928, 721, 944, 856, 1796, 385, 1866, 1784, 1238, 911, 29, 232, 950, 643, 630, 16, 1550, 1549, 1239, 
Weights: 8.52012, 171.967, 276.927, 0.642412, 0.706491, 1.00644, 48.9247, 1.06942, 0.974927, 1.04247, 203.904, 0.970125, 1.30316, 1.37623, 2.09078, 1.19785, 1.08796, 1.65875, 0.98228, 0.919594, 11.8519, 1.05855, 1.13944, 0.918349, 0.962544, 1.96563, 0.813929, 0.99708, 1.07022, 0.939767, 1.49896, 1.05083, 1.01808, 0.504133, 0.975409, 0.983425, 1.0019, 0.92837, 0.532955, 0.977282, 249.732, 1.0139, 0, 4.31634, 0, 3.88576, 1.00726, 2.75341, 0.728013, 0.831354, 1.02715, 0.996005, 1.02602, 1.00333, 0.982128, 1.098, 0.889777, 0.954846, 1.12165, 1.19134, 0.895999, 1.28596, 0.881276, 0.932773, 0.980488, 0.8263, 2.99436, 0.911622, 1.00569, 1.08677, 1.00514, 1.4499, 1.13144, 1.14627, 0.980289, 0.867561, 1.27001, 1.02166, 1.03585, 0.993459, 52.3268, 0.99886, 0.460189, 0.983391, 1.04749, 0.919978, 15.512, 1.16201, 0, 1.00158, 1.00797, 1.00593, 6.53634, 1.04143, 30.5377, 0.985607, 0.782957, 1.05649, 1.5124, 2.15949, 0.578631, 0.981165, 4.5152, 73.0293, 6.85446, 2.03245, 1.01909, 0.905344, 1.10972, 0.936363, 3.48979, 3.38228, 0, 0.977931, 1.71789, 1.0142, 2.56301, 1.62766, 266.642, 36.9311, 1.01142, 43.6784, 1.02024, 10.6057, 0.76022, 0.0732998, 2.74165, 1.16466, 0.878285, 1.53322, 0.727931, 1.09581, 41.2484, 1.11385, 0.990203, 0.992961, 1.01044, 0.886462, 0.970773, 0, 0.971778, 0.852024, 9.32144, 0.984906, 0.998921, 0.645878, 0.939189, 1.03907, 1.01097, 1.33304, 1.01854, 1.0139, 1.05662, 1.47794, 1.05459, 0, 89.8229, 73.9193, 0.611764, 1.06435, 0.960356, 1.00754, 0.6766, 7.8717, 0.972423, 0.892132, 17.3663, 0, 0.335438, 0.51461, 0.979037, 104.104, 1.03369, 0.597955, 0.909587, 0.684092, 0.928649, 36.1053, 0.924703, 1.03818, 1.09448, 0.918822, 0, 0.962474, 0.377526, 1.16396, 1.19289, 52.5541, 5.67831, 0, 0.870165, 31.2031, 0.326388, 4.50736, 0.982936, 0.902252, 0.352896, 0.0806654, 197.326, 2.35429, 1.08339, 1.08379, 0.425831, 0.933273, 1.67453, 0, 2.6163, 160.017, 2.09534, 0.799012, 
n_nonzero: 200

