n_tets: 44
relErr: 0.388235
Selected tets: 32562, 42675, 7400, 38757, 28732, 43879, 34020, 14663, 14859, 42759, 22443, 10634, 5978, 37804, 28795, 28803, 32402, 41971, 29320, 20127, 20195, 11336, 44942, 27216, 22250, 1961, 39019, 20950, 16309, 24941, 28091, 39255, 43258, 1820, 33980, 29553, 38698, 38867, 4042, 8391, 31826, 7766, 16138, 3845, 
Weights: 3372.54, 8247.54, 2062.08, 1.14958, 13466.2, 16.6036, 170.203, 1.01849, 2.41123, 13.8101, 48.788, 5349.87, 1421.24, 1.15623, 2.14592, 53.124, 1224.53, 23.4339, 2695.61, 0, 0, 0.504273, 2955.23, 1013.52, 2832.98, 1.57889, 0, 573.077, 2.16131, 522.552, 2637.83, 0, 0, 1.0777, 2.90436, 1066.4, 0.938758, 0, 595.431, 1.14692, 224.885, 3.31452, 4.18647, 6246.54, 
n_nonzero: 38

Running time so far: 30.1927s

