n_tets: 195
relErr: 0.363602
Selected tets: 646, 4859, 766, 5730, 6102, 5173, 2479, 5512, 6491, 2756, 5585, 4720, 5726, 4711, 2853, 536, 3953, 3924, 4232, 5053, 2737, 4569, 3380, 591, 3595, 1316, 4049, 943, 6702, 2401, 237, 5636, 4724, 769, 4082, 5093, 204, 4948, 1781, 441, 2597, 1573, 5823, 7446, 2416, 5442, 2694, 6551, 2668, 5345, 1776, 2660, 6342, 3414, 4546, 2849, 2928, 4458, 1736, 2463, 205, 7485, 6837, 2477, 2617, 1630, 6531, 3308, 90, 677, 4651, 2780, 4815, 489, 3792, 5229, 4522, 1944, 3985, 6470, 3786, 3734, 4241, 198, 7397, 5607, 2172, 896, 4694, 3201, 6934, 4729, 4384, 5356, 4943, 3317, 3814, 1099, 2022, 2371, 5946, 3566, 3901, 3670, 7226, 3876, 3012, 5170, 4133, 2975, 5086, 4483, 3174, 1359, 6400, 7420, 2838, 233, 7520, 1079, 3688, 6131, 380, 6126, 6896, 7325, 1587, 5799, 7195, 6802, 6466, 138, 6786, 3741, 4608, 598, 892, 4050, 5964, 4995, 577, 4094, 3367, 7046, 4292, 3954, 4931, 4967, 2303, 625, 5079, 2766, 3389, 3398, 2500, 4482, 7393, 2955, 3955, 2421, 375, 3749, 649, 4950, 5273, 7227, 3738, 356, 56, 1878, 2336, 555, 3126, 6822, 3220, 1842, 2672, 3787, 5491, 79, 3108, 5967, 4173, 6066, 2803, 4708, 925, 2415, 1253, 3267, 2427, 3491, 4787, 4081, 3828, 
Weights: 315.033, 9028.58, 357.988, 0, 1106, 861.197, 129337, 0, 0, 0, 220.397, 109.21, 7757.92, 2.81895, 6.2393, 0, 2.66575, 0, 289.764, 11483.2, 3367.43, 0, 195.935, 124954, 80.7054, 38.407, 0.106766, 0, 3018.51, 44.7284, 14222.7, 23780.8, 104.212, 23321, 0, 0, 3.94353, 2610.1, 1594.77, 344.519, 49383.2, 0, 0, 0, 78.9678, 14.5326, 1595.89, 0, 3.85093, 100.087, 0, 666.086, 43.142, 285.765, 787.094, 0, 0, 282.946, 1585.88, 0, 9.44164, 372.284, 59470.8, 780.742, 0, 1430.93, 86556.2, 0, 168.091, 0, 0.53972, 254.142, 3.77622e+06, 412.45, 3054.14, 0, 17003.4, 0.134481, 21.5672, 0, 0, 0, 2485.97, 0.382247, 32195.9, 1091.58, 2291.07, 1684.12, 85.7235, 1111.84, 0, 64.1601, 478.699, 0, 123.316, 3.3995, 0, 10.9317, 39.2014, 227.654, 1500.73, 0, 899.054, 18516.1, 0, 2.70018, 19731.5, 13551.2, 77.7109, 3994.05, 227.487, 0.147266, 0, 33410.2, 2105.11, 3716.46, 17.0384, 16098.2, 8.70841, 1550.79, 15841.6, 3601.03, 1381.42, 0, 224.196, 19.4268, 88.8866, 0, 20362.8, 998.877, 689.711, 72322.7, 3945.91, 130637, 0, 0, 34.3623, 0, 0, 4.70999, 0, 0, 2115.81, 0, 1.47508e+19, 33.6167, 2830.24, 81893.4, 263.733, 2.02309e+06, 5.86226, 60.5487, 159.104, 4920.74, 0, 1889.16, 2225.07, 238.111, 12.5098, 0, 1251.1, 0, 134.966, 16.9154, 8059.87, 4.64949, 427.341, 7.80863, 0, 0, 0, 1.54303e+06, 155.241, 93.1987, 0, 125.701, 380.294, 1357.66, 0, 6.70033, 5916.82, 1960.39, 350.83, 0, 643.769, 103.683, 0, 0, 634.876, 0, 1234.15, 10764.7, 39.8285, 0, 0, 
n_nonzero: 141

