n_tets: 80
relErr: 0.22932
Selected tets: 99, 200, 141, 89, 164, 116, 93, 2, 77, 197, 63, 44, 194, 119, 185, 65, 18, 137, 145, 135, 169, 202, 186, 198, 172, 155, 25, 184, 138, 57, 189, 111, 146, 84, 123, 191, 118, 193, 127, 167, 69, 107, 86, 13, 187, 14, 0, 104, 142, 58, 67, 92, 201, 192, 72, 56, 122, 114, 61, 101, 153, 22, 102, 71, 130, 166, 183, 144, 113, 157, 4, 3, 62, 43, 105, 27, 175, 80, 7, 103, 
Weights: 7.35812, 1.28058, 6.12469, 1.00707, 28.32, 8.39102, 1.077, 0, 1.01719, 1.42716, 1.14239, 0, 0.90084, 0.494221, 0.966059, 7.33578, 4.51577, 1.11617, 0, 21.4679, 27.7364, 3.74472, 1.0688, 1.08695, 8.61522, 0, 3.88737, 0, 0.504493, 1.13188, 3.63814, 1.63741, 6.59255, 0, 2.64452, 4.93089, 6.89479, 2.29337, 4.253, 10.3622, 14.4075, 0, 6.99999, 0, 0.902318, 0, 0, 4.99912, 0.789162, 6.02019, 4.30304, 3.41116, 0, 2.09826, 29.7598, 0, 9.89542, 0, 13.7656, 0, 2.00049, 0, 13.9153, 12.2006, 12.8996, 38.2499, 17.7971, 21.4137, 4.12251, 13.4738, 4.92677, 0, 0.384318, 0, 3.53554, 3.89212, 0, 2.97625, 16.7734, 0, 
n_nonzero: 61

