n_tets: 104
relErr: 0.504459
Selected tets: 25939, 699, 8335, 12763, 14231, 4944, 1622, 18088, 45004, 33142, 17824, 26526, 34964, 29197, 41971, 4088, 9429, 28182, 37261, 22357, 32934, 24473, 44764, 29504, 14031, 10997, 2671, 39876, 22778, 17576, 37292, 27223, 35427, 992, 44953, 24904, 3681, 38672, 1548, 31816, 41017, 24340, 43890, 37493, 13703, 2979, 44748, 25368, 42705, 17570, 44816, 26508, 35141, 37485, 10559, 29550, 11894, 42687, 14294, 10567, 44291, 3093, 36649, 31115, 10652, 27915, 12262, 13861, 21682, 8391, 32080, 39501, 15389, 22564, 6641, 44226, 9963, 21658, 15930, 30067, 3006, 21196, 13786, 12178, 10960, 16308, 20405, 29476, 21551, 39865, 22699, 11408, 2945, 9729, 25223, 6191, 26836, 21676, 4089, 30066, 43910, 36640, 972, 29098, 
Weights: 3416.69, 2770.73, 3122.83, 2095.23, 1.42577, 2243.13, 0.72574, 3487.74, 111.619, 4.3316, 0.947015, 1.28566, 5.07843, 1451.9, 6.82645, 0, 68.1018, 6060.88, 5.05652, 1.55734, 5102.33, 3.57176, 0, 75.6944, 0, 194.415, 3835.98, 819.539, 0, 0.104767, 0, 1.1512, 176.46, 39.4136, 0.95748, 57.1202, 1.08384, 3.19979, 13.3716, 734.787, 6.90415, 0, 98.2862, 0, 0, 1.04843, 0, 0, 0.964906, 3.72694, 0, 0, 0.906055, 0, 1.02987, 0.858582, 16.668, 36.4568, 0.608321, 1155.18, 1.30672, 0, 27.5885, 1564.59, 5.77063, 2456.9, 10.3209, 79.1533, 24.9136, 0.333528, 168.476, 0.924647, 1.44152, 0.986135, 0, 5.13208, 17.141, 0.423725, 0.924224, 0, 2.47011, 6.10362, 3.70881, 0.362294, 1.00267, 86.7709, 2126.45, 5.12775, 3.56663, 81.1871, 703.289, 1.16206, 17.2374, 55.0612, 17.005, 33.3986, 0, 3.16013, 26.3538, 0, 529.516, 1376.96, 1.01651, 3.09905, 
n_nonzero: 86

Running time so far: 54.2408s

