n_tets: 80
relErr: 0.0114675
Selected tets: 99, 14, 57, 89, 11, 140, 103, 93, 119, 146, 185, 107, 138, 137, 153, 77, 199, 101, 135, 22, 48, 13, 186, 124, 201, 18, 202, 184, 198, 3, 84, 203, 152, 166, 53, 39, 128, 30, 88, 200, 194, 111, 73, 147, 63, 82, 20, 0, 197, 108, 183, 51, 8, 141, 132, 42, 28, 34, 150, 195, 49, 164, 142, 156, 120, 143, 187, 2, 72, 114, 189, 41, 87, 12, 110, 71, 130, 45, 70, 67, 
Weights: 18.6127, 0.996969, 0.998608, 1.00013, 7.48314, 0.998641, 3.72963, 0.99882, 0.999923, 0, 0.998675, 1.00204, 0.999454, 0.997856, 0.994949, 0.99621, 0.998863, 1.00341, 16.1599, 1.00282, 9.00452, 0.997163, 1.00014, 0, 1.00012, 0.997978, 1.02385, 0.99937, 0.999254, 0, 1.00619, 0.995924, 2.68581, 0, 3.81361, 1.00094, 8.14838, 3.14351, 13.377, 0.998332, 1.00323, 1.00342, 3.97232, 0, 0.989846, 2.26824, 13.1069, 0.982262, 0.985284, 0.680707, 1.00755, 5.48168, 5.56118, 1.83876, 5.07276, 21.1166, 1.56572, 2.5453, 15.7578, 2.3532, 0.9754, 5.37698, 4.22012, 2.96963, 0.947685, 12.8115, 0.974881, 2.08301, 1.00336, 1.98677, 0.964749, 5.02903, 3.82799, 4.15198, 5.74325, 1.64448, 2.61932, 2.22388, 1.47721, 0.577734, 
n_nonzero: 75

