n_tets: 13
relErr: 0.550026
Selected tets: 25939, 699, 8335, 12763, 14231, 4944, 1622, 18088, 45004, 33142, 17824, 26526, 34964, 
Weights: 5050.16, 4702.97, 5050.2, 3142.13, 1.27694, 7041.98, 0.717508, 2243.24, 140.92, 4.41191, 0.963601, 1.28477, 5.5995, 
n_nonzero: 13

Running time so far: 13.8545s

