n_tets: 225
relErr: 0.146207
Selected tets: 10555, 21616, 12946, 21677, 4748, 6996, 23325, 27965, 4263, 12045, 17320, 25683, 19465, 9519, 19914, 12330, 23888, 5093, 21360, 28276, 21477, 726, 19503, 27247, 19660, 8811, 19456, 1518, 11035, 8328, 15796, 13232, 19166, 13409, 6928, 11618, 25707, 19162, 2547, 15300, 2987, 17874, 23620, 1861, 15479, 1269, 22785, 25329, 27418, 10401, 17509, 29299, 4195, 25933, 24111, 12388, 15089, 13391, 10002, 20247, 6697, 16256, 19800, 1543, 21586, 15012, 15261, 18244, 12419, 5851, 4114, 13262, 4087, 12118, 14799, 19346, 18806, 6050, 5897, 19548, 27873, 14866, 12204, 6574, 615, 23457, 14449, 24519, 11464, 5283, 27830, 26024, 26451, 4776, 3022, 22444, 1404, 20672, 4294, 25936, 21442, 23021, 19072, 15701, 2551, 3044, 25426, 22905, 8294, 5524, 10404, 21587, 2827, 14554, 27248, 9885, 14214, 11571, 26472, 15465, 14082, 21181, 14519, 12796, 17326, 12794, 9864, 13331, 4089, 4435, 22616, 14548, 27641, 5693, 1542, 1535, 17875, 11961, 22296, 17872, 25247, 21218, 19661, 3008, 4099, 19164, 2655, 24925, 11924, 26592, 11946, 14, 4806, 20118, 696, 28794, 37, 15723, 27439, 5905, 18733, 25223, 5289, 2367, 19468, 16, 23539, 22121, 13333, 12601, 6716, 14702, 777, 21756, 21881, 8553, 29295, 10155, 24700, 6444, 8653, 18908, 24011, 14869, 10233, 789, 8742, 15862, 8779, 4848, 5006, 28077, 14853, 20638, 18181, 1415, 25225, 19519, 22555, 14943, 24497, 18975, 16334, 25177, 21516, 25078, 8387, 14942, 1459, 2822, 19361, 10959, 2534, 28075, 12206, 16862, 21440, 17034, 2153, 15193, 2215, 15380, 4667, 19236, 2071, 
Weights: 2808.86, 1304.34, 512.279, 524.757, 0, 311.962, 384.902, 0, 1.68572, 13.7599, 0.612281, 107.11, 1.02235, 951.596, 0, 116.1, 7.53511, 114.29, 0.967326, 3992.69, 2.02283, 0, 160.481, 1.22058, 58.8379, 0, 353.909, 0.911667, 30.1079, 382.174, 0, 6.26668, 0.510208, 0, 11.0649, 0, 341.436, 0, 225.203, 199.1, 0, 0, 15.9935, 0.989924, 43.4499, 0.431999, 2023.12, 109.374, 1928.43, 36.9173, 583.999, 299.431, 660.048, 0, 1.86654, 0, 1107.09, 125.486, 0.0338795, 0, 0, 0, 1.00666, 0.81257, 0.961265, 0, 0, 1068.11, 0, 0, 84.0377, 0, 1.00897, 0, 127.265, 55.8873, 707.041, 31.9097, 258.845, 0, 893.636, 2.27855, 271.128, 405.203, 0, 0, 0, 0, 482.087, 0, 16.6232, 315.363, 693.316, 0, 0, 0, 526.931, 245.816, 0, 61.0286, 1.13975, 2.32921, 1.34691, 198.355, 0, 419.101, 0, 0, 1.03434, 3.57007, 51.436, 6.55566, 0.977345, 0, 5.22019, 0, 33.681, 1.13993, 0, 0, 0, 75.3866, 0, 0.801935, 0, 1.04311, 123.75, 20.1839, 0.992631, 0, 0, 1040.28, 774.426, 39.7952, 1.38865, 0, 0, 1.12694, 97.8778, 1.01107, 210.541, 144.941, 0.723811, 79.6927, 2.12167, 0.997716, 42.8438, 0, 0, 0, 178.616, 602.22, 0, 0.976731, 1.02817, 332.631, 0.987265, 924.355, 0, 0, 0, 0, 1.57676, 0, 0.966619, 7.58162, 0, 0, 1.76768, 0, 0, 3.96925, 221.017, 0, 0.661638, 0, 0, 0, 100.21, 0, 1.03932, 0, 0, 0, 0, 310.224, 0, 0, 0, 1.06363, 0, 359.576, 810.725, 0, 0.984202, 139.851, 0, 298.747, 1.00288, 1.50176, 825.669, 0, 1218.75, 3.43722, 0, 0, 0, 0.998885, 0, 0, 0, 23.0762, 443.74, 0, 1.16517, 0, 0.5191, 0, 0.997271, 354.474, 138.467, 0, 87.7066, 0.407814, 366.403, 
n_nonzero: 140

Running time so far: 281.312s

