n_tets: 40
relErr: 0.88651
Selected tets: 102, 136, 98, 97, 43, 181, 200, 77, 68, 10, 28, 79, 2, 67, 1, 39, 47, 149, 65, 129, 188, 45, 190, 76, 176, 183, 146, 9, 53, 160, 26, 167, 5, 86, 157, 124, 55, 142, 17, 145, 
Weights: 0, 0, 0, 0, 0, 0, 0, 0, 0, 0, 0, 0, 1.77027e-15, 0, 0, 0, 0, 0, 0, 0, 0, 0, 0, 0, 54.5178, 0, 0, 0, 0, 0, 0, 0, 0, 0, 0, 0, 0, 0, 0, 0, 
n_nonzero: 1

