n_tets: 176
relErr: 0.0598434
Selected tets: 13986, 9874, 28312, 13284, 1214, 27342, 6233, 24777, 25350, 11692, 1312, 15251, 11970, 6638, 15836, 26177, 12232, 22738, 4998, 19909, 19835, 19799, 18800, 1088, 9388, 8792, 10521, 18579, 21869, 15721, 6623, 9788, 186, 26553, 20056, 12458, 20950, 21067, 20597, 24495, 27104, 6222, 215, 3129, 4136, 8521, 23166, 15194, 25355, 2064, 2824, 7633, 5419, 1906, 17492, 17558, 1541, 191, 20393, 11877, 24089, 7382, 27757, 10960, 21177, 9228, 11678, 14312, 13939, 5052, 4979, 13407, 22993, 20059, 21061, 17591, 18961, 24762, 19733, 8776, 21175, 19188, 4395, 18922, 17562, 8507, 21683, 13200, 21730, 7716, 4176, 16017, 12656, 29389, 2291, 10248, 22502, 16225, 24080, 4511, 10807, 9106, 23911, 9840, 25841, 5362, 28931, 256, 3857, 23843, 15303, 24964, 723, 22646, 3114, 1210, 24852, 29425, 6932, 14520, 11434, 21181, 12534, 293, 21755, 22435, 17221, 17785, 14797, 29482, 22609, 8294, 19923, 11702, 19083, 26436, 2840, 8550, 18423, 21044, 4142, 2781, 19575, 15904, 1539, 2282, 5816, 8298, 21427, 24205, 14012, 14015, 4153, 22113, 17390, 24144, 23891, 4489, 21777, 23887, 19517, 7318, 6878, 15772, 9748, 8520, 7316, 14262, 8556, 11055, 18952, 17968, 8629, 2784, 11945, 25049, 
Weights: 349.48, 0, 747.147, 0, 0, 519.945, 437.531, 1946.51, 565.111, 0, 1499.4, 0, 0, 0, 111.359, 619.787, 112.267, 0, 208.567, 0, 36.6991, 129.565, 0, 0, 0, 288.271, 20.1907, 73.7122, 0, 674.02, 0, 344.742, 0, 160.511, 20.343, 0, 982.567, 0, 46.7248, 694.685, 0, 1548.89, 0, 0, 17.9271, 148.474, 97.7414, 786.263, 256.101, 129.832, 16.7626, 353.943, 130.491, 212.96, 0, 391.815, 0, 0, 0, 170.687, 0, 127.836, 262.034, 17.7564, 1.71015, 0, 56.1547, 0, 0, 11.6602, 0, 96.1721, 107.779, 105.521, 763.495, 102.237, 459.386, 719.658, 0, 0, 0, 326.978, 18.3595, 452.027, 850.912, 218.08, 179.57, 13.2489, 71.019, 0, 0, 258.83, 409.969, 0, 0, 788.122, 32.2384, 231.187, 13.3375, 1127.73, 1.95213, 1387.65, 185.334, 259.368, 0, 939.258, 175.859, 85.2956, 0, 362.627, 27.1772, 0, 0, 123.84, 33.6213, 0, 0, 1008.97, 0, 370.258, 185.477, 0.0450511, 76.1495, 82.2538, 0, 0, 162.284, 124.796, 775.607, 0, 230.296, 0, 141.03, 73.167, 112.062, 0, 100.345, 13.6497, 477.325, 0, 7.01898, 101.815, 32.1704, 485.262, 135.778, 0, 485.442, 362.644, 379.616, 18.1029, 9.05103, 88.0322, 0, 0, 0.631194, 14.322, 0, 372.089, 41.4918, 61.2684, 0, 43.8007, 0, 56.7391, 407.173, 147.158, 0, 87.6122, 49.4092, 337.015, 118.451, 73.7027, 128.528, 45.9599, 115.603, 0, 
n_nonzero: 119

Running time so far: 43.218s

