n_tets: 171
relErr: 0.0641743
Selected tets: 19769, 26370, 25715, 13923, 23203, 22574, 27025, 9146, 28769, 8502, 10745, 18639, 29465, 21592, 5495, 3716, 21991, 3083, 27733, 23928, 27103, 20392, 19595, 9764, 18971, 27882, 12327, 19555, 5285, 18949, 4172, 29299, 13223, 12721, 6078, 28816, 1404, 7754, 12744, 9846, 27990, 17874, 19028, 20877, 10754, 1537, 27514, 15823, 14157, 4354, 2824, 27159, 29186, 9490, 11045, 23341, 5609, 15235, 8071, 20229, 22980, 8572, 21788, 12363, 2402, 10973, 27416, 2289, 22727, 22722, 24552, 18922, 4087, 17761, 18891, 14988, 18731, 20598, 17718, 1415, 6437, 815, 7470, 5543, 12533, 20058, 17875, 13200, 8254, 4561, 12186, 7344, 22465, 27460, 23148, 6472, 22767, 18168, 26850, 4090, 23238, 23021, 17148, 3607, 26409, 12910, 11066, 15696, 3086, 5783, 37, 15624, 11602, 6015, 18991, 13408, 7454, 29075, 19394, 3034, 12117, 21181, 17621, 5200, 21755, 1244, 5797, 32, 6497, 14451, 8691, 11659, 6548, 18733, 24134, 3867, 21930, 24583, 41, 25843, 19617, 2188, 21088, 20615, 2562, 19164, 23762, 19722, 11924, 23082, 7590, 9315, 24075, 11285, 29137, 7377, 11051, 6227, 27439, 6210, 21627, 7228, 25473, 20883, 19471, 1381, 4979, 24007, 19501, 22405, 12583, 
Weights: 1514.35, 1054.65, 742.512, 0, 143.583, 276.561, 0, 185.913, 756.856, 413.641, 78.4233, 57.8116, 0, 0, 176.915, 0, 0, 0, 0, 88.2957, 0, 27.5906, 0, 105.107, 427.751, 0, 343.72, 43.7774, 0, 436.848, 473.814, 158.878, 231.955, 0, 392.48, 0, 495.322, 902.157, 0, 274.837, 1137.78, 0, 0, 729.447, 1295.71, 47.1212, 0, 0, 57.7346, 208.264, 0, 501.482, 287.428, 429.586, 477.205, 0, 0, 34.1598, 0, 64.3401, 321, 0, 0, 19.8626, 0, 32.0745, 0, 18.0749, 0, 0, 116.512, 1175.13, 0.971471, 0, 0, 0, 0, 0, 110.239, 278.496, 0, 242.561, 0, 0, 0, 55.0805, 0.844371, 0, 0, 110.135, 524.953, 51.6548, 965.599, 273.22, 0, 75.0379, 865.606, 0, 0, 0.957788, 0, 0, 0, 41.1518, 0, 709.253, 144.524, 673.686, 0, 0, 225.799, 79.6337, 0, 83.8552, 39.4322, 0, 0, 251.429, 278.903, 253.938, 0, 0, 845.925, 2.50422, 0, 287.863, 865.696, 57.544, 0, 0, 574.666, 794.584, 0, 3.47833, 32.693, 875.706, 3.55692, 93.0804, 15.6947, 63.8493, 112.665, 0, 0, 55.1788, 218.932, 80.359, 0, 0, 99.2469, 572.283, 0, 0, 0, 693.648, 0, 293.712, 108.431, 0, 425.41, 0, 0, 624.973, 262.738, 112.022, 81.6472, 230.488, 16607.8, 0, 107.621, 32.7832, 56.6383, 
n_nonzero: 101

Running time so far: 81.6025s

