n_tets: 9
relErr: 0.0410866
Selected tets: 4426, 23078, 17532, 17337, 21103, 2472, 13472, 22419, 20695, 
Weights: 529.453, 571.35, 15792.4, 626.053, 0, 20724.7, 864.153, 489.429, 82230.9, 
n_nonzero: 8

Running time so far: 2.98285s

