n_tets: 135
relErr: 0.0642135
Selected tets: 19769, 26370, 25715, 13923, 23203, 22574, 27025, 9146, 28769, 8502, 10745, 18639, 29465, 21592, 5495, 3716, 21991, 3083, 27733, 23928, 27103, 20392, 19595, 9764, 18971, 27882, 12327, 19555, 5285, 18949, 4172, 29299, 13223, 12721, 6078, 28816, 1404, 7754, 12744, 9846, 27990, 17874, 19028, 20877, 10754, 1537, 27514, 15823, 14157, 4354, 2824, 27159, 29186, 9490, 11045, 23341, 5609, 15235, 8071, 20229, 22980, 8572, 21788, 12363, 2402, 10973, 27416, 2289, 22727, 22722, 24552, 18922, 4087, 17761, 18891, 14988, 18731, 20598, 17718, 1415, 6437, 815, 7470, 5543, 12533, 20058, 17875, 13200, 8254, 4561, 12186, 7344, 22465, 27460, 23148, 6472, 22767, 18168, 26850, 4090, 23238, 23021, 17148, 3607, 26409, 12910, 11066, 15696, 3086, 5783, 37, 15624, 11602, 6015, 18991, 13408, 7454, 29075, 19394, 3034, 12117, 21181, 17621, 5200, 21755, 1244, 5797, 32, 6497, 14451, 8691, 11659, 6548, 18733, 24134, 
Weights: 1634.68, 1052.11, 1498.15, 0, 18.1624, 258.943, 93.3455, 389.207, 809.108, 370.984, 122.686, 105.52, 0, 0, 301.265, 0, 0, 60.0264, 107.1, 147.685, 0, 0, 0, 164.917, 491.759, 0, 314.384, 120.926, 406.522, 244.867, 463.592, 144.971, 316.07, 0, 456.696, 0, 510.651, 617.69, 67.3802, 155.468, 1466.76, 0, 0, 643.798, 0, 56.6036, 453.197, 0, 67.8326, 104.111, 14.4924, 439.631, 305.62, 342.21, 1101.39, 0, 0, 37.3804, 0, 101.451, 147.705, 0, 0, 50.9221, 0, 61.6299, 0, 43.0811, 404.041, 0, 24.167, 1617.09, 0.970591, 72.6888, 0, 0, 179.605, 15.4049, 0, 13.279, 0, 305.238, 324.23, 0, 0, 57.7748, 0.843466, 0, 0, 415.892, 528.705, 33.4049, 1267.14, 517.654, 84.607, 407.873, 1260.85, 0, 0, 0.955794, 17.3899, 0, 0, 392.232, 0, 765.019, 143.928, 1267.52, 17.9994, 0, 241.059, 23.6908, 0, 106.537, 152.218, 0, 0, 203.208, 97.9961, 101.187, 0, 16.959, 858.698, 103.089, 127.411, 51.2633, 1006.51, 51.153, 78.2447, 51.7545, 436.743, 1419.07, 224.114, 0, 0, 
n_nonzero: 92

Running time so far: 60.8195s

