n_tets: 115
relErr: 0.0955844
Selected tets: 995, 6736, 3302, 3987, 3394, 5919, 5053, 3766, 4748, 2193, 2122, 6506, 5764, 1865, 4146, 1481, 7325, 7320, 3959, 6094, 983, 4455, 1823, 6731, 3811, 2352, 488, 6772, 7227, 66, 6257, 6007, 3897, 2837, 6381, 2097, 2003, 2113, 6822, 854, 5717, 2379, 5482, 929, 4260, 5442, 5647, 3953, 7480, 3285, 2645, 3423, 7447, 205, 7291, 3554, 1134, 5283, 2773, 7449, 4780, 2781, 2964, 1828, 1942, 5356, 7446, 2662, 7378, 1587, 757, 3561, 5450, 489, 7483, 2988, 2756, 1944, 1782, 3087, 838, 1882, 3553, 198, 2212, 1505, 7445, 5823, 2668, 3188, 3426, 3122, 7048, 3326, 1443, 4753, 5652, 5492, 6283, 834, 3932, 1017, 847, 175, 7226, 3876, 6269, 2178, 1906, 2868, 5016, 4483, 4707, 5837, 6643, 
Weights: 637.815, 352.259, 47.7537, 153.657, 87.5084, 243.636, 21.3558, 0, 339.512, 74.4634, 18.8439, 647.601, 62.0343, 95.349, 66.1735, 31.144, 1.04479, 0.947741, 63.3398, 95.2346, 62.2713, 0.681506, 0, 283.479, 100.717, 1.00448, 1.05934, 177.22, 13.8253, 170.132, 48.3291, 90.5827, 7.56274, 2.19403, 213.685, 0.997294, 1.05323, 46.0459, 7.94242, 185.7, 1.01433, 1.02009, 0.442961, 1.00622, 202.557, 0.990577, 0.953162, 1.66649, 0.448955, 0.993936, 218.639, 209.703, 0.974094, 0.986041, 28.2404, 5.04588, 464.982, 1.02139, 47.0477, 0.929701, 351.159, 0.998757, 87.689, 27.6518, 2.2433, 0.330101, 1.11488, 1.00456, 119.035, 143.297, 0, 6.26512, 1.17251, 160.236, 11.6809, 0.786041, 122.778, 0.724421, 0.965118, 0, 1.03879, 0.973481, 0, 0.372273, 99.6129, 304.87, 1.11751, 2.56702, 1.46699, 104.324, 13.0821, 86.4032, 10.0694, 185.587, 29.0362, 0, 0.393717, 0.985194, 22.9877, 2.51609, 153.978, 4.98232, 196.327, 231.457, 3.27342, 0.967161, 38.2875, 1.00896, 0.700842, 0.766263, 0.820287, 0.606073, 124.481, 0.97275, 1.02152, 
n_nonzero: 109

