n_tets: 13
relErr: 0.354414
Selected tets: 99, 89, 141, 93, 171, 185, 186, 65, 77, 57, 53, 2, 172, 
Weights: 55.4254, 1.02864, 60.2706, 0.997906, 108.926, 0.968814, 0.845342, 29.6286, 1.04654, 1.43221, 143.338, 7.26967, 21.6227, 
n_nonzero: 13

