n_tets: 225
relErr: 0.139581
Selected tets: 995, 6736, 3302, 3987, 5864, 4070, 3730, 3440, 7494, 2193, 2122, 2261, 5764, 5142, 6166, 3572, 3695, 7454, 5135, 7320, 5016, 4455, 1016, 3762, 5387, 2352, 4049, 1000, 3179, 1735, 5789, 5372, 4724, 685, 5526, 1828, 6339, 5976, 264, 645, 5895, 5482, 3808, 1141, 1909, 5442, 7480, 3953, 2668, 5647, 5939, 2837, 270, 3811, 4160, 2849, 2642, 5738, 4590, 4390, 205, 2781, 2258, 4000, 6711, 5356, 886, 2662, 3672, 3262, 6141, 3341, 3561, 284, 7483, 4651, 3990, 7445, 1782, 6646, 838, 1751, 1411, 198, 7048, 3775, 7465, 7325, 2920, 3201, 237, 5204, 7393, 2830, 2415, 250, 5652, 5492, 2594, 3367, 86, 1017, 4883, 296, 2003, 3876, 7443, 5153, 1906, 648, 400, 4483, 3285, 212, 6643, 842, 4009, 3391, 3863, 56, 4416, 145, 4663, 1780, 667, 2338, 2700, 3688, 4167, 4196, 4838, 2255, 1682, 1896, 2176, 929, 2528, 5632, 4648, 1339, 5876, 69, 2367, 463, 2591, 7486, 6474, 6461, 1369, 6531, 3897, 91, 4687, 1501, 362, 5771, 2093, 2333, 3955, 372, 606, 1223, 3804, 1701, 443, 7227, 717, 7485, 7119, 2406, 2063, 3504, 5981, 3535, 4841, 2097, 4050, 2213, 5283, 3257, 6342, 1910, 6998, 5838, 1395, 6645, 6489, 5413, 3022, 1904, 914, 4962, 1107, 4081, 4308, 7321, 1810, 5450, 3644, 3907, 7523, 1225, 3476, 1317, 5154, 7484, 1824, 7040, 653, 5677, 2379, 7323, 7322, 1852, 3708, 3317, 1010, 4053, 2857, 6014, 1989, 388, 6162, 6499, 1442, 
Weights: 304.958, 37.8213, 72.735, 73.2027, 49.7214, 73.4425, 132.926, 246.634, 121.713, 66.7598, 4.18257, 13.1566, 33.93, 277.663, 0, 341.573, 77.7524, 42.8029, 15.824, 0.981812, 0.387506, 0.674379, 0, 0, 0, 1.01083, 1.011, 0, 93.1146, 23.1964, 127.551, 24.49, 0.0710339, 71.2268, 18.815, 0, 0, 345.434, 18.1329, 62.4616, 0, 1.29578, 0, 116.269, 37.1673, 0.951223, 0, 0.907479, 1.07404, 0.940214, 64.8948, 2.42165, 24.2516, 21.9668, 35.9053, 9.76175, 58.1988, 0, 1387.79, 39.5533, 0.998313, 0.998943, 218.246, 544.431, 0.389886, 15.3223, 55.0131, 1.00407, 0, 56.738, 36.7604, 17.8526, 19.7909, 0, 2.65665, 0.077269, 0, 0, 1.07221, 0, 1.51258, 0, 103.966, 0.402641, 1.58906, 80.0417, 0, 0.550517, 52.1305, 0, 8.22296, 26.713, 0, 0, 39.0298, 64.6675, 0.100369, 0.979821, 40.0061, 0, 67.0928, 0, 46.535, 70.1585, 0.91219, 0.960449, 0, 161.39, 0.689883, 77.0719, 39.4692, 0.721838, 0.931912, 3.92407, 1.03419, 49.7144, 0, 0, 101.846, 1.30357, 8.30913, 20.7994, 0.946482, 49.4818, 6.60414, 0, 586.804, 0, 0, 156.317, 15.006, 0, 0.777576, 0, 11.4522, 0.9645, 27.5735, 39.233, 154.505, 15.8164, 0, 0, 37.6445, 0, 88.532, 14.6856, 240.048, 16.2262, 90.6623, 34.9981, 7.56028, 15.18, 10.3233, 61.4624, 3.09965, 0, 0, 60.5466, 0.887332, 44.5678, 14.3407, 2.29836, 0, 0, 0, 12.0631, 0, 0.102578, 91.2659, 0, 0, 0, 0, 31.7021, 133.302, 0.991861, 25.3588, 16.0512, 1.03607, 2.70954, 41.8152, 0, 15.7819, 27.3881, 138.219, 25.1138, 29.3278, 8.84088, 71.4641, 14.7781, 53.1017, 0, 0, 37.053, 0, 0.837782, 0, 1.04252, 26.3632, 60.7831, 513.229, 63.6618, 20.7194, 16.6733, 194.471, 0, 5.50801, 242.516, 10.3315, 274.969, 1.36777, 23.8999, 0, 0, 5.61693, 0, 0, 103.452, 4.45562, 23.5968, 0, 7.96667, 32.3119, 0, 13.6292, 
n_nonzero: 169

