n_tets: 122
relErr: 0.0885424
Selected tets: 995, 6736, 3302, 3987, 3394, 5919, 5053, 3766, 4748, 2193, 2122, 6506, 5764, 1865, 4146, 1481, 7325, 7320, 3959, 6094, 983, 4455, 1823, 6731, 3811, 2352, 488, 6772, 7227, 66, 6257, 6007, 3897, 2837, 6381, 2097, 2003, 2113, 6822, 854, 5717, 2379, 5482, 929, 4260, 5442, 5647, 3953, 7480, 3285, 2645, 3423, 7447, 205, 7291, 3554, 1134, 5283, 2773, 7449, 4780, 2781, 2964, 1828, 1942, 5356, 7446, 2662, 7378, 1587, 757, 3561, 5450, 489, 7483, 2988, 2756, 1944, 1782, 3087, 838, 1882, 3553, 198, 2212, 1505, 7445, 5823, 2668, 3188, 3426, 3122, 7048, 3326, 1443, 4753, 5652, 5492, 6283, 834, 3932, 1017, 847, 175, 7226, 3876, 6269, 2178, 1906, 2868, 5016, 4483, 4707, 5837, 6643, 2621, 4613, 2748, 2488, 4049, 7420, 1309, 
Weights: 600.942, 298.623, 65.9945, 147.34, 78.7931, 203.236, 8.57401, 0, 290.424, 42.9576, 16.3421, 612.202, 64.228, 102.732, 79.6897, 0, 1.04409, 0.947346, 46.296, 90.5914, 54.0375, 0.679126, 0, 300.729, 81.0422, 1.00466, 1.05982, 166.279, 13.766, 198.194, 51.7458, 75.8522, 5.40244, 2.09148, 147.406, 1.00684, 1.05134, 43.0514, 4.7396, 149.731, 1.01367, 1.02071, 0.447004, 1.00717, 228.631, 0.990791, 0.998537, 1.31589, 0.450889, 0.993542, 226.215, 221.087, 0.97445, 0.987362, 15.1972, 4.9029, 454.133, 1.02293, 0, 0.925454, 363.013, 0.998678, 55.1279, 55.7368, 2.22968, 1.02278, 1.19049, 1.00266, 94.1819, 155.14, 0, 6.63114, 1.17398, 235.998, 11.7323, 0.772053, 120.381, 0.561408, 0.948552, 0, 1.00674, 0.981524, 0, 0.375144, 83.8551, 248.062, 1.10369, 2.52222, 1.31952, 81.7593, 12.2674, 111.694, 10.3266, 241.536, 35.6729, 0, 0.408038, 0.984584, 28.6873, 2.08678, 118.565, 0, 303.244, 320.978, 4.70924, 0.968139, 42.2883, 1.00859, 0.700585, 0.78662, 0.841557, 0.640575, 147.16, 0.972513, 1.02202, 23.1225, 40.1003, 0.988904, 1.69713, 1.02222, 15.6456, 41.9013, 
n_nonzero: 113

