n_tets: 275
relErr: 0.331914
Selected tets: 32562, 42675, 7400, 38757, 28732, 43879, 34020, 14663, 14859, 42759, 22443, 10634, 5978, 37804, 28795, 28803, 32402, 41971, 29320, 20127, 20195, 11336, 44942, 27216, 22250, 1961, 39019, 20950, 16309, 24941, 28091, 39255, 43258, 1820, 33980, 29553, 38698, 38867, 4042, 8391, 31826, 7766, 16138, 3845, 43883, 2979, 24124, 29217, 10435, 21177, 4725, 20125, 17790, 22361, 19515, 36163, 28351, 29877, 21975, 13782, 29410, 18013, 10363, 4301, 8559, 33077, 16720, 37321, 12683, 5310, 10419, 1617, 8545, 39181, 19418, 34555, 18584, 44231, 1634, 2543, 15819, 38626, 28706, 19861, 19504, 38079, 24500, 34060, 33978, 25061, 12813, 42805, 38847, 24400, 43881, 44735, 15828, 26515, 9529, 38938, 38101, 6030, 4723, 31818, 31854, 44288, 21500, 41986, 6077, 13145, 35241, 13885, 43848, 22347, 16513, 13068, 13783, 9176, 13091, 24881, 39288, 16805, 14512, 15569, 4205, 11311, 37438, 6488, 4814, 18026, 14017, 3963, 41982, 18898, 34055, 39884, 41978, 33025, 12113, 1783, 27313, 6489, 6721, 9870, 34337, 28612, 8199, 17061, 8928, 23481, 18852, 39187, 1686, 12138, 18358, 8544, 43702, 38068, 3687, 2802, 29330, 30897, 1953, 23484, 31074, 22114, 29197, 39020, 59, 44638, 16518, 25334, 34016, 28904, 18588, 12085, 1320, 31828, 22894, 23634, 44291, 19841, 39167, 32548, 35144, 43894, 35158, 12876, 34184, 42425, 11176, 29906, 1339, 29905, 765, 18854, 903, 28587, 982, 8810, 12923, 15917, 20428, 39001, 6803, 15327, 2153, 27254, 43889, 27771, 3093, 32514, 39175, 9855, 26654, 9537, 42459, 29209, 13607, 44003, 38821, 1113, 22291, 28353, 12185, 39021, 42084, 28364, 34341, 21433, 1616, 16308, 9572, 11688, 21493, 4317, 1914, 43575, 1615, 37713, 39900, 38747, 33727, 44414, 39735, 22346, 42822, 25065, 38032, 6082, 34347, 18020, 37739, 10227, 42080, 22297, 12190, 12207, 9036, 3527, 4350, 22866, 2702, 23456, 6337, 5687, 14077, 26610, 6239, 23463, 30911, 12210, 42721, 21169, 27517, 
Weights: 1469.09, 4354.9, 0, 0.851312, 3477.34, 20.1879, 87.266, 1.00207, 2.41062, 0, 61.1868, 724.716, 0, 1.15051, 1.98955, 0, 537.74, 21.45, 0, 0, 0, 0.485235, 0, 40.7904, 0, 1.57429, 0, 416.984, 0, 0, 943.252, 0, 0, 1.07292, 2.67876, 0, 0.922849, 0.389414, 519.883, 1.10563, 201.957, 0, 0, 0, 0.788168, 7.85314, 0, 0.865348, 2.38157, 1405.86, 32.8145, 1.01715, 5.43999, 0, 17.2126, 7.03678, 0, 0, 27.9135, 0, 0, 650.731, 452.955, 0, 344.221, 0.924023, 0.95885, 2051.79, 0.649652, 8.18229, 0, 20.3838, 3.33546, 64.2568, 381.977, 0, 0, 0, 331.356, 0, 571.143, 3.07752, 117.187, 0, 0, 3443.37, 233.921, 132.77, 132.839, 27.6417, 1.68116, 0, 1.3406, 0, 1.10846, 0, 0, 1.1342, 0.943925, 0.950894, 3.74296, 0, 0.388264, 39.479, 131.859, 0, 0, 0, 0, 1.99368, 1.02195, 4515.77, 0, 0.996806, 124.222, 84.5802, 4.2832, 965.104, 0, 0, 0, 85.7356, 1086.38, 1064.54, 1165.97, 0, 0, 390.564, 0.776817, 19.4363, 0, 1.13381, 33.2024, 0, 0, 0, 1.38345, 148.776, 0.920502, 13.5359, 2.01267, 0.385291, 116.255, 2.34138, 68.5421, 21.7986, 0, 0, 185.309, 17.9583, 1.05514, 1.57817, 0, 292.489, 2.09502, 1.01873, 0, 0.705587, 210.642, 4.61253, 0, 0, 47.8448, 3.18961, 57.7631, 0.856542, 19.4216, 0, 46.0164, 2.57187, 21.9515, 4.39828, 0, 0, 10.0194, 0, 1.05829, 3.31331, 0.796388, 0, 12.1581, 1.06284, 0.96286, 1.35347, 220.887, 0.998486, 0, 30.0574, 0, 53.965, 10.9314, 0, 0.329757, 1.02668, 0, 0.970526, 0, 1.51666, 0.823803, 285.916, 1.01193, 0, 303.17, 0, 1.02751, 2.40999, 14.0177, 6.2783, 0, 1.02798, 215.628, 254.705, 0, 654.594, 0, 0, 89.8519, 1.23446, 225.485, 276.424, 0.915257, 0, 0.925037, 1132.5, 0, 7.61874, 474.573, 32.2181, 0, 901.025, 559.206, 1.00078, 296.959, 191.711, 2417.34, 672.457, 0, 338.824, 0, 0, 0.509606, 0, 0.960213, 6.65726, 0, 0.781958, 57.3288, 1.45227, 691.159, 0, 5136.59, 38.2086, 85.373, 1.95878, 0, 0.90948, 154.156, 62.56, 1.47218, 2.27351, 0, 0, 0, 168.494, 1.45541, 0, 0, 0, 669.641, 75.7244, 1.23301, 290.955, 2.60128, 0, 1147.26, 
n_nonzero: 185

Running time so far: 187.78s

