n_tets: 288
relErr: 0.139861
Selected tets: 10555, 21616, 12946, 21677, 4748, 6996, 23325, 27965, 4263, 12045, 17320, 25683, 19465, 9519, 19914, 12330, 23888, 5093, 21360, 28276, 21477, 726, 19503, 27247, 19660, 8811, 19456, 1518, 11035, 8328, 15796, 13232, 19166, 13409, 6928, 11618, 25707, 19162, 2547, 15300, 2987, 17874, 23620, 1861, 15479, 1269, 22785, 25329, 27418, 10401, 17509, 29299, 4195, 25933, 24111, 12388, 15089, 13391, 10002, 20247, 6697, 16256, 19800, 1543, 21586, 15012, 15261, 18244, 12419, 5851, 4114, 13262, 4087, 12118, 14799, 19346, 18806, 6050, 5897, 19548, 27873, 14866, 12204, 6574, 615, 23457, 14449, 24519, 11464, 5283, 27830, 26024, 26451, 4776, 3022, 22444, 1404, 20672, 4294, 25936, 21442, 23021, 19072, 15701, 2551, 3044, 25426, 22905, 8294, 5524, 10404, 21587, 2827, 14554, 27248, 9885, 14214, 11571, 26472, 15465, 14082, 21181, 14519, 12796, 17326, 12794, 9864, 13331, 4089, 4435, 22616, 14548, 27641, 5693, 1542, 1535, 17875, 11961, 22296, 17872, 25247, 21218, 19661, 3008, 4099, 19164, 2655, 24925, 11924, 26592, 11946, 14, 4806, 20118, 696, 28794, 37, 15723, 27439, 5905, 18733, 25223, 5289, 2367, 19468, 16, 23539, 22121, 13333, 12601, 6716, 14702, 777, 21756, 21881, 8553, 29295, 10155, 24700, 6444, 8653, 18908, 24011, 14869, 10233, 789, 8742, 15862, 8779, 4848, 5006, 28077, 14853, 20638, 18181, 1415, 25225, 19519, 22555, 14943, 24497, 18975, 16334, 25177, 21516, 25078, 8387, 14942, 1459, 2822, 19361, 10959, 2534, 28075, 12206, 16862, 21440, 17034, 2153, 15193, 2215, 15380, 4667, 19236, 2071, 4357, 44, 6472, 6005, 5968, 2021, 2812, 8298, 24134, 6131, 617, 4921, 9210, 33, 5081, 22119, 14847, 11963, 25756, 21341, 20534, 15775, 4356, 374, 18870, 22518, 15178, 10398, 14371, 2597, 10001, 11934, 26155, 28063, 15361, 3281, 4217, 4565, 20062, 13169, 19486, 19517, 9854, 13827, 19829, 29557, 18271, 23875, 8312, 19054, 20693, 3069, 8095, 3096, 27251, 10752, 1271, 6463, 14427, 26395, 7348, 18782, 2111, 
Weights: 1544.06, 1424.83, 228.139, 383.051, 0, 47.1227, 521.379, 0, 1.63895, 11.0082, 1.05984, 277.216, 0.947371, 659.23, 0, 0, 0, 119.571, 0.973777, 398.23, 1.98779, 0, 32.2387, 1.20994, 62.0545, 121.176, 6.52331, 1.00311, 11.8325, 240.1, 0, 6.31604, 0.510213, 0, 10.8589, 0, 0, 64.2029, 0, 126.277, 0, 0, 0, 0.994003, 0, 0.415173, 405.083, 0, 1013.21, 38.2472, 0, 194.011, 0, 0, 1.88268, 0, 652.915, 0, 0.205759, 0, 0, 1447.57, 0.999993, 0.806399, 0.971961, 0, 0, 0, 0, 0, 0, 0, 1.0087, 2.91037, 0, 70.7965, 481.296, 0, 450.07, 0, 286.208, 2.10891, 76.2511, 55.0195, 0, 0, 11.2609, 89.075, 387.154, 0, 16.979, 85.0994, 445.11, 0, 0, 0, 854.288, 24.4449, 0, 60.0063, 1.12332, 2.32425, 0, 110.329, 0, 0, 0, 42.3803, 1.03946, 3.56687, 56.3875, 1.10459, 27.1289, 0, 5.28973, 1255.19, 31.5201, 1.13918, 0, 0, 0, 0, 0, 0.770152, 0, 0, 123.105, 20.0237, 0.993631, 0, 0, 1642.91, 448.035, 0, 1.38747, 0, 0, 1.11775, 76.2912, 1.0077, 355.305, 113.08, 0.718863, 8.7407, 2.13934, 0.998603, 14.9071, 162.82, 0, 1.28848, 35.9784, 0, 331.053, 0.976505, 1.01821, 421.802, 0.987588, 775.307, 0, 0, 0, 0, 1.56706, 0, 0.966945, 84.2941, 0, 2.55264, 1.80057, 0, 0, 3.92665, 0, 31.9404, 0.793588, 5.41407, 205.891, 0, 54.6274, 0, 1.03771, 0, 0, 0, 0, 663.105, 0, 0, 0, 1.03853, 0, 91.8439, 469.367, 674.554, 0.984037, 0, 62.5082, 42.9247, 0.971112, 1.4979, 1009.12, 0, 1211.06, 3.4108, 0, 0, 0, 0.994082, 0, 0, 593.733, 130.823, 11.4977, 63.8445, 1.16354, 0, 0.652265, 590.792, 0.995628, 328.36, 0, 181.801, 122.382, 1.74206, 606.385, 3.97097, 243.859, 1.05108, 409.209, 0, 754.131, 0, 0, 9.55272, 14.4928, 0.990718, 0, 0.888113, 0, 0, 0, 2.93419, 0, 0.894268, 353.712, 166.382, 14.322, 0, 9.12296, 1.31083, 0, 0.997789, 0.96071, 173.229, 1135.07, 0, 977.265, 43.2738, 478.985, 363.234, 0, 0.957824, 21.4631, 0, 1.10446, 2.2096, 0, 305.462, 0, 107.33, 13.4511, 0, 0.490162, 203.819, 654.878, 0, 0, 168.383, 104.117, 0.937256, 0, 0.508897, 0.820907, 0, 2573.79, 0, 0, 34.4103, 
n_nonzero: 179

Running time so far: 414.684s

