n_tets: 105
relErr: 0.534787
Selected tets: 7270, 3342, 2729, 7516, 4735, 4115, 5092, 675, 2386, 4185, 249, 6788, 1975, 2958, 2912, 4212, 3462, 7402, 938, 5468, 3845, 1716, 3609, 394, 7294, 6477, 6834, 4114, 5275, 7421, 7271, 1048, 6793, 365, 6023, 2179, 2097, 2361, 1991, 264, 1377, 2044, 5482, 386, 7069, 2211, 6337, 182, 5904, 4266, 6650, 796, 3699, 5734, 4858, 516, 7519, 1337, 802, 3630, 6801, 3645, 4988, 6614, 1230, 2153, 7243, 1288, 7043, 4440, 1268, 1481, 6782, 4556, 5002, 6667, 2778, 5488, 4915, 5811, 4321, 1451, 6244, 142, 5731, 6146, 3236, 4935, 128, 7382, 5427, 4218, 2300, 193, 5356, 5326, 6571, 6252, 7194, 3164, 3783, 1928, 3749, 6649, 1600, 
Weights: 0, 0, 0, 0, 0, 0, 22.9738, 0, 0, 0, 0, 0, 0, 0, 28.8424, 10.1341, 0, 0, 0, 35.727, 0, 0, 0, 0, 0, 0, 0, 0, 0, 0, 0, 10982.9, 0, 0, 0, 0, 0, 87.5286, 0, 523.113, 0, 0, 0, 138.793, 0, 236.272, 0, 0, 635.021, 0, 0, 0, 0, 0, 0, 0, 0, 0, 0, 8.7925, 0, 0, 0, 1.32378, 0, 0, 0, 0, 7.045e-06, 0, 0, 1.76075, 0, 24.5871, 0, 0, 0, 0, 0, 0, 6569.82, 0, 0, 0, 0, 0, 0, 0, 0, 0, 0, 0, 0, 102.464, 0, 0, 0, 0, 0, 0, 0, 0, 0, 0, 0, 
n_nonzero: 16

