n_tets: 105
relErr: 0.37108
Selected tets: 646, 4859, 766, 5730, 6102, 5173, 2479, 5512, 6491, 2756, 5585, 4720, 5726, 4711, 2853, 536, 3953, 3924, 4232, 5053, 2737, 4569, 3380, 591, 3595, 1316, 4049, 943, 6702, 2401, 237, 5636, 4724, 769, 4082, 5093, 204, 4948, 1781, 441, 2597, 1573, 5823, 7446, 2416, 5442, 2694, 6551, 2668, 5345, 1776, 2660, 6342, 3414, 4546, 2849, 2928, 4458, 1736, 2463, 205, 7485, 6837, 2477, 2617, 1630, 6531, 3308, 90, 677, 4651, 2780, 4815, 489, 3792, 5229, 4522, 1944, 3985, 6470, 3786, 3734, 4241, 198, 7397, 5607, 2172, 896, 4694, 3201, 6934, 4729, 4384, 5356, 4943, 3317, 3814, 1099, 2022, 2371, 5946, 3566, 3901, 3670, 7226, 
Weights: 169.725, 11193.1, 470.247, 0, 1629.48, 2471.22, 162364, 8136.46, 18.9504, 14.3515, 747.18, 29.7394, 0, 452.299, 4.5869, 0, 0, 650.205, 349.849, 27751.5, 3546.94, 90.3871, 361.307, 79252.8, 65.5298, 11.7325, 0.113478, 2515.89, 3699.17, 0, 45200.7, 8030.64, 82.4455, 95.6323, 0, 0, 0, 6671.99, 3511.19, 445.35, 20421.6, 0, 0, 0, 70.8699, 14.5594, 2178.1, 14900.9, 1.35526, 112.938, 0, 0, 45.7491, 0, 832.939, 4426.36, 178.26, 179.467, 2190.34, 379.103, 10.1345, 374.485, 29113.1, 18.3496, 12.8164, 26412.1, 143338, 0, 122.145, 105011, 0.499488, 567.323, 1.46471e+07, 245.274, 7673.36, 31831.7, 12196.6, 0, 27.7036, 76.5669, 0, 187.648, 110.717, 0.561966, 0, 881.323, 557.774, 612.943, 61.5097, 893.24, 22710, 0, 1110.35, 0, 129.126, 4.36635, 129.885, 12.5651, 60.6591, 2307.34, 358.398, 0, 132.287, 4291.34, 0, 
n_nonzero: 83

