n_tets: 74
relErr: 0.153048
Selected tets: 995, 6736, 3302, 3987, 3394, 5919, 5053, 3766, 4748, 2193, 2122, 6506, 5764, 1865, 4146, 1481, 7325, 7320, 3959, 6094, 983, 4455, 1823, 6731, 3811, 2352, 488, 6772, 7227, 66, 6257, 6007, 3897, 2837, 6381, 2097, 2003, 2113, 6822, 854, 5717, 2379, 5482, 929, 4260, 5442, 5647, 3953, 7480, 3285, 2645, 3423, 7447, 205, 7291, 3554, 1134, 5283, 2773, 7449, 4780, 2781, 2964, 1828, 1942, 5356, 7446, 2662, 7378, 1587, 757, 3561, 5450, 489, 
Weights: 828.093, 310.468, 118.606, 167.349, 120.527, 333.353, 43.3519, 150.402, 371.88, 125.047, 70.2889, 801.322, 73.9733, 136.34, 56.1414, 37.9868, 1.08314, 0.92766, 85.0616, 116.537, 69.3117, 0.682808, 24.4064, 496.279, 101.646, 1.00805, 1.04266, 248.173, 15.8625, 149.774, 38.8978, 138.729, 26.6366, 1.4865, 332.951, 0.999624, 0.99198, 47.4029, 24.4505, 184.008, 1.05935, 1.38201, 0.286335, 0.997725, 205.311, 0.986564, 0.99214, 1.08878, 0.576465, 0.985799, 202.406, 277.528, 0.935641, 0.962337, 62.2986, 4.77608, 435.896, 1.02174, 77.0996, 0.487688, 285.819, 0.994165, 82.0811, 56.5903, 2.72697, 11.8444, 3.18801, 1.00305, 113.738, 115.794, 11.911, 17.0382, 1.19459, 190.466, 
n_nonzero: 74

