n_tets: 70
relErr: 0.606568
Selected tets: 102, 136, 98, 97, 43, 181, 200, 77, 68, 10, 28, 79, 2, 67, 1, 39, 47, 149, 65, 129, 188, 45, 190, 76, 176, 183, 146, 9, 53, 160, 26, 167, 5, 86, 157, 124, 55, 142, 17, 145, 18, 108, 88, 166, 44, 99, 63, 70, 197, 105, 178, 152, 15, 36, 24, 11, 126, 174, 27, 96, 83, 141, 185, 30, 37, 40, 62, 59, 23, 150, 
Weights: 0, 0, 0, 0, 0, 0, 0, 0, 0, 0, 0, 0, 1.09712e-15, 0, 0, 0, 0, 0, 0, 0, 0, 0, 0, 0, 0, 0, 0, 0, 0, 0, 0, 0, 0, 0, 0, 0, 0, 0, 0, 0, 0, 0, 0, 0, 0, 0, 0.149098, 0, 0, 0, 4.30358e-05, 0, 0, 8.18137e-15, 0, 0, 0, 0, 0, 0, 0, 0, 0, 0.876237, 0, 0, 0, 40.3912, 0, 0, 
n_nonzero: 4

