n_tets: 36
relErr: 0.129591
Selected tets: 51214, 33828, 1062, 17144, 34560, 57384, 71719, 24860, 79148, 18752, 26715, 54341, 55661, 18058, 79674, 58394, 47832, 65101, 75225, 78581, 38437, 11094, 31923, 65333, 25095, 40130, 52248, 14997, 55192, 55830, 47691, 20698, 60654, 45641, 58865, 6073, 
Weights: 2988.65, 0, 0, 3280.12, 2170.53, 0, 753.971, 0, 492.105, 0, 5712.83, 2423.44, 8640.67, 208.31, 0, 61.2593, 1686.52, 11097.8, 5366.06, 0, 0, 6141.58, 0.992251, 2236.47, 0, 1210.51, 0, 1372.85, 0, 1269.75, 5631.91, 1025.5, 726.655, 2905.82, 2231.63, 0, 
n_nonzero: 24

Running time so far: 29.636s

