n_tets: 240
relErr: 0.183608
Selected tets: 13417, 13808, 28312, 14069, 12972, 8258, 18944, 8070, 481, 15775, 21730, 13395, 25325, 4033, 14210, 4406, 28758, 3292, 10851, 23758, 19900, 6591, 14973, 28694, 28842, 9171, 13131, 19233, 2668, 27964, 22780, 12583, 186, 25112, 5552, 2931, 25758, 2253, 27971, 14506, 13058, 21692, 6449, 11962, 5801, 25739, 11593, 17718, 14157, 5185, 24834, 6697, 808, 12454, 12031, 26393, 5141, 24502, 13201, 4846, 19037, 8572, 1861, 12, 22228, 2107, 7838, 15856, 22491, 12004, 21868, 27114, 6553, 20202, 1249, 28810, 6927, 18163, 24785, 20221, 6437, 16292, 20597, 22441, 14252, 20058, 29515, 13200, 15779, 4090, 8983, 4014, 24556, 4929, 3052, 3549, 21881, 9319, 1421, 11924, 11981, 20165, 14333, 18228, 21751, 9234, 7077, 28500, 3086, 28915, 11026, 4190, 22322, 29634, 4318, 7437, 19562, 11571, 6587, 18077, 19801, 18222, 9883, 29631, 2938, 3081, 6338, 28774, 29334, 23005, 15591, 15473, 15776, 12565, 21200, 18130, 13195, 20497, 14340, 28024, 16070, 8906, 27263, 3008, 2838, 13262, 6435, 9099, 19524, 9228, 17578, 14895, 11892, 12443, 14130, 20842, 15778, 6091, 18930, 11945, 4588, 23501, 7681, 4087, 1250, 19266, 5405, 22744, 21500, 22405, 18952, 3909, 21487, 22387, 29301, 15844, 393, 13335, 12359, 21875, 9139, 13967, 6627, 10705, 4555, 8195, 25421, 705, 14790, 11490, 21799, 7137, 8244, 21444, 12584, 14602, 12417, 27963, 9820, 23188, 4876, 6562, 19143, 8997, 1215, 5019, 21782, 24700, 29365, 531, 15264, 21936, 8130, 21622, 21181, 23068, 21440, 22524, 29114, 19503, 8151, 17119, 24390, 19236, 2393, 15057, 11899, 6296, 2518, 29313, 37, 14281, 17431, 685, 5523, 13916, 11925, 21663, 9831, 8963, 
Weights: 219.127, 618.182, 0, 560.57, 491.005, 1896.57, 0, 165.576, 411.071, 1.02705, 0, 3.2517, 223.46, 0, 1309.39, 429.597, 82.5013, 238.013, 26.6003, 583.515, 0, 129.526, 48.5952, 273.363, 317.673, 148.161, 0, 0, 18.9637, 733.488, 137.84, 34.1166, 487.608, 238.204, 446.973, 20.9172, 0, 140.452, 0.966449, 60.1999, 1.01081, 1.02225, 196.626, 56.5745, 0, 262.812, 66.7697, 101.596, 0, 0, 0, 24.4487, 0, 676.178, 94.5623, 511.14, 325.093, 362.141, 207.425, 8.0706, 0.876421, 0, 1.09142, 0.780874, 509.122, 379.404, 196.071, 468.547, 147.488, 4.16416, 42.9471, 306.72, 80.354, 0, 250.773, 209.648, 58.2633, 40.1765, 0, 46.6862, 71.4498, 178.574, 13.9065, 55.4029, 22.4253, 1.08431, 67.1383, 1.96641, 1.10972, 22.7588, 188.041, 117.572, 0, 20781.7, 12.9023, 77.4305, 1.38014, 127.051, 0.993105, 92.3527, 1.35003, 1.27849, 292.803, 473.767, 0, 327.49, 232.561, 638.88, 108.028, 169.231, 0, 95.7986, 107.525, 0, 0, 186.992, 0, 0, 15.6409, 1603.74, 0.98664, 95.7882, 11.9662, 248.596, 334.494, 0, 199.655, 210.928, 0, 348.928, 41.6797, 1.13146, 0.689243, 0.424245, 0, 1366.07, 0, 151.733, 221.228, 0, 0.661986, 179.606, 170.603, 2.25621, 16.6282, 0, 1.00415, 180.728, 157.36, 56.5312, 0, 0.966055, 59.3861, 0, 1.1568, 51.648, 2.89556, 0, 0, 0, 2.17755, 343.992, 0, 1.04431, 23.2286, 136.245, 15.6743, 160.163, 212.009, 0, 0, 394.593, 61.4288, 0, 79.3247, 284.985, 0, 46.4506, 31.4056, 43.0396, 57.315, 81.9518, 164.036, 155.923, 52.7897, 0, 0, 0, 0, 0, 0.874036, 0, 51.7873, 0, 0, 0, 243.602, 154.732, 437.628, 33.4844, 0.396673, 0, 422.176, 357.766, 157.336, 0, 161.298, 1.43966, 12.896, 1013.78, 0, 108.309, 0, 226.488, 0, 0, 0, 9.61345, 100.652, 66.2926, 645.851, 374.562, 294.691, 0.851153, 0, 0, 0, 0, 89.6742, 0, 2.12682, 0, 29.8992, 0.852534, 0, 602.84, 59.3907, 0, 109.645, 0, 
n_nonzero: 176

Running time so far: 106.09s

