n_tets: 198
relErr: 0.36967
Selected tets: 21500, 27848, 13245, 1062, 23629, 22890, 26439, 10395, 1762, 13239, 2064, 7179, 9472, 27723, 24981, 25538, 15997, 17901, 5546, 26161, 18850, 4761, 5565, 27606, 22601, 20170, 12812, 17721, 2763, 14933, 20973, 11971, 24234, 3854, 16524, 4933, 15470, 7354, 20470, 23593, 2716, 26312, 15489, 22202, 6495, 19403, 4175, 26183, 25581, 28594, 14670, 7776, 16251, 26302, 4498, 13334, 10833, 23642, 26751, 15401, 6651, 28287, 27213, 10437, 19522, 5873, 5967, 9001, 797, 5789, 26177, 1249, 10457, 25105, 1041, 8851, 16236, 21990, 4960, 14700, 6339, 7218, 5056, 17417, 22733, 16473, 5270, 8120, 15142, 25168, 14245, 22838, 19706, 2303, 5541, 1787, 9988, 25121, 27307, 22758, 27118, 5367, 28123, 24230, 19701, 5322, 6105, 22447, 788, 24371, 514, 5611, 12546, 18677, 22399, 17584, 15196, 5272, 26570, 6448, 7782, 6001, 9622, 19954, 24762, 16167, 24682, 4553, 6030, 2808, 6023, 1436, 6382, 28429, 28325, 17138, 24418, 21635, 3390, 10128, 4570, 15492, 18878, 1948, 13220, 3996, 7089, 20070, 4447, 18428, 24740, 635, 10056, 6121, 27609, 11030, 4054, 21875, 13512, 21400, 17943, 14408, 10462, 21780, 12015, 24751, 19324, 26859, 5433, 2058, 6842, 27812, 13430, 18084, 17718, 24435, 25791, 13164, 12836, 552, 6238, 26529, 6044, 14932, 5807, 24877, 23379, 19225, 4161, 8462, 3903, 14349, 13085, 9124, 20388, 21901, 22900, 4026, 
Weights: 0, 0, 4415.52, 0, 0, 2155.17, 419.853, 1.04932, 370.925, 0, 7.08928, 260.82, 0, 0, 18.4901, 0, 235.873, 436.704, 0, 762.384, 25.0659, 304.211, 132.53, 0, 0, 0, 0, 49.6419, 338.266, 0, 0.11026, 6.8966, 5.6134, 7.96806, 35.8231, 19.9457, 0, 1950.56, 0, 0.932168, 0, 3.30481, 0.702041, 54.9969, 1.76152, 442.394, 107.182, 1.00656, 0, 0, 0, 0, 1.13916, 0, 50.5354, 26.6511, 268.013, 40.7932, 393.788, 0, 0.972782, 1.67908, 398.599, 0, 0, 180.335, 1154.77, 0, 0, 3310.91, 135.879, 203.3, 0, 82.5289, 670.071, 0, 0, 5.54855, 0, 0, 16.4606, 0, 2.74186, 0, 1375.79, 40.424, 65.6065, 14.052, 162.837, 0, 0, 2.02551, 2730.64, 0, 0, 42.7036, 1084.75, 129.793, 0, 3.46699, 0, 813.236, 0.299737, 245.583, 0, 38.3879, 1.24885, 26.0781, 224.968, 43.6219, 105.509, 500.997, 904.388, 0, 0, 0.968772, 0, 0, 92.0931, 0, 0, 8.75145, 0, 516.589, 15.3857, 0, 2996.15, 424.245, 0.833675, 94.8739, 0, 350.701, 39.3288, 101.874, 75.5324, 0, 0, 364.326, 2.87301, 0, 0, 1.05736, 156.264, 0, 7.79849, 9.69552, 0.737894, 0, 14084.2, 0, 1473.28, 658.618, 451.018, 0.950847, 13.2883, 0, 10.6194, 0, 2282.47, 0, 3.27841, 644.971, 2.64193, 0, 0, 504.238, 0.844627, 0, 1170.11, 1.61567, 118.309, 406.838, 0, 15.045, 0, 2.53578, 1.03523, 0, 0, 0, 1.88245, 4270.67, 0, 341.899, 7.61276, 0, 0, 1.00634, 0, 0, 0, 17.16, 361.838, 272.935, 4808.82, 0, 105.467, 0, 
n_nonzero: 122

Running time so far: 64.1449s

