n_tets: 121
relErr: 0.41452
Selected tets: 21500, 27848, 13245, 1062, 23629, 22890, 26439, 10395, 1762, 13239, 2064, 7179, 9472, 27723, 24981, 25538, 15997, 17901, 5546, 26161, 18850, 4761, 5565, 27606, 22601, 20170, 12812, 17721, 2763, 14933, 20973, 11971, 24234, 3854, 16524, 4933, 15470, 7354, 20470, 23593, 2716, 26312, 15489, 22202, 6495, 19403, 4175, 26183, 25581, 28594, 14670, 7776, 16251, 26302, 4498, 13334, 10833, 23642, 26751, 15401, 6651, 28287, 27213, 10437, 19522, 5873, 5967, 9001, 797, 5789, 26177, 1249, 10457, 25105, 1041, 8851, 16236, 21990, 4960, 14700, 6339, 7218, 5056, 17417, 22733, 16473, 5270, 8120, 15142, 25168, 14245, 22838, 19706, 2303, 5541, 1787, 9988, 25121, 27307, 22758, 27118, 5367, 28123, 24230, 19701, 5322, 6105, 22447, 788, 24371, 514, 5611, 12546, 18677, 22399, 17584, 15196, 5272, 26570, 6448, 7782, 
Weights: 507.195, 0, 8062.18, 0, 464.67, 1978.09, 439.311, 0.94717, 436.281, 0, 7.631, 692.431, 767.764, 14.1383, 30.7215, 0, 268.394, 1199.91, 0, 277.44, 24.058, 427.687, 131.623, 0, 0, 2.2737, 0, 98.4995, 1539.36, 0, 0.143607, 3.64662, 5.67787, 16.1742, 31.5443, 30.8275, 0, 1995.62, 0, 0.233817, 605.104, 3.74738, 0.792115, 83.1537, 1.83682, 633.793, 123.73, 1.00522, 0, 0, 0, 0, 1.05798, 0, 29.6405, 26.5602, 238.224, 36.1905, 388.205, 2.06276, 0.967505, 1.6773, 439.45, 845.508, 1.69584, 127.315, 1297.51, 0, 0, 2542.13, 242.937, 0, 0, 80.2197, 1339.14, 0, 0, 5.96908, 0, 0, 16.0511, 610.263, 1.90962, 0, 604.507, 40.2543, 67.1711, 14.1313, 123.274, 0, 655.205, 0, 0, 0, 0, 22.3969, 2677.41, 219.148, 0, 3.35913, 153.886, 516.451, 0.300103, 220.21, 0, 33.3331, 1.72739, 19.9365, 1494.24, 103.286, 115.042, 512.577, 1072.31, 0, 0, 0.96894, 0, 0, 31.2579, 0, 0, 
n_nonzero: 83

Running time so far: 35.7909s

