n_tets: 18
relErr: 0.820983
Selected tets: 124375, 109225, 128391, 134415, 59101, 71726, 162993, 137162, 72274, 67506, 96731, 116739, 86123, 80435, 46542, 75932, 22431, 64178, 
Weights: 9780.43, 7104.98, 1660.6, 637.834, 4060.7, 6363.9, 28073.7, 31628.9, 4185.66, 8078.87, 2160.44, 13343.4, 897.243, 2251.2, 1.04366, 976873, 87.1287, 2718.42, 
n_nonzero: 18

Running time so far: 100.985s

