n_tets: 24
relErr: 0.400861
Selected tets: 995, 6736, 3302, 3987, 3394, 5919, 5053, 3766, 4748, 2193, 2122, 6506, 5764, 1865, 4146, 1481, 7325, 7320, 3959, 6094, 983, 4455, 1823, 6731, 
Weights: 1210.84, 557.543, 608.701, 127.604, 274.81, 357.344, 113.596, 1132.43, 606.259, 266.267, 241.71, 711.495, 96.3353, 268.558, 136.016, 363.503, 0.534983, 0.910802, 106.673, 141.361, 259.132, 0.566379, 270.517, 494.655, 
n_nonzero: 24

