n_tets: 49
relErr: 0.278857
Selected tets: 99, 89, 141, 93, 171, 185, 186, 65, 77, 57, 53, 2, 172, 119, 137, 18, 135, 168, 84, 194, 202, 101, 200, 14, 138, 107, 166, 155, 111, 198, 63, 189, 3, 72, 58, 203, 95, 49, 183, 30, 130, 146, 81, 67, 142, 123, 43, 201, 71, 
Weights: 24.8463, 1.02628, 30.4595, 1.00307, 0, 0.955447, 0.968361, 2.03184, 1.02935, 1.44254, 32.4712, 0.308804, 13.3994, 0.480901, 0.991494, 1.37918, 22.6106, 28.1961, 1.00379, 0.999518, 1.24444, 1.96066, 0.593289, 0.38987, 0.241018, 0.92995, 43.597, 1.44668, 1.0591, 0.86799, 1.14218, 2.02124, 17.1127, 4.18669, 6.39098, 0.867231, 20.9688, 1.66773, 0.930517, 18.3092, 12.1588, 9.13612, 5.18137, 3.82611, 4.27768, 2.35689, 8.52467, 0.132719, 13.8879, 
n_nonzero: 48

