n_tets: 14
relErr: 0.0107082
Selected tets: 25939, 107450, 11938, 220411, 410360, 280174, 137023, 349271, 399953, 24860, 152876, 61367, 230662, 45033, 
Weights: 8994.61, 7773.07, 291095, 8853.27, 8607.22, 4646.75, 223272, 36964.9, 4.19774e+06, 175717, 872.745, 14857.4, 1.61767e+07, 9.27258e+06, 
n_nonzero: 14

Running time so far: 49.7443s

