n_tets: 26
relErr: 0.395748
Selected tets: 995, 6736, 3302, 3987, 3394, 5919, 5053, 3766, 4748, 2193, 2122, 6506, 5764, 1865, 4146, 1481, 7325, 7320, 3959, 6094, 983, 4455, 1823, 6731, 3811, 2352, 
Weights: 1200.81, 566.204, 531.826, 122.668, 251.71, 393.979, 96.4831, 873.58, 629.582, 279.947, 266.415, 665.1, 99.5096, 233.466, 133.436, 444.158, 0.538354, 0.912696, 93.8448, 141.301, 274.003, 0.573912, 284.525, 542.407, 140.071, 1.01886, 
n_nonzero: 26

