n_tets: 124
relErr: 0.518171
Selected tets: 55591, 10729, 52224, 23574, 122177, 137855, 89599, 161633, 6368, 119503, 65450, 5110, 138593, 122232, 44900, 71155, 71126, 74218, 11442, 103061, 192, 84811, 18074, 158395, 144670, 78533, 96622, 83286, 7601, 140896, 60, 8433, 8446, 148866, 157255, 67819, 37387, 156080, 77926, 133595, 131204, 130371, 37941, 1312, 72258, 2015, 157620, 11528, 40136, 11695, 116518, 55162, 28810, 25651, 163947, 557, 3093, 39426, 57153, 159262, 163607, 111780, 114463, 66330, 58046, 96129, 107412, 73809, 127580, 103038, 15582, 116751, 24996, 145058, 96623, 50859, 139201, 68285, 48720, 152093, 121880, 45038, 14999, 11023, 24182, 153256, 125015, 132166, 28688, 9888, 33367, 119362, 57728, 152263, 158918, 71632, 43638, 122342, 9551, 112312, 90439, 74658, 108686, 2590, 138995, 40149, 76821, 15689, 29048, 124403, 59151, 130388, 58676, 111045, 146086, 16, 88598, 64120, 32716, 38052, 29543, 119045, 79486, 3909, 
Weights: 16659, 448.042, 363.65, 13177.8, 4382.49, 0, 6650.66, 77.4307, 17722.4, 0, 5531.78, 2011.36, 119.428, 1.02421, 22.1506, 88.9345, 11285.9, 0, 2742.75, 1467.93, 7.90026, 1.48959, 14248.7, 12.7799, 24.2001, 8389.44, 17.528, 390.97, 14768.2, 1347.5, 345.167, 525.269, 0, 10.9128, 2308.17, 227.898, 42.5754, 1.61881, 147797, 644.241, 384.155, 375.073, 893.56, 0, 16138.3, 0.627169, 132.866, 189049, 26.8035, 17.8245, 20.4152, 0, 240.471, 8488.48, 5034.91, 0, 0.200238, 1513.5, 0, 1203.49, 0, 0, 1775.36, 454.125, 553.343, 37868.1, 11279.3, 19574.9, 30.1986, 0, 0, 0, 76.8433, 9.28552, 0.498259, 1.04922, 0, 1358.9, 0, 259.855, 0.161924, 331.076, 13617.1, 5.43322, 2053.96, 0, 0, 1.87813, 48.5133, 823, 2.63428, 45.0097, 69.606, 4625.51, 0.915061, 267277, 0, 1035.55, 0, 1148.04, 222.405, 0, 68.8803, 7.07873, 657.479, 441.985, 0, 3.93095, 5.72135, 3.53493, 154.088, 0, 0, 0, 299.287, 0, 1457.82, 2.38966, 176.406, 10670.2, 15646.3, 1472.05, 0, 0, 
n_nonzero: 97

Running time so far: 153.566s

