n_tets: 40
relErr: 0.0914547
Selected tets: 99, 14, 57, 89, 11, 140, 103, 93, 119, 146, 185, 107, 138, 137, 153, 77, 199, 101, 135, 22, 48, 13, 186, 124, 201, 18, 202, 184, 198, 3, 84, 203, 152, 166, 53, 39, 128, 30, 88, 200, 
Weights: 35.9115, 1.05618, 0.99773, 0.996612, 11.5246, 1.02464, 17.7287, 1.0054, 1.04638, 41.7553, 1.00185, 1.23011, 1.00979, 1.02473, 1.06135, 1.02695, 0.998258, 1.45615, 19.4351, 1.01429, 36.9874, 1.00601, 1.02455, 27.2856, 1.06801, 1.06076, 1.71117, 0.972359, 0.915072, 38.2774, 0.907189, 1.28092, 1.79555, 4.84183, 50.5296, 0.931559, 12.2608, 10.7073, 21.6334, 1.04552, 
n_nonzero: 40

