n_tets: 85
relErr: 0.144162
Selected tets: 10627, 18711, 3267, 3330, 20119, 42460, 24063, 44641, 18271, 7005, 34905, 26526, 31186, 41800, 11439, 8472, 11381, 32955, 38458, 30908, 29783, 37525, 31135, 29877, 23963, 2985, 40461, 3178, 4873, 7354, 38196, 28967, 28129, 20028, 27914, 11673, 35294, 14390, 7435, 31416, 19641, 17393, 14017, 26739, 14692, 42438, 6696, 27940, 560, 9096, 25457, 14260, 22491, 35862, 14184, 2722, 1031, 36486, 784, 16052, 20446, 21175, 39842, 13027, 41911, 16997, 25208, 21730, 7771, 11937, 18292, 18909, 28389, 26485, 3512, 3206, 28349, 35183, 11548, 23703, 35425, 12279, 25535, 17061, 31087, 
Weights: 0, 0, 111.266, 0, 2399.36, 0, 0, 0, 0, 0, 577.294, 2550.44, 0, 0, 0, 0, 0, 0, 0, 343.573, 0, 0, 0, 0, 0, 3986.84, 2273.1, 0, 1854.46, 0, 1718.51, 0, 583.401, 0, 9413.01, 0, 0, 0, 0, 0, 1035.4, 0, 0, 0, 0, 0, 0, 0, 0, 0, 0, 4719.93, 0, 0, 0, 6553.07, 0, 0, 0.743632, 515.569, 5278.58, 0, 1972.21, 0, 0, 0, 0, 0, 0, 0, 3039.51, 0, 2070.3, 713.836, 0, 2591.91, 3121.91, 129.604, 0, 0, 1031.93, 0, 557.988, 0, 0, 
n_nonzero: 26

Running time so far: 71.3347s

