n_tets: 120
relErr: 0.326223
Selected tets: 995, 4859, 3302, 1369, 524, 2701, 7267, 6313, 6491, 2724, 3266, 3596, 1063, 1252, 827, 6733, 7325, 7320, 3294, 5053, 5016, 4455, 1823, 105, 955, 2352, 918, 4146, 2631, 2959, 237, 819, 7394, 522, 2634, 2097, 6339, 5879, 1781, 4578, 5895, 729, 3112, 6564, 2567, 5442, 7480, 5585, 3237, 5647, 3425, 4410, 2329, 5934, 451, 6547, 1818, 2668, 6815, 2607, 205, 1814, 6623, 4749, 6079, 5356, 7446, 2662, 983, 359, 1485, 1657, 3561, 1032, 5715, 4651, 2778, 7445, 3836, 1782, 2313, 126, 7016, 198, 3829, 3662, 6852, 3770, 2600, 6257, 3879, 534, 1269, 4511, 4943, 7054, 6537, 5492, 6283, 3686, 2180, 4001, 4771, 804, 2003, 3876, 7443, 2679, 1906, 1704, 3253, 4483, 4939, 212, 6643, 4534, 4070, 4223, 536, 1069, 
Weights: 832.329, 292.896, 320.236, 351.125, 544.661, 455.692, 1103.54, 91.6259, 106.725, 265.466, 269.116, 225.808, 183.388, 202.736, 0, 325.31, 0.0882963, 0.937006, 304.621, 159.989, 0.434552, 0.524535, 184.615, 609.185, 49.4843, 1.0449, 74.5195, 43.1967, 45.2643, 224.69, 21.8421, 80.6607, 111.569, 256.078, 75.8328, 1.13508, 0, 178.15, 18.8352, 352.197, 38.831, 100.659, 101.244, 79.2595, 0, 0.935943, 0.611831, 132.095, 33.0478, 0.961566, 0, 41.6475, 71.8068, 0, 20.4842, 22.7591, 0, 0.180641, 0, 43.6405, 0.948058, 0, 36.8201, 66.273, 19.5782, 6.80133, 2.104, 1.00007, 0, 80.6709, 26.1416, 10.7438, 21.6613, 0, 0.122504, 0.677312, 35.4305, 0.66245, 133.268, 1.04814, 12.1953, 0, 65.9784, 0.512184, 142.95, 1855.64, 105.301, 0, 26.394, 8.52202, 0, 21.264, 12.3175, 33.8049, 0, 56.1268, 16.1552, 0.986653, 0, 0, 48.8083, 2.7772, 36.5799, 258.635, 1.03013, 0.967919, 0, 51.5971, 0.784148, 0, 23.0741, 0.928966, 18.089, 0.940451, 1.02718, 59.8142, 29.3047, 410.422, 217.178, 0, 
n_nonzero: 101

