n_tets: 90
relErr: 0.575382
Selected tets: 7270, 3342, 2729, 7516, 4735, 4115, 5092, 675, 2386, 4185, 249, 6788, 1975, 2958, 2912, 4212, 3462, 7402, 938, 5468, 3845, 1716, 3609, 394, 7294, 6477, 6834, 4114, 5275, 7421, 7271, 1048, 6793, 365, 6023, 2179, 2097, 2361, 1991, 264, 1377, 2044, 5482, 386, 7069, 2211, 6337, 182, 5904, 4266, 6650, 796, 3699, 5734, 4858, 516, 7519, 1337, 802, 3630, 6801, 3645, 4988, 6614, 1230, 2153, 7243, 1288, 7043, 4440, 1268, 1481, 6782, 4556, 5002, 6667, 2778, 5488, 4915, 5811, 4321, 1451, 6244, 142, 5731, 6146, 3236, 4935, 128, 7382, 
Weights: 0, 0, 1226.9, 0, 0, 0, 42.3119, 0, 0, 0, 0, 0, 0, 0, 13.8655, 0, 0, 0, 0, 335.923, 0, 0, 0, 0, 0, 0, 0, 0, 0, 0, 0, 5187.25, 0, 0, 0, 0, 0, 80.8835, 0, 544.244, 8.52486, 0, 0, 67.2584, 0, 547.047, 0, 0, 512.422, 0, 0, 0, 0, 0, 0, 0, 0, 0, 0, 33.968, 0, 0, 0, 0.671836, 0, 0, 0, 0, 4.54348e-06, 0, 0, 11.4171, 0, 43.0937, 0, 0, 7.5387, 0, 0, 0, 6549.34, 0, 0, 0, 173272, 0, 0, 0, 0, 0, 
n_nonzero: 18

