n_tets: 216
relErr: 0.572476
Selected tets: 109225, 86416, 19065, 23959, 20611, 46163, 21172, 5626, 164053, 22911, 207, 145016, 5469, 587, 71853, 47093, 20132, 124881, 74601, 43764, 43954, 116136, 70744, 162421, 47365, 109863, 158477, 87902, 162730, 154546, 122013, 113089, 120044, 107669, 146025, 70309, 155917, 51586, 125604, 63079, 148199, 108684, 110284, 101291, 142233, 72943, 98066, 43744, 104180, 30846, 151967, 107631, 84390, 37805, 38015, 132317, 108138, 131378, 61009, 15, 42903, 138783, 5580, 46902, 102208, 68774, 1766, 2263, 61608, 140583, 53294, 144318, 6834, 38130, 153555, 98026, 33087, 48465, 48720, 17829, 61700, 68456, 140313, 36366, 100353, 153169, 3323, 92345, 38664, 135343, 91724, 154512, 138093, 67703, 132508, 24866, 97435, 22601, 5566, 70856, 150193, 30365, 93960, 2590, 73191, 143849, 74732, 77903, 27802, 3399, 143398, 112271, 90721, 95987, 7928, 62453, 60117, 62759, 5060, 123520, 88121, 147659, 4987, 143477, 84170, 154499, 24941, 4340, 1471, 36979, 47229, 145213, 88219, 150243, 158937, 96788, 117083, 160024, 100265, 80171, 5807, 107301, 136268, 132250, 23033, 149803, 140786, 52963, 8072, 93715, 139956, 34985, 152543, 88760, 57707, 47526, 46316, 102696, 78203, 30837, 162704, 3659, 44188, 46893, 156760, 151938, 88191, 76003, 103246, 160730, 88690, 129183, 30985, 150391, 11242, 137114, 19060, 163475, 32235, 69240, 95534, 158396, 147927, 87789, 105341, 58928, 98898, 139115, 147926, 44211, 48843, 143092, 139866, 70286, 2012, 3155, 110398, 91837, 158252, 9862, 11135, 101922, 49213, 151829, 106327, 55244, 112961, 5126, 143663, 95554, 98585, 113613, 76742, 87904, 8234, 135389, 
Weights: 622.668, 895.099, 2216.71, 323.453, 2808.4, 0, 0, 3474.76, 0, 8618.68, 212.292, 0, 1808.06, 487.025, 14.2099, 10.128, 4189.3, 13.2674, 10819, 1136.86, 4.28053, 0, 0, 97.4444, 1.28606, 0, 14.989, 5.90192, 48282.1, 2395.01, 23.8461, 2721.72, 387.701, 1379.49, 312.59, 131.003, 1455.81, 125722, 179.369, 2.49924, 0, 0.83478, 6170.26, 0, 0, 106.711, 410.914, 0, 0, 2.00782, 0, 29586, 0, 0, 349.893, 20886.9, 157.997, 0, 66526.9, 0, 1234.03, 968.785, 295.235, 1474.06, 90.6224, 1.06528, 0, 0.507363, 0, 249.195, 554.11, 0, 8.33883, 0, 2.87872, 295.895, 0, 0, 1.42334, 0, 10.4629, 1050.35, 1433.03, 1782.01, 14.676, 276.472, 7.60967, 3185.92, 1827.08, 5377.56, 14756.7, 0.721205, 2.36267, 130.98, 5022.79, 2.20871, 6095.63, 0, 1.23798, 0, 266.533, 6.99556, 84.7802, 0.95549, 1.12719, 12.5092, 0, 0.850572, 325.944, 1.01793, 27.8589, 8555.77, 14.9193, 45.2504, 0, 0.833078, 1.02081, 45.3814, 225.051, 4514.89, 0, 6324.66, 2.74962, 0, 2801.64, 10868.6, 11070.9, 0, 0, 4.97114, 2.40995, 1605.11, 0.77408, 0, 1.12122, 26729.2, 0, 594.518, 77.3497, 1.05133, 5966.02, 0, 2209.35, 0, 19.4787, 0, 27.3683, 1.51326, 0, 0, 1.60063, 49.5536, 0, 0, 153.217, 1.05236, 92.4908, 2.04111, 4253.93, 0, 1.11648, 334.963, 20.243, 0, 12545.8, 0, 0.173807, 104.275, 2606.27, 148.056, 0, 69.0933, 1.06957, 0, 3319.28, 408.591, 14.6357, 0.638959, 223.581, 95.4865, 1.25518, 6.55797, 0, 1.02481, 0, 0, 0, 157.467, 277.818, 382.701, 19.5213, 0, 1705.79, 0.910005, 0, 380.131, 1085.95, 3826.64, 0.89438, 210.649, 2638.17, 4.52272, 0.736078, 217.619, 967.215, 0, 0, 0, 17.7025, 11.3432, 0.838587, 0, 55091.7, 6665.46, 17.1522, 167340, 
n_nonzero: 160

Running time so far: 208.648s

