n_tets: 30
relErr: 0.14032
Selected tets: 99, 14, 57, 89, 11, 140, 103, 93, 119, 146, 185, 107, 138, 137, 153, 77, 199, 101, 135, 22, 48, 13, 186, 124, 201, 18, 202, 184, 198, 3, 
Weights: 57.6655, 1.16176, 0.963558, 1.00981, 22.4985, 1.02384, 26.9682, 1.01596, 1.04716, 41.1, 0.967862, 1.13858, 1.00558, 1.03236, 1.06839, 1.02113, 0.98358, 1.65218, 21.6931, 1.06346, 72.6202, 1.09491, 1.16821, 67.994, 0.484561, 1.20593, 1.76108, 1.01181, 0.780442, 47.4861, 
n_nonzero: 30

