n_tets: 140
relErr: 0.170522
Selected tets: 249002, 300504, 115294, 173416, 216464, 67661, 381863, 388822, 307228, 161633, 259931, 386542, 166703, 73861, 16052, 159116, 209093, 50939, 51631, 34542, 253661, 2257, 155159, 213606, 343630, 417567, 185388, 220283, 135203, 246536, 211127, 388422, 38346, 15029, 127251, 390, 271020, 248004, 126519, 314260, 199316, 125865, 249141, 152948, 80674, 232911, 194442, 7265, 258789, 387932, 93220, 308533, 301075, 213596, 104085, 13444, 368449, 27328, 275890, 204986, 48458, 302146, 312336, 20156, 422593, 313811, 367720, 228208, 21213, 328721, 319118, 93254, 339994, 221968, 373921, 144535, 312385, 251749, 1379, 372877, 73401, 328756, 244, 428170, 250468, 143266, 420411, 395462, 139570, 130436, 353062, 371551, 224135, 401702, 225648, 398601, 4787, 416749, 155955, 14323, 83190, 19673, 17540, 87189, 40205, 615, 99341, 347967, 371558, 327987, 340722, 196739, 361950, 192590, 318882, 349706, 404042, 17341, 419208, 212437, 91467, 353886, 280245, 60530, 376002, 51697, 264224, 34956, 428503, 318883, 401943, 273584, 416856, 199382, 7691, 343990, 392938, 32132, 280917, 34787, 
Weights: 0, 6975.74, 0, 5898.81, 728.184, 1230.41, 708.706, 958.909, 4539.94, 217.184, 700.916, 0, 5168.41, 0, 762.761, 0, 3.64093, 0, 5484.15, 0, 124.343, 0, 0, 0, 743.842, 1178.3, 0, 0, 94.7317, 2162.46, 0, 0, 0, 0, 0, 306.54, 0, 911.23, 0, 0, 3172.15, 0, 1675.78, 9470.84, 0, 37454.3, 0, 14.8462, 2903.82, 2087.44, 0, 0, 229.993, 0, 0, 0, 3742.19, 1039.05, 554.48, 0, 0, 0, 0, 235.241, 205.605, 135370, 626.882, 0, 0, 0, 1475.6, 0, 0, 651.067, 0, 0, 0, 219.74, 45085.5, 0, 775.453, 0, 0, 7051.69, 46.614, 0, 0, 838.76, 0, 10276.4, 0, 0, 0, 0, 0, 0, 0, 43881.4, 4134.51, 3090.6, 606.113, 1511.48, 1517.6, 1353.67, 0, 831.461, 0, 0, 4642.85, 4579.33, 19271.7, 0, 60.1202, 26593.8, 248481, 0, 2660.38, 6573.99, 3377.62, 0, 0, 352417, 0, 60506.8, 0, 0, 0, 0, 0, 0, 3649.97, 175.704, 1136.41, 0, 0, 110.614, 2399.5, 602.012, 0, 0, 
n_nonzero: 69

Running time so far: 180.268s

