n_tets: 40
relErr: 0.667418
Selected tets: 1842, 1597, 1136, 1224, 452, 822, 1277, 1021, 1856, 1431, 1326, 1875, 1870, 1851, 345, 1428, 475, 146, 405, 1311, 292, 520, 1854, 1332, 427, 731, 489, 1198, 50, 262, 363, 252, 1206, 955, 462, 435, 59, 874, 21, 246, 
Weights: 373.028, 424.685, 832.39, 0.51794, 1.17204, 0.246123, 113.066, 1.10736, 0.886021, 1.01799, 469.098, 0.979746, 2.36034, 49.3292, 1.6457, 1.38869, 1.09473, 0.723956, 0.945887, 0.932283, 15.1175, 0.920383, 1.20545, 0.76505, 0.897147, 1.79066, 0.856132, 1.02546, 1.17254, 0.929842, 1.4687, 1.52626, 1.01129, 0.954688, 0.997179, 0.965259, 1.06213, 0.989935, 0.405934, 1.09096, 
n_nonzero: 40

