n_tets: 65
relErr: 0.275095
Selected tets: 99, 89, 141, 93, 171, 185, 186, 65, 77, 57, 53, 2, 172, 119, 137, 18, 135, 168, 84, 194, 202, 101, 200, 14, 138, 107, 166, 155, 111, 198, 63, 189, 3, 72, 58, 203, 95, 49, 183, 30, 130, 146, 81, 67, 142, 123, 43, 201, 71, 157, 118, 122, 193, 0, 149, 86, 69, 92, 25, 96, 175, 151, 197, 64, 167, 
Weights: 2.64696, 1.02295, 27.7404, 1.00183, 0, 0.952989, 0.978489, 2.70555, 1.00821, 1.43405, 0, 0, 14.1719, 0.503554, 0.982184, 1.3594, 25.4988, 12.8456, 1.01438, 1.00394, 1.25783, 2.03699, 0.577718, 0.392502, 0.237643, 0.978019, 19.1178, 0, 1.01191, 0.912844, 1.16505, 2.05801, 10.4127, 4.1249, 0.957181, 0.900515, 18.3469, 1.64064, 0.966202, 17.2909, 13.7237, 8.24975, 7.84159, 4.03861, 6.59516, 3.79119, 0, 0.132958, 23.4232, 20.9905, 5.50171, 4.59641, 2.07897, 0.370657, 10.5859, 2.61052, 3.28323, 0.953174, 1.11388, 11.5767, 26.057, 5.02278, 0.410966, 146.665, 5.39176, 
n_nonzero: 60

