n_tets: 98
relErr: 0.773236
Selected tets: 78587, 128563, 48442, 149682, 160014, 2015, 66446, 39846, 43336, 157381, 157795, 93891, 159206, 3399, 49966, 163843, 121845, 102410, 64777, 55052, 79036, 69428, 81017, 157768, 50882, 156161, 159253, 148938, 138364, 80564, 43124, 107873, 9040, 99442, 88123, 119324, 143191, 9738, 142269, 99581, 115412, 59264, 134218, 100165, 84788, 58308, 106939, 106149, 87929, 109663, 53605, 37499, 50840, 155148, 155539, 2123, 85313, 67466, 161739, 24274, 111097, 84810, 159546, 104669, 5141, 86030, 59222, 32670, 140000, 68628, 162553, 5063, 98650, 131532, 111231, 641, 57477, 110357, 102024, 17188, 131151, 104258, 150631, 55400, 146461, 70653, 152920, 161160, 119894, 159637, 3345, 138931, 135957, 89076, 64355, 141361, 142635, 36521, 
Weights: 3580.26, 0, 6666.85, 3478.56, 829.138, 81.9596, 1925.88, 270074, 27519.9, 65.0573, 0.216777, 11.2852, 4.78466, 1.02205, 2257.98, 1.32517, 0, 1928.87, 1654.2, 115.393, 10.0637, 1.68346, 0.0591721, 5955.85, 295.071, 0, 59.2647, 13.7145, 1.0004, 0, 49.155, 152.66, 8.34913, 0.916141, 0.387467, 0.671662, 0.342428, 1.06372, 1.05402, 1.04431, 15.7312, 2200.78, 0.945799, 0.913278, 34.4582, 1.09173, 314.468, 1.38347, 1.22373, 843964, 1725.51, 0.738191, 1.01889, 1.10851, 1.10528, 0.667868, 10.6398, 0.899651, 47.6556, 930.349, 107.04, 0.999244, 1.61625, 0, 80.2462, 1.26021, 0.525671, 0.981521, 1610.37, 2.8487, 19.329, 1.22066, 1.03369, 0.621834, 8.28954, 265.114, 11.7613, 0.955533, 1.04334, 1.5, 0, 1.04272, 0.699327, 1.51172, 8.79122, 1.12055, 96.5162, 1.09581, 2.48228, 2.00803, 1.00547, 6.61481, 1.01033, 0, 1475.97, 294.146, 1.01624, 0, 
n_nonzero: 90

Running time so far: 1599.43s

