n_tets: 120
relErr: 0.00240293
Selected tets: 99, 14, 57, 89, 11, 140, 103, 93, 119, 146, 185, 107, 138, 137, 153, 77, 199, 101, 135, 22, 48, 13, 186, 124, 201, 18, 202, 184, 198, 3, 84, 203, 152, 166, 53, 39, 128, 30, 88, 200, 194, 111, 73, 147, 63, 82, 20, 0, 197, 108, 183, 51, 8, 141, 132, 42, 28, 34, 150, 195, 49, 164, 142, 156, 120, 143, 187, 2, 72, 114, 189, 41, 87, 12, 110, 71, 130, 45, 70, 67, 116, 113, 190, 96, 94, 105, 157, 38, 193, 81, 125, 181, 117, 85, 5, 179, 46, 131, 123, 40, 80, 196, 106, 109, 163, 43, 29, 24, 19, 16, 176, 66, 168, 65, 59, 4, 191, 74, 104, 139, 
Weights: 6.66556, 1.00055, 1.00006, 0.999924, 5.81192, 1.00001, 1.46739, 1.00022, 0.999355, 2.3703, 0.999994, 1.00019, 0.999793, 1.00012, 0.998501, 0.999708, 1.0001, 1.00022, 4.10774, 1.00051, 0, 0.999119, 0.997985, 4.84451, 0.999248, 0.999109, 0.998593, 0.99978, 1.00282, 0, 0.999978, 0.999424, 1.66613, 9.82368, 6.19252, 0.999852, 4.02819, 1.42413, 2.85307, 0.999573, 0.999976, 0.99883, 0, 0, 1.00015, 1.37686, 2.96934, 0.998462, 0.999688, 0.490504, 1.0007, 1.55841, 1.50147, 0.673279, 2.51545, 0, 1.28035, 0.57437, 1.08779, 2.28543, 0.996688, 0, 2.15737, 1.84433, 0.162585, 6.17275, 1.00102, 1.68771, 0.996501, 2.46194, 1.00265, 0, 3.73545, 1.91385, 0.860056, 0.669739, 2.46687, 1.16905, 1.47828, 1.46059, 1.24745, 0.453087, 3.59132, 4.55866, 2.7854, 0.663146, 0.547425, 2.50252, 0.336892, 1.36313, 1.87847, 2.52151, 0, 3.84162, 3.88874, 0.892327, 0.947426, 1.49027, 1.31494, 2.49899, 3.9122, 0.225941, 2.61225, 2.57693, 3.42775, 0, 1.56867, 0.840854, 2.31561, 2.9675, 5.38983, 2.02822, 3.03425, 1.56902, 2.23083, 1.63254, 1.25699, 1.38612, 1.48976, 2.91454, 
n_nonzero: 111

