n_tets: 130
relErr: 0.534128
Selected tets: 102, 136, 98, 97, 43, 181, 200, 77, 68, 10, 28, 79, 2, 67, 1, 39, 47, 149, 65, 129, 188, 45, 190, 76, 176, 183, 146, 9, 53, 160, 26, 167, 5, 86, 157, 124, 55, 142, 17, 145, 18, 108, 88, 166, 44, 99, 63, 70, 197, 105, 178, 152, 15, 36, 24, 11, 126, 174, 27, 96, 83, 141, 185, 30, 37, 40, 62, 59, 23, 150, 133, 81, 14, 171, 119, 154, 41, 84, 104, 173, 117, 50, 199, 196, 94, 148, 52, 48, 25, 54, 19, 203, 20, 109, 161, 31, 194, 115, 51, 189, 112, 122, 134, 69, 0, 3, 4, 6, 7, 8, 12, 13, 16, 21, 22, 29, 32, 33, 34, 35, 38, 42, 46, 49, 56, 57, 58, 60, 61, 64, 
Weights: 0, 0, 0, 0, 0, 0, 0, 0, 0, 0, 0, 0, 0, 0, 9.41277e-16, 0, 0, 0, 0, 0, 0, 0, 0, 0, 0, 0, 0, 0, 0, 0, 0, 0, 0, 0, 0, 0, 0, 0, 0, 27.9516, 0, 0, 0, 0, 0, 0, 0.138922, 0, 0, 0, 6.5781e-05, 0, 0, 7.27102e-15, 0, 0, 0, 0, 0, 0, 0, 0, 0, 1.21108, 0, 0, 0, 32.7266, 0, 0, 0, 0, 0.0520652, 43.835, 0, 0, 0, 0, 0, 0, 0, 0, 0, 0, 0, 0, 0, 0, 0, 0, 0, 0, 0, 0, 0, 0, 0, 0, 0, 0, 0, 0, 0, 0, 1.38899e-14, 0, 0, 0, 0, 2.43853e-14, 0, 0, 0, 0, 0, 0, 0, 37.0296, 0, 0, 0, 1.11315e-05, 0, 40.1784, 0, 0.0740233, 0, 0, 4.82679e-14, 0, 
n_nonzero: 11

