n_tets: 26
relErr: 0.53501
Selected tets: 25939, 699, 8335, 12763, 14231, 4944, 1622, 18088, 45004, 33142, 17824, 26526, 34964, 29197, 41971, 4088, 9429, 28182, 37261, 22357, 32934, 24473, 44764, 29504, 14031, 10997, 
Weights: 4190.2, 4541.27, 4417.25, 2640.86, 1.31096, 4860.7, 0.720976, 4037.87, 127.027, 4.42062, 0.96221, 1.28854, 5.67605, 3305.82, 6.60453, 9.35397, 66.4125, 10710.8, 4.96338, 1.55171, 2084.93, 3.54027, 0, 160.284, 0, 206.887, 
n_nonzero: 24

Running time so far: 19.1524s

