n_tets: 117
relErr: 0.502307
Selected tets: 25939, 699, 8335, 12763, 14231, 4944, 1622, 18088, 45004, 33142, 17824, 26526, 34964, 29197, 41971, 4088, 9429, 28182, 37261, 22357, 32934, 24473, 44764, 29504, 14031, 10997, 2671, 39876, 22778, 17576, 37292, 27223, 35427, 992, 44953, 24904, 3681, 38672, 1548, 31816, 41017, 24340, 43890, 37493, 13703, 2979, 44748, 25368, 42705, 17570, 44816, 26508, 35141, 37485, 10559, 29550, 11894, 42687, 14294, 10567, 44291, 3093, 36649, 31115, 10652, 27915, 12262, 13861, 21682, 8391, 32080, 39501, 15389, 22564, 6641, 44226, 9963, 21658, 15930, 30067, 3006, 21196, 13786, 12178, 10960, 16308, 20405, 29476, 21551, 39865, 22699, 11408, 2945, 9729, 25223, 6191, 26836, 21676, 4089, 30066, 43910, 36640, 972, 29098, 14460, 18208, 21553, 21568, 32237, 17740, 36645, 12078, 29904, 10553, 4052, 21657, 11683, 
Weights: 3388.71, 2645.92, 2970.91, 2109.79, 1.42448, 2208.56, 0.725238, 2956.31, 111.063, 4.31429, 0.94645, 1.28583, 5.08716, 1679.47, 6.59092, 0, 68.2421, 6172.11, 5.00263, 1.55604, 5554.4, 3.57501, 0, 34.8612, 0, 194.201, 3034.6, 700.246, 0, 0.104232, 0, 1.1447, 357.037, 39.6845, 0.95629, 57.222, 1.08402, 0, 13.3893, 781.751, 6.90782, 0, 129.817, 0, 0, 1.04803, 0, 0, 0.980529, 3.70634, 25.9861, 0, 0.906028, 0, 1.02809, 3.19115, 16.2271, 32.0773, 0.607721, 978.483, 1.30621, 0, 27.685, 1578.77, 5.7118, 1953.52, 10.3336, 0, 25.6328, 0.332823, 251.8, 0.927123, 1.44684, 0.985733, 0, 1.51001, 17.4237, 0.434491, 0.92463, 0, 2.74453, 5.68674, 3.68064, 0.363282, 1.00331, 85.1579, 2763.13, 5.1158, 0, 81.0845, 938.613, 1.16091, 16.9442, 57.9915, 16.9597, 33.8945, 0, 3.15537, 25.2956, 0, 468.18, 1121.81, 1.0173, 3.10444, 0.989985, 0, 7.07603, 0, 0, 0, 0, 671.157, 1.21325, 0, 0, 0.231757, 1.01292, 
n_nonzero: 90

Running time so far: 60.8291s

