n_tets: 243
relErr: 0.144515
Selected tets: 10555, 21616, 12946, 21677, 4748, 6996, 23325, 27965, 4263, 12045, 17320, 25683, 19465, 9519, 19914, 12330, 23888, 5093, 21360, 28276, 21477, 726, 19503, 27247, 19660, 8811, 19456, 1518, 11035, 8328, 15796, 13232, 19166, 13409, 6928, 11618, 25707, 19162, 2547, 15300, 2987, 17874, 23620, 1861, 15479, 1269, 22785, 25329, 27418, 10401, 17509, 29299, 4195, 25933, 24111, 12388, 15089, 13391, 10002, 20247, 6697, 16256, 19800, 1543, 21586, 15012, 15261, 18244, 12419, 5851, 4114, 13262, 4087, 12118, 14799, 19346, 18806, 6050, 5897, 19548, 27873, 14866, 12204, 6574, 615, 23457, 14449, 24519, 11464, 5283, 27830, 26024, 26451, 4776, 3022, 22444, 1404, 20672, 4294, 25936, 21442, 23021, 19072, 15701, 2551, 3044, 25426, 22905, 8294, 5524, 10404, 21587, 2827, 14554, 27248, 9885, 14214, 11571, 26472, 15465, 14082, 21181, 14519, 12796, 17326, 12794, 9864, 13331, 4089, 4435, 22616, 14548, 27641, 5693, 1542, 1535, 17875, 11961, 22296, 17872, 25247, 21218, 19661, 3008, 4099, 19164, 2655, 24925, 11924, 26592, 11946, 14, 4806, 20118, 696, 28794, 37, 15723, 27439, 5905, 18733, 25223, 5289, 2367, 19468, 16, 23539, 22121, 13333, 12601, 6716, 14702, 777, 21756, 21881, 8553, 29295, 10155, 24700, 6444, 8653, 18908, 24011, 14869, 10233, 789, 8742, 15862, 8779, 4848, 5006, 28077, 14853, 20638, 18181, 1415, 25225, 19519, 22555, 14943, 24497, 18975, 16334, 25177, 21516, 25078, 8387, 14942, 1459, 2822, 19361, 10959, 2534, 28075, 12206, 16862, 21440, 17034, 2153, 15193, 2215, 15380, 4667, 19236, 2071, 4357, 44, 6472, 6005, 5968, 2021, 2812, 8298, 24134, 6131, 617, 4921, 9210, 33, 5081, 22119, 14847, 11963, 
Weights: 2430.69, 1392.49, 515.643, 0, 0, 208.631, 213.774, 0, 1.68698, 13.7275, 1.0791, 21.1558, 0.939462, 711.577, 0, 27.8467, 23.6014, 91.5646, 0.967804, 3114.55, 1.98926, 0, 162.843, 1.22373, 58.2155, 0, 217.917, 0.911725, 4.7633, 247.122, 0, 6.28022, 0.510261, 0, 10.8367, 0, 0, 0, 233.48, 281.2, 0, 0, 0, 0.990529, 0, 0.425383, 1925.31, 134.737, 1956.36, 38.2588, 464.604, 253.78, 498.046, 0, 1.87974, 0, 969.601, 0, 0.205839, 0, 0, 0, 1.00673, 0.810325, 0.970567, 0, 0, 599.54, 0, 0, 0, 0, 1.00881, 5.95678, 163.616, 46.232, 596.374, 69.8152, 264.234, 0, 758.988, 2.29752, 220.495, 476.737, 0, 0, 39.0159, 18.9152, 474.223, 0, 16.9334, 382.014, 817.119, 0, 0, 0, 662.233, 325.156, 0, 60.1432, 1.13949, 2.32571, 3.13482, 164.538, 0, 136.299, 0, 0, 1.03831, 3.56302, 55.4208, 0, 0, 0, 5.22679, 0, 33.4616, 1.13879, 0, 0, 0, 122.196, 0, 0.766118, 0, 0.876236, 122.626, 19.9509, 0.993218, 0, 0, 1299.11, 819.42, 128.384, 1.38809, 0, 0, 1.11524, 98.6303, 1.01066, 249.033, 103.016, 0.72323, 64.3254, 2.12856, 0.998005, 0, 0, 0, 26.1811, 172.895, 226.299, 0, 0.976648, 1.02437, 372.013, 0.987094, 1535.97, 0, 222.643, 0, 0, 1.5705, 0, 0.965966, 0, 0, 0, 1.78524, 0, 0, 3.8759, 96.9266, 0, 0.305881, 0, 0, 0, 44.9642, 0, 1.03792, 0, 0, 0, 0, 433.6, 0, 0, 0, 1.03654, 0, 228.163, 610.332, 87.9979, 0.984557, 452.063, 0, 129.319, 1.00415, 1.50124, 1117.66, 366.679, 1298.28, 3.43125, 0, 0, 0, 0.998601, 0, 0, 226.711, 0, 501.689, 0, 1.16402, 0, 0.517045, 0, 0.996002, 209.673, 0, 0, 112.524, 1.53763, 0, 3.97441, 127.502, 1.05316, 86.792, 16.0385, 890.159, 0, 0, 0, 14.4942, 1.05108, 0, 0.905344, 0, 228.004, 0, 2.66763, 0, 
n_nonzero: 146

Running time so far: 314.747s

