n_tets: 119
relErr: 0.0655274
Selected tets: 29127, 663, 19334, 2539, 17312, 25934, 6233, 15770, 23150, 23393, 21534, 19440, 9499, 12040, 9900, 8286, 14089, 5132, 29637, 16013, 9885, 6439, 27103, 1556, 11950, 19167, 26536, 17860, 2187, 12207, 13680, 29504, 14520, 12427, 5898, 3575, 24294, 4103, 1539, 9627, 13058, 17874, 21181, 14917, 6858, 15734, 15047, 8963, 4109, 22990, 12018, 8391, 13923, 11980, 10161, 1221, 6571, 21511, 6642, 14605, 2433, 18051, 2317, 4136, 21177, 25650, 4112, 25027, 11085, 22722, 20054, 13407, 2550, 16056, 10844, 28817, 29263, 7874, 1018, 2180, 12314, 14017, 18907, 21392, 17871, 17261, 25538, 21565, 5190, 4090, 4481, 29527, 22754, 17269, 1706, 19507, 22767, 21277, 15624, 25566, 7008, 29291, 17148, 17430, 18483, 27326, 14990, 4016, 15940, 3545, 2076, 4190, 18033, 25532, 6015, 11870, 24073, 24085, 1254, 
Weights: 2313.71, 1904.59, 211.645, 0, 0, 376.713, 807.551, 0, 0, 0, 0, 0, 123.624, 0, 0, 1802.23, 380.648, 0, 285.248, 115.927, 0, 24.061, 0, 308.813, 0, 0, 0, 297.44, 36.856, 0, 0, 985.097, 0, 0, 180.993, 676.867, 0, 0, 0, 559.954, 0, 0, 0, 0, 206.272, 2255.79, 1798.7, 0.537575, 0, 7004.42, 261.993, 0, 0, 427.349, 0, 63.9935, 0, 670.833, 0, 836.106, 0, 0, 1740.38, 686.44, 180.418, 842.025, 0, 188.007, 65.1872, 0, 176.352, 0, 0, 0, 356.944, 0, 0, 119.752, 0, 16.1045, 355.682, 161.295, 1760.06, 1290.8, 0.986148, 363.125, 1696.46, 49.9787, 420.414, 0, 0, 178.137, 0, 0, 74.5013, 286.886, 1203.29, 0, 389.011, 0, 0, 0, 0, 0, 743.417, 899.926, 176.699, 918.653, 0, 940.36, 597.319, 55.876, 2543.22, 4.41071, 0, 0, 0, 266.971, 0, 
n_nonzero: 62

Running time so far: 65.6038s

