n_tets: 94
relErr: 0.130818
Selected tets: 995, 6736, 3302, 3987, 3394, 5919, 5053, 3766, 4748, 2193, 2122, 6506, 5764, 1865, 4146, 1481, 7325, 7320, 3959, 6094, 983, 4455, 1823, 6731, 3811, 2352, 488, 6772, 7227, 66, 6257, 6007, 3897, 2837, 6381, 2097, 2003, 2113, 6822, 854, 5717, 2379, 5482, 929, 4260, 5442, 5647, 3953, 7480, 3285, 2645, 3423, 7447, 205, 7291, 3554, 1134, 5283, 2773, 7449, 4780, 2781, 2964, 1828, 1942, 5356, 7446, 2662, 7378, 1587, 757, 3561, 5450, 489, 7483, 2988, 2756, 1944, 1782, 3087, 838, 1882, 3553, 198, 2212, 1505, 7445, 5823, 2668, 3188, 3426, 3122, 7048, 3326, 
Weights: 720.057, 379.168, 27.7619, 166.204, 86.8996, 170.553, 44.5577, 153.466, 323.14, 87.741, 33.4929, 748.477, 71.0995, 97.803, 61.4107, 61.1713, 1.04256, 0.943376, 73.2435, 109.316, 69.4783, 0.67869, 0, 325.576, 91.2326, 1.00301, 1.06361, 287.741, 14.5547, 229.807, 41.3998, 119.637, 14.8802, 2.04839, 334.802, 0.999665, 1.048, 45.0195, 10.3115, 173.612, 1.0116, 1.35763, 0.340361, 1.00956, 251.537, 0.990352, 0.955251, 1.43302, 0.725328, 0.994262, 202.025, 214.346, 0.966259, 0.982062, 18.0092, 5.84592, 567.159, 1.01846, 0, 0.372928, 320.641, 0.99774, 94.1143, 76.7874, 2.69681, 0.0611191, 0.133041, 1.00429, 133.4, 93.4461, 0, 4.97189, 1.18245, 188.445, 8.69845, 0.822169, 124.685, 2.36265, 0.958458, 1037.7, 1.39921, 0.952524, 0, 0.369855, 116.398, 187.291, 1.14578, 2.28969, 1.27839, 99.0074, 18.6351, 94.9804, 14.2625, 123.512, 
n_nonzero: 90

