n_tets: 224
relErr: 0.159132
Selected tets: 249002, 300504, 115294, 173416, 216464, 67661, 381863, 388822, 307228, 161633, 259931, 386542, 166703, 73861, 16052, 159116, 209093, 50939, 51631, 34542, 253661, 2257, 155159, 213606, 343630, 417567, 185388, 220283, 135203, 246536, 211127, 388422, 38346, 15029, 127251, 390, 271020, 248004, 126519, 314260, 199316, 125865, 249141, 152948, 80674, 232911, 194442, 7265, 258789, 387932, 93220, 308533, 301075, 213596, 104085, 13444, 368449, 27328, 275890, 204986, 48458, 302146, 312336, 20156, 422593, 313811, 367720, 228208, 21213, 328721, 319118, 93254, 339994, 221968, 373921, 144535, 312385, 251749, 1379, 372877, 73401, 328756, 244, 428170, 250468, 143266, 420411, 395462, 139570, 130436, 353062, 371551, 224135, 401702, 225648, 398601, 4787, 416749, 155955, 14323, 83190, 19673, 17540, 87189, 40205, 615, 99341, 347967, 371558, 327987, 340722, 196739, 361950, 192590, 318882, 349706, 404042, 17341, 419208, 212437, 91467, 353886, 280245, 60530, 376002, 51697, 264224, 34956, 428503, 318883, 401943, 273584, 416856, 199382, 7691, 343990, 392938, 32132, 280917, 34787, 146, 213609, 89897, 59151, 350468, 43408, 352518, 324376, 99772, 80066, 46129, 32827, 417326, 106313, 35455, 280552, 86934, 96682, 21990, 153010, 418086, 56035, 79712, 192644, 301912, 345519, 226462, 83110, 407349, 355269, 313686, 421836, 239276, 212531, 34902, 34173, 18141, 320780, 62976, 421009, 145219, 114610, 8903, 272766, 190927, 35394, 5156, 295169, 411661, 283115, 345586, 190288, 303139, 74539, 155655, 397330, 101850, 328278, 286888, 205914, 375644, 106616, 399820, 391692, 133465, 383243, 397538, 12521, 168530, 261164, 350012, 9507, 425064, 338449, 140798, 326027, 79468, 46775, 187473, 191656, 358124, 180529, 403964, 16652, 
Weights: 0, 5081.99, 0, 0, 0, 806.727, 118.247, 0, 3599.45, 0, 584.383, 0, 3288.68, 0, 638.464, 0, 14164.1, 0, 3662.28, 0, 36.1751, 0, 0, 0, 0, 1695.23, 0, 0, 8.17638, 3086.79, 0, 0, 0, 0, 0, 0, 421.441, 433.407, 0, 0, 3599.86, 0, 0, 7691.97, 0, 0, 0, 343.638, 2427.39, 0, 0, 0, 1069.64, 0, 0, 0, 1619.41, 1145.81, 527.634, 0, 0, 0, 0, 0, 475.748, 299073, 0, 0, 0, 0, 1766.25, 0, 0, 0, 0, 0, 0, 0, 2335.47, 0, 916.372, 0, 26.9417, 2466.18, 213.19, 62.2248, 0, 0, 0, 29686, 0, 2927.47, 0, 0, 0, 0, 0, 136335, 3000.73, 0, 299.992, 2015.14, 1874.77, 1273.36, 0, 573.652, 0, 0, 1041.23, 7531.31, 20280.4, 0, 25.9904, 8697.96, 0, 0, 3322.76, 0, 2544.14, 0, 0, 228440, 0, 0, 0, 96530.3, 0, 0, 0, 0, 501.501, 0, 0, 0, 0, 0, 1013.81, 0, 0, 0, 824.503, 168.328, 260.264, 0, 366.367, 0, 335.972, 0, 0, 9668.99, 0, 0, 0, 0, 327.655, 470.681, 0, 0, 327.386, 711.435, 0, 5.56823, 0, 0, 481.727, 0, 0, 0, 642.611, 0, 0, 0, 0, 0, 539.016, 0, 68.8317, 0, 0, 0, 0, 0, 1032.75, 0, 2115.03, 245.873, 0, 6475.84, 1.61829, 0, 562.33, 0, 1335.51, 0, 0, 0, 716.045, 0, 499.14, 0, 0, 1950.93, 0, 0, 0, 147.33, 0, 0, 0, 0, 27.4405, 0, 348.981, 0, 0, 99998.1, 0, 0, 76728.2, 2621.49, 0, 0, 0, 0, 
n_nonzero: 83

Running time so far: 280.599s

