n_tets: 150
relErr: 0.324929
Selected tets: 995, 4859, 3302, 1369, 524, 2701, 7267, 6313, 6491, 2724, 3266, 3596, 1063, 1252, 827, 6733, 7325, 7320, 3294, 5053, 5016, 4455, 1823, 105, 955, 2352, 918, 4146, 2631, 2959, 237, 819, 7394, 522, 2634, 2097, 6339, 5879, 1781, 4578, 5895, 729, 3112, 6564, 2567, 5442, 7480, 5585, 3237, 5647, 3425, 4410, 2329, 5934, 451, 6547, 1818, 2668, 6815, 2607, 205, 1814, 6623, 4749, 6079, 5356, 7446, 2662, 983, 359, 1485, 1657, 3561, 1032, 5715, 4651, 2778, 7445, 3836, 1782, 2313, 126, 7016, 198, 3829, 3662, 6852, 3770, 2600, 6257, 3879, 534, 1269, 4511, 4943, 7054, 6537, 5492, 6283, 3686, 2180, 4001, 4771, 804, 2003, 3876, 7443, 2679, 1906, 1704, 3253, 4483, 4939, 212, 6643, 4534, 4070, 4223, 536, 1069, 56, 5580, 4663, 6782, 3175, 6979, 7226, 1745, 2393, 3959, 4352, 3408, 489, 2496, 6171, 5093, 7251, 2901, 3911, 5326, 5876, 897, 7342, 6144, 2591, 7238, 6487, 264, 3711, 6711, 
Weights: 861.529, 333.584, 291.871, 224.591, 533.019, 585.578, 1201.54, 94.5751, 111.546, 258.306, 280.221, 172.281, 190.393, 258.006, 0, 298.991, 0.0876711, 0.936287, 269.049, 150.523, 0.448583, 0.524101, 160.41, 565.6, 91.6861, 1.04346, 0.35066, 40.5337, 48.2227, 305.534, 18.0833, 69.316, 73.2553, 178.831, 22.4062, 1.11133, 0, 205.564, 19.2808, 272.783, 24.7527, 72.2334, 72.7403, 80.4902, 12.4906, 0.934401, 0.459537, 129.486, 0.651501, 0.951323, 0, 41.6154, 89.7083, 4.79797, 13.9184, 56.9582, 0, 0, 1.54504, 47.0085, 0.93976, 2.29207, 24.7452, 78.1283, 0, 6.66437, 2.06384, 1.00094, 0, 56.8482, 45.6895, 0, 21.8591, 3.26611, 0.395262, 0.661866, 34.3444, 0.632596, 76.5111, 1.04238, 6.40458, 0, 75.2776, 0.513343, 171.536, 1733.2, 88.1637, 0, 12.6842, 8.85462, 1.21715, 26.4337, 62.6847, 40.6625, 0, 0, 17.8661, 0.98642, 4.09886, 0, 65.764, 2.14297, 49.1856, 131.93, 1.02674, 0.958674, 1.72898, 59.2412, 0.78645, 0, 13.3856, 0.907538, 20.6762, 0.953997, 1.02699, 40.3729, 40.5802, 390.808, 330.999, 0, 2.54172, 0, 0.973445, 31.5891, 4.07303, 23.2486, 0, 6.10381, 112.952, 8.74524, 15.909, 23.1378, 15.4672, 6313.78, 46.9958, 8.43919, 68.9272, 17.6248, 33.4822, 0, 0, 114.804, 0, 53.5149, 230.141, 45.7184, 0.88432, 23.7391, 61.6101, 8.92831, 
n_nonzero: 130

