n_tets: 75
relErr: 0.221901
Selected tets: 995, 6736, 3302, 3987, 5864, 4070, 3730, 3440, 7494, 2193, 2122, 2261, 5764, 5142, 6166, 3572, 3695, 7454, 5135, 7320, 5016, 4455, 1016, 3762, 5387, 2352, 4049, 1000, 3179, 1735, 5789, 5372, 4724, 685, 5526, 1828, 6339, 5976, 264, 645, 5895, 5482, 3808, 1141, 1909, 5442, 7480, 3953, 2668, 5647, 5939, 2837, 270, 3811, 4160, 2849, 2642, 5738, 4590, 4390, 205, 2781, 2258, 4000, 6711, 5356, 886, 2662, 3672, 3262, 6141, 3341, 3561, 284, 7483, 
Weights: 683.83, 214.593, 118.994, 99.2534, 149.129, 197.315, 426.562, 169.851, 324.31, 163.669, 111.248, 136.991, 90.5098, 373.593, 0, 343.453, 127.15, 161.155, 60.0587, 0.915001, 0.46995, 0.521496, 820.875, 122.583, 0, 1.05328, 0.922001, 30.7655, 193.711, 177.947, 222.555, 47.8014, 0, 654.522, 139.345, 110.324, 0, 254.462, 79.5736, 43.3032, 13.2516, 1.26165, 127.532, 49.7184, 108.334, 0.925176, 0.756241, 2.12892, 1.20125, 0.998066, 328.929, 2.56821, 34.1552, 15.3776, 0, 29.0897, 213.031, 34.9878, 1453.32, 221.627, 0.985615, 0.999928, 237.934, 468.183, 14.451, 7.49632, 366.171, 1.01457, 132.093, 49.26, 56.8451, 27.1814, 16.6803, 0, 9.0247, 
n_nonzero: 69

