n_tets: 140
relErr: 0.196391
Selected tets: 13417, 13808, 28312, 14069, 12972, 8258, 18944, 8070, 481, 15775, 21730, 13395, 25325, 4033, 14210, 4406, 28758, 3292, 10851, 23758, 19900, 6591, 14973, 28694, 28842, 9171, 13131, 19233, 2668, 27964, 22780, 12583, 186, 25112, 5552, 2931, 25758, 2253, 27971, 14506, 13058, 21692, 6449, 11962, 5801, 25739, 11593, 17718, 14157, 5185, 24834, 6697, 808, 12454, 12031, 26393, 5141, 24502, 13201, 4846, 19037, 8572, 1861, 12, 22228, 2107, 7838, 15856, 22491, 12004, 21868, 27114, 6553, 20202, 1249, 28810, 6927, 18163, 24785, 20221, 6437, 16292, 20597, 22441, 14252, 20058, 29515, 13200, 15779, 4090, 8983, 4014, 24556, 4929, 3052, 3549, 21881, 9319, 1421, 11924, 11981, 20165, 14333, 18228, 21751, 9234, 7077, 28500, 3086, 28915, 11026, 4190, 22322, 29634, 4318, 7437, 19562, 11571, 6587, 18077, 19801, 18222, 9883, 29631, 2938, 3081, 6338, 28774, 29334, 23005, 15591, 15473, 15776, 12565, 21200, 18130, 13195, 20497, 14340, 28024, 
Weights: 241.282, 852.167, 366.602, 682.729, 842.724, 3266.48, 299.219, 291.497, 888.88, 1.02681, 203.493, 98.6918, 231.344, 0, 2038.88, 392.315, 80.4499, 316.357, 820.211, 792.773, 276.111, 187.555, 26.3969, 494.94, 446.664, 402.71, 206.823, 0, 107.651, 930.988, 386.399, 44.5568, 825.188, 230.601, 513.415, 19.0929, 25.6707, 243.084, 0.962717, 104.639, 1.01088, 0.995292, 258.371, 47.0266, 952.91, 0, 87.8883, 226.956, 20.1702, 0, 0, 0, 0, 648.382, 101.954, 0, 534.881, 445.6, 292.525, 31.5456, 0.844076, 42.3883, 1.18817, 0.646787, 421.987, 575.189, 315.46, 838.739, 281.227, 1.93327, 124.791, 488.492, 154.614, 1216.2, 671.587, 556.251, 180.836, 0, 0, 103.148, 94.8942, 285.706, 54.7267, 6.32026, 50.0524, 1.09505, 170.523, 1.69988, 1.15248, 29.542, 7.98723, 0, 101.307, 10979.7, 7.99704, 150.738, 1.38252, 112.734, 0.941589, 151.263, 1.35083, 1.54257, 37.1754, 425.542, 82.0273, 559.12, 0, 500.476, 103.555, 225.96, 44.6342, 96.268, 30.8055, 0, 0, 266.844, 0, 0, 0, 667.779, 0.986758, 66.9856, 0, 290.242, 234.884, 0, 278.62, 232.997, 17.2568, 215.427, 188.937, 1.26145, 0.757637, 0.371484, 0, 1166.13, 69.9154, 0, 0, 86.2703, 
n_nonzero: 118

Running time so far: 48.3991s

