n_tets: 78
relErr: 0.512837
Selected tets: 25939, 699, 8335, 12763, 14231, 4944, 1622, 18088, 45004, 33142, 17824, 26526, 34964, 29197, 41971, 4088, 9429, 28182, 37261, 22357, 32934, 24473, 44764, 29504, 14031, 10997, 2671, 39876, 22778, 17576, 37292, 27223, 35427, 992, 44953, 24904, 3681, 38672, 1548, 31816, 41017, 24340, 43890, 37493, 13703, 2979, 44748, 25368, 42705, 17570, 44816, 26508, 35141, 37485, 10559, 29550, 11894, 42687, 14294, 10567, 44291, 3093, 36649, 31115, 10652, 27915, 12262, 13861, 21682, 8391, 32080, 39501, 15389, 22564, 6641, 44226, 9963, 21658, 
Weights: 3529.65, 2879.92, 3549.9, 2110.74, 1.41542, 4359.92, 0.724335, 3677.67, 105.812, 4.47343, 0.946191, 1.2847, 5.47811, 2141.54, 6.3158, 0, 65.7906, 5517.25, 4.99501, 1.55877, 4541.02, 3.66534, 0, 108.356, 0, 190.949, 3481.07, 844.942, 0, 0.1034, 0, 1.15181, 627.884, 38.9897, 0.935567, 57.6121, 1.08415, 0.0549555, 12.3208, 687.71, 6.78183, 0, 160.987, 0, 2.39724, 1.04686, 0, 0, 1.06524, 3.71307, 24.5943, 0, 0.90361, 0, 1.1318, 0, 15.9517, 43.4542, 0.618929, 2362.17, 1.30807, 0, 25.881, 1592.09, 2.81422, 2143.07, 10.336, 158.425, 24.9253, 0.337961, 191.483, 1.10809, 1.49054, 0.983643, 0, 0, 26.5326, 0.411709, 
n_nonzero: 63

Running time so far: 41.6535s

