n_tets: 100
relErr: 0.144098
Selected tets: 10627, 18711, 3267, 3330, 20119, 42460, 24063, 44641, 18271, 7005, 34905, 26526, 31186, 41800, 11439, 8472, 11381, 32955, 38458, 30908, 29783, 37525, 31135, 29877, 23963, 2985, 40461, 3178, 4873, 7354, 38196, 28967, 28129, 20028, 27914, 11673, 35294, 14390, 7435, 31416, 19641, 17393, 14017, 26739, 14692, 42438, 6696, 27940, 560, 9096, 25457, 14260, 22491, 35862, 14184, 2722, 1031, 36486, 784, 16052, 20446, 21175, 39842, 13027, 41911, 16997, 25208, 21730, 7771, 11937, 18292, 18909, 28389, 26485, 3512, 3206, 28349, 35183, 11548, 23703, 35425, 12279, 25535, 17061, 31087, 28695, 1373, 39978, 15365, 40422, 12458, 24893, 37672, 24511, 41057, 38250, 24616, 16302, 17907, 17341, 
Weights: 0, 0, 0, 0, 9673.67, 0, 0, 0, 0, 0, 274.197, 0, 0, 0, 0, 0, 0, 0, 0, 100.702, 0, 0, 0, 0, 0, 4097.81, 1543.33, 0, 919.601, 0, 1536.28, 0, 502.619, 0, 5746.27, 0, 0, 0, 0, 0, 437.716, 0, 649.037, 0, 0, 0, 0, 0, 0, 0, 0, 5169.92, 0, 0, 0, 2770.72, 0, 0, 0.739408, 0, 4913.88, 0, 1954.34, 0, 0, 0, 0, 0, 0, 0, 632.652, 0, 2536.33, 193.079, 0, 3043.35, 1921.98, 0, 0, 0, 900.339, 0, 1340.25, 0, 0, 4600.64, 0, 0, 0, 1598.57, 1695.59, 0, 0, 0, 0, 1270.55, 0, 0, 0, 0, 
n_nonzero: 27

Running time so far: 82.9335s

