n_tets: 32
relErr: 0.386733
Selected tets: 995, 6736, 3302, 3987, 3394, 5919, 5053, 3766, 4748, 2193, 2122, 6506, 5764, 1865, 4146, 1481, 7325, 7320, 3959, 6094, 983, 4455, 1823, 6731, 3811, 2352, 488, 6772, 7227, 66, 6257, 6007, 
Weights: 946.387, 272.294, 445.49, 114.804, 128.04, 394.409, 131.635, 963.493, 500.126, 271.3, 112.768, 750.424, 101.45, 241.426, 127.233, 341.616, 0.533128, 0.911955, 185.458, 141, 208.369, 0.569549, 185.626, 530.424, 116.404, 1.01693, 1.0079, 269.089, 14.5103, 620.14, 37.1656, 102.812, 
n_nonzero: 32

