n_tets: 22
relErr: 0.0823663
Selected tets: 13986, 9874, 28312, 13284, 1214, 27342, 6233, 24777, 25350, 11692, 1312, 15251, 11970, 6638, 15836, 26177, 12232, 22738, 4998, 19909, 19835, 19799, 
Weights: 918.412, 4260.35, 2875.66, 3189.65, 402.274, 2913.69, 458.84, 3768.02, 3134.27, 2171.57, 4884.35, 909.476, 370.134, 889.583, 433.363, 2404.15, 565.479, 1893.21, 197.228, 546.29, 780.111, 1208.37, 
n_nonzero: 22

Running time so far: 5.46144s

