n_tets: 37
relErr: 0.378248
Selected tets: 995, 6736, 3302, 3987, 3394, 5919, 5053, 3766, 4748, 2193, 2122, 6506, 5764, 1865, 4146, 1481, 7325, 7320, 3959, 6094, 983, 4455, 1823, 6731, 3811, 2352, 488, 6772, 7227, 66, 6257, 6007, 3897, 2837, 6381, 2097, 2003, 
Weights: 929.865, 309.909, 377.96, 115.105, 124.029, 461.484, 85.3723, 1007.98, 486.064, 268.162, 109.248, 688.797, 98.8189, 272.322, 130.056, 234.945, 0.534377, 0.911174, 163.896, 138.549, 196.284, 0.570563, 168.085, 555.514, 132.243, 1.01139, 1.01324, 323.338, 14.1866, 559.688, 52.3502, 101.079, 22.7335, 2.86159, 198.373, 1.12729, 0.989714, 
n_nonzero: 37

