n_tets: 10
relErr: 0.350687
Selected tets: 99, 14, 57, 89, 11, 140, 103, 93, 119, 146, 
Weights: 65.8341, 1.48805, 0.884688, 1.03292, 48.8878, 1.01809, 47.7446, 1.03444, 1.35031, 82.7238, 
n_nonzero: 10

