n_tets: 286
relErr: 0.331325
Selected tets: 21500, 27848, 13245, 1062, 23629, 22890, 26439, 10395, 1762, 13239, 2064, 7179, 9472, 27723, 24981, 25538, 15997, 17901, 5546, 26161, 18850, 4761, 5565, 27606, 22601, 20170, 12812, 17721, 2763, 14933, 20973, 11971, 24234, 3854, 16524, 4933, 15470, 7354, 20470, 23593, 2716, 26312, 15489, 22202, 6495, 19403, 4175, 26183, 25581, 28594, 14670, 7776, 16251, 26302, 4498, 13334, 10833, 23642, 26751, 15401, 6651, 28287, 27213, 10437, 19522, 5873, 5967, 9001, 797, 5789, 26177, 1249, 10457, 25105, 1041, 8851, 16236, 21990, 4960, 14700, 6339, 7218, 5056, 17417, 22733, 16473, 5270, 8120, 15142, 25168, 14245, 22838, 19706, 2303, 5541, 1787, 9988, 25121, 27307, 22758, 27118, 5367, 28123, 24230, 19701, 5322, 6105, 22447, 788, 24371, 514, 5611, 12546, 18677, 22399, 17584, 15196, 5272, 26570, 6448, 7782, 6001, 9622, 19954, 24762, 16167, 24682, 4553, 6030, 2808, 6023, 1436, 6382, 28429, 28325, 17138, 24418, 21635, 3390, 10128, 4570, 15492, 18878, 1948, 13220, 3996, 7089, 20070, 4447, 18428, 24740, 635, 10056, 6121, 27609, 11030, 4054, 21875, 13512, 21400, 17943, 14408, 10462, 21780, 12015, 24751, 19324, 26859, 5433, 2058, 6842, 27812, 13430, 18084, 17718, 24435, 25791, 13164, 12836, 552, 6238, 26529, 6044, 14932, 5807, 24877, 23379, 19225, 4161, 8462, 3903, 14349, 13085, 9124, 20388, 21901, 22900, 4026, 27388, 21325, 27618, 24564, 22851, 9644, 12504, 4963, 27417, 23809, 576, 13063, 8730, 20764, 10960, 9504, 5740, 13584, 12798, 7326, 22715, 14189, 15260, 20071, 10779, 26065, 13769, 7378, 24282, 18023, 25533, 17025, 23489, 5202, 5800, 8833, 22714, 9797, 16316, 19240, 12693, 12580, 23363, 19999, 21467, 22872, 16032, 13322, 1737, 24489, 4949, 23685, 3359, 16353, 25547, 19752, 26496, 9828, 19486, 19058, 5885, 643, 8549, 2994, 11474, 15130, 13648, 8694, 21072, 7605, 27762, 27788, 19704, 20451, 12117, 20361, 11324, 13590, 25468, 5822, 24479, 787, 13510, 17223, 7896, 5659, 26375, 16315, 
Weights: 85.0459, 0, 0, 0, 0, 352.907, 346.97, 1.46889, 739.989, 0, 4.61115, 479.144, 0, 0, 15.1524, 200.435, 0, 363.475, 54.1074, 750.387, 25.0241, 385.14, 138.199, 31.9745, 0, 0, 0, 41.8082, 0, 0, 0, 68.6023, 4.39428, 15.8231, 18.3813, 17.4903, 0, 1818.54, 88.294, 0.866045, 0, 1.05648, 0.750792, 0, 1.72376, 319.212, 61.2713, 1.00524, 0, 0, 0, 0, 1.2395, 0, 0, 26.2547, 0, 39.7551, 380.153, 0, 0.964645, 1.70563, 0, 0, 0, 184.686, 829.995, 0, 0, 4140.06, 0, 161.59, 0, 0, 811.239, 0, 0, 5.18135, 0, 0, 15.8755, 0, 1.53962, 0, 1247.88, 39.9973, 64.6337, 14.4513, 30.6078, 0, 0, 9.85421, 0, 0, 0, 49.5373, 920.624, 271.938, 0, 3.10855, 0, 631.662, 0.303765, 83.3134, 0, 38.2179, 1.24991, 16.7627, 75.9804, 0, 113.253, 464.304, 0, 0, 0, 0.964829, 0, 0, 95.4183, 0, 0, 13.971, 0, 0, 16.507, 0, 1924.29, 81.3099, 0.682414, 421.813, 0, 0, 7.14376, 146.334, 72.1263, 0, 0, 58.7661, 2.9069, 0, 426.517, 1.05787, 160.568, 0, 7.91903, 9.32876, 0.737721, 75.5698, 14558.6, 0, 2502.08, 645.501, 242.921, 0.518748, 13.474, 0, 0, 0, 0, 0, 3.23618, 509.02, 1.57913, 0.153639, 238.049, 513.579, 1.02059, 0, 245.95, 2.80898, 79.7905, 519.765, 0, 25.9193, 0, 2.52901, 1.03311, 0, 0, 0, 2.79671, 5512.61, 0, 0, 7.94666, 0, 0, 1.01505, 1.08486, 0, 0, 13.9789, 360.327, 505.185, 0, 0, 148.859, 0, 0.947182, 0, 383.695, 0, 39571.5, 13.3119, 1332.1, 0, 0, 0, 14.2307, 0.791673, 0, 758.869, 0, 0, 0, 40.5593, 0, 0, 0, 0, 1.02412, 156.928, 34.5995, 0, 46.5485, 0, 0, 0, 7303.5, 0, 0, 86.3238, 105.14, 1.51862, 264.489, 191.72, 19.6806, 39.2738, 0, 52.7278, 0, 4923.36, 51.9357, 10026.7, 0, 0, 245.812, 563.124, 758.437, 0, 0, 1783.78, 9.00392, 19.803, 0, 0, 0.698287, 0, 0, 0, 0, 947.708, 0, 6.99607, 630.977, 0, 18.2545, 0, 0, 0, 0, 0, 0, 0, 35.5899, 12.5237, 0, 0, 0, 0, 1577.54, 13556.3, 0, 0, 0, 0, 
n_nonzero: 153

Running time so far: 104.596s

