n_tets: 96
relErr: 0.156072
Selected tets: 11653, 17340, 29124, 23576, 14512, 19181, 26439, 14755, 7643, 20581, 27376, 9208, 22436, 17370, 29530, 12686, 9765, 5093, 27829, 5223, 10587, 2282, 28753, 4945, 11956, 10685, 27251, 12253, 14924, 23185, 4460, 21799, 19166, 25112, 6928, 19480, 3092, 14022, 13107, 26027, 22837, 24849, 10400, 3918, 14873, 8521, 25376, 16928, 21411, 12601, 15774, 17871, 16874, 12159, 211, 14017, 13163, 9065, 1531, 2956, 17173, 3391, 5773, 4144, 21586, 2015, 4242, 10516, 3130, 9781, 17745, 21040, 4087, 6192, 18687, 12445, 18806, 18181, 18118, 29685, 25223, 29272, 14235, 13331, 14252, 7433, 4876, 27465, 26924, 24111, 15127, 12545, 1301, 12638, 17226, 27963, 
Weights: 2343.72, 1981.6, 0, 182.077, 0, 0, 0, 0, 0, 3.93951, 198.259, 1.11776, 2106.42, 1546.21, 0.543391, 1597.69, 576.933, 179.6, 1.92081, 285.506, 1983.08, 0, 0, 1.46035, 1.23096, 394.919, 0.998229, 1862.17, 364.867, 0, 0, 1.19426, 0.962707, 38.8497, 0, 23.1564, 13.7903, 307.977, 0, 0, 0, 0, 0.974117, 676.024, 106.377, 0.456813, 0, 1218.08, 16.6516, 2.14255, 0, 0, 1101.62, 520.578, 1.03694, 857.685, 435.889, 0, 1390.77, 990.222, 0, 0, 0, 1873.95, 0.702138, 1312.15, 0.7103, 398.503, 2090.97, 0, 634.376, 0.5023, 0.962959, 2093.31, 468.159, 0, 0, 1.21976, 1.56739, 0, 22.8907, 2.13961, 106.224, 1.13352, 4.07569, 285.674, 8.51755, 948.571, 0, 33.8243, 25.9613, 171.796, 0, 178.917, 0, 0, 
n_nonzero: 66

Running time so far: 136.725s

