n_tets: 36
relErr: 0.620101
Selected tets: 109225, 86416, 19065, 23959, 20611, 46163, 21172, 5626, 164053, 22911, 207, 145016, 5469, 587, 71853, 47093, 20132, 124881, 74601, 43764, 43954, 116136, 70744, 162421, 47365, 109863, 158477, 87902, 162730, 154546, 122013, 113089, 120044, 107669, 146025, 70309, 
Weights: 4504.36, 1436.18, 3771, 366.311, 7664.77, 0, 3205.75, 4629.04, 0, 15606.5, 418.589, 0, 21071.1, 649.377, 13.087, 0, 5804.37, 123.766, 11964.4, 4166.15, 4.26698, 81.8144, 2687.22, 97.6097, 1.23547, 15097.3, 27.6728, 8.06224, 264421, 2218.31, 28.209, 3106.37, 456.087, 4416.95, 2881.88, 80.2865, 
n_nonzero: 32

Running time so far: 54.0124s

