n_tets: 161
relErr: 0.0593408
Selected tets: 29127, 663, 19334, 2539, 17312, 25934, 6233, 15770, 23150, 23393, 21534, 19440, 9499, 12040, 9900, 8286, 14089, 5132, 29637, 16013, 9885, 6439, 27103, 1556, 11950, 19167, 26536, 17860, 2187, 12207, 13680, 29504, 14520, 12427, 5898, 3575, 24294, 4103, 1539, 9627, 13058, 17874, 21181, 14917, 6858, 15734, 15047, 8963, 4109, 22990, 12018, 8391, 13923, 11980, 10161, 1221, 6571, 21511, 6642, 14605, 2433, 18051, 2317, 4136, 21177, 25650, 4112, 25027, 11085, 22722, 20054, 13407, 2550, 16056, 10844, 28817, 29263, 7874, 1018, 2180, 12314, 14017, 18907, 21392, 17871, 17261, 25538, 21565, 5190, 4090, 4481, 29527, 22754, 17269, 1706, 19507, 22767, 21277, 15624, 25566, 7008, 29291, 17148, 17430, 18483, 27326, 14990, 4016, 15940, 3545, 2076, 4190, 18033, 25532, 6015, 11870, 24073, 24085, 1254, 22699, 1526, 7056, 7645, 6097, 16119, 23911, 26767, 17557, 16192, 9977, 12420, 18260, 7946, 8506, 24926, 3821, 5279, 8747, 41, 15698, 4142, 8457, 27723, 15301, 9608, 26671, 3017, 27817, 8222, 23082, 14012, 3996, 5385, 19028, 696, 23333, 25540, 24171, 8964, 27296, 25332, 
Weights: 255.148, 1043.51, 182.184, 304.04, 0, 0, 762.967, 0, 0, 0, 0, 0, 0, 0, 0, 1946.53, 362.429, 0, 281.863, 0, 3569.26, 123.457, 0, 651.859, 0, 0, 0, 317.85, 0, 0, 0, 421.775, 0, 0, 0, 0, 0, 0, 0, 427.871, 0, 0, 0, 0, 29.9276, 1824.01, 0, 1.1941, 0, 9618.29, 460.574, 0, 0, 303.27, 0, 42.8782, 0, 0, 484.612, 226.826, 0, 0, 0, 758.99, 0, 0, 0, 0, 33.7542, 0, 6.47774, 0, 0, 0, 213.393, 0, 0, 0, 72.7876, 1375.27, 0, 959.776, 1523.23, 1448.39, 0.983357, 671.133, 0, 0, 0, 0, 1.78509, 50.9845, 0, 431.219, 0, 7.88668, 0, 0, 0, 0, 175.401, 0, 0, 0, 0, 489.577, 0, 0, 0, 1075.39, 495.271, 0, 2312.94, 341.029, 205.269, 558.343, 0, 0, 0, 1069.64, 0, 818.604, 0, 0, 0, 0, 2860.54, 256.933, 0, 0, 0, 0, 44.6863, 1193.36, 200.422, 58.7781, 382.717, 0, 87.6914, 0, 0, 0, 0, 0, 192.542, 172.144, 617.61, 1946.36, 30.9648, 0, 0, 0, 0, 174.254, 1.05536, 0, 87.6388, 0, 1.00053, 724.264, 0, 
n_nonzero: 66

Running time so far: 90.2397s

