n_tets: 210
relErr: 0.363426
Selected tets: 646, 4859, 766, 5730, 6102, 5173, 2479, 5512, 6491, 2756, 5585, 4720, 5726, 4711, 2853, 536, 3953, 3924, 4232, 5053, 2737, 4569, 3380, 591, 3595, 1316, 4049, 943, 6702, 2401, 237, 5636, 4724, 769, 4082, 5093, 204, 4948, 1781, 441, 2597, 1573, 5823, 7446, 2416, 5442, 2694, 6551, 2668, 5345, 1776, 2660, 6342, 3414, 4546, 2849, 2928, 4458, 1736, 2463, 205, 7485, 6837, 2477, 2617, 1630, 6531, 3308, 90, 677, 4651, 2780, 4815, 489, 3792, 5229, 4522, 1944, 3985, 6470, 3786, 3734, 4241, 198, 7397, 5607, 2172, 896, 4694, 3201, 6934, 4729, 4384, 5356, 4943, 3317, 3814, 1099, 2022, 2371, 5946, 3566, 3901, 3670, 7226, 3876, 3012, 5170, 4133, 2975, 5086, 4483, 3174, 1359, 6400, 7420, 2838, 233, 7520, 1079, 3688, 6131, 380, 6126, 6896, 7325, 1587, 5799, 7195, 6802, 6466, 138, 6786, 3741, 4608, 598, 892, 4050, 5964, 4995, 577, 4094, 3367, 7046, 4292, 3954, 4931, 4967, 2303, 625, 5079, 2766, 3389, 3398, 2500, 4482, 7393, 2955, 3955, 2421, 375, 3749, 649, 4950, 5273, 7227, 3738, 356, 56, 1878, 2336, 555, 3126, 6822, 3220, 1842, 2672, 3787, 5491, 79, 3108, 5967, 4173, 6066, 2803, 4708, 925, 2415, 1253, 3267, 2427, 3491, 4787, 4081, 3828, 6444, 3986, 3780, 5249, 4385, 624, 914, 1465, 1790, 5153, 6297, 5947, 757, 7225, 4507, 
Weights: 317.515, 7964.63, 424.156, 0, 858.484, 2164.97, 84158.2, 0, 0, 37.9849, 260.49, 178.459, 3873.61, 0, 6.99987, 0, 5.68267, 0, 249.764, 8294.32, 2782.18, 0, 175.464, 109710, 75.6783, 40.4921, 0.106507, 0, 2466.1, 67.6329, 15278, 25041.1, 8.2418, 14526.9, 0, 0, 0, 1688.72, 1210.69, 458.906, 42045.9, 0, 0, 0, 74.4822, 14.5308, 1999.82, 3729.03, 4.10617, 61.6927, 0, 452.314, 43.5973, 90.7723, 865.038, 332.737, 0, 272.018, 1113.35, 0, 9.43901, 371.571, 68233.5, 727.793, 0, 16111.8, 96925.8, 0, 163.858, 0, 0.538382, 538.721, 0, 847.327, 939.988, 0, 11215.1, 0.116638, 18.2853, 0, 0, 43.5381, 1954.58, 0.164635, 52453.5, 1333.21, 3903.79, 1380.25, 82.7757, 886.65, 0, 143.994, 505.094, 0, 58.4128, 3.50093, 0, 11.6515, 37.3399, 317.274, 78.6759, 0, 574.418, 22657.3, 0, 2.67079, 13883, 31621.9, 69.795, 4160.48, 124.313, 0.144564, 0, 26216.7, 1549.52, 3492.62, 23.3363, 19881.7, 8.91764, 744.397, 21949, 4959.47, 1275.6, 0, 670.935, 19.4854, 68.2368, 0, 6973.41, 1047.89, 382.08, 0, 4783.39, 76651.6, 0, 0, 134.706, 0, 0, 7.36305, 0, 0, 2134.68, 0, 2.17428e+19, 35.5814, 9315.76, 82277.6, 355.166, 1.82807e+06, 31.6033, 0, 286.093, 3627.21, 0, 1967.25, 2253.86, 241.609, 12.3205, 0, 1446.84, 0, 3839.79, 346.753, 7394.62, 4.80253, 889.197, 7.76443, 0, 0, 0, 1.63764e+06, 104.156, 93.3864, 48.0115, 136.303, 464.797, 1180.33, 0, 0, 5776.9, 1147.59, 341.402, 0, 728.101, 0, 0, 7.95166, 116.931, 0, 577.395, 11897.4, 25.8567, 0, 751.095, 727.677, 0, 534.507, 1995.92, 97.0959, 3.66641, 721.649, 2578.9, 0, 564.24, 7747.68, 120928, 0, 1.28024, 6798.54, 
n_nonzero: 153

