n_tets: 40
relErr: 0.238096
Selected tets: 13417, 13808, 28312, 14069, 12972, 8258, 18944, 8070, 481, 15775, 21730, 13395, 25325, 4033, 14210, 4406, 28758, 3292, 10851, 23758, 19900, 6591, 14973, 28694, 28842, 9171, 13131, 19233, 2668, 27964, 22780, 12583, 186, 25112, 5552, 2931, 25758, 2253, 27971, 14506, 
Weights: 342.108, 918.12, 1480.18, 390.108, 2405.94, 11055.7, 1598.55, 468.155, 1361.36, 1.03639, 260.91, 73.0273, 833.654, 416.944, 9107.38, 666.08, 75.818, 390.792, 3510.07, 739.143, 611.43, 158.209, 191.354, 533.431, 1038.32, 441.024, 379.024, 728.675, 385.085, 542.78, 1013.73, 192.784, 644.536, 530.986, 682.467, 179.715, 51.782, 480.313, 0.811604, 163.75, 
n_nonzero: 40

Running time so far: 15.3935s

