n_tets: 99
relErr: 0.0678536
Selected tets: 19769, 26370, 25715, 13923, 23203, 22574, 27025, 9146, 28769, 8502, 10745, 18639, 29465, 21592, 5495, 3716, 21991, 3083, 27733, 23928, 27103, 20392, 19595, 9764, 18971, 27882, 12327, 19555, 5285, 18949, 4172, 29299, 13223, 12721, 6078, 28816, 1404, 7754, 12744, 9846, 27990, 17874, 19028, 20877, 10754, 1537, 27514, 15823, 14157, 4354, 2824, 27159, 29186, 9490, 11045, 23341, 5609, 15235, 8071, 20229, 22980, 8572, 21788, 12363, 2402, 10973, 27416, 2289, 22727, 22722, 24552, 18922, 4087, 17761, 18891, 14988, 18731, 20598, 17718, 1415, 6437, 815, 7470, 5543, 12533, 20058, 17875, 13200, 8254, 4561, 12186, 7344, 22465, 27460, 23148, 6472, 22767, 18168, 26850, 
Weights: 1202.58, 838.277, 1610.66, 0, 184.731, 240.363, 879.8, 618.613, 893.137, 318.112, 91.7674, 178.755, 0, 0, 327.492, 0, 12.2102, 0, 324.804, 98.7871, 0, 0, 158.078, 178.153, 379.328, 0, 238.697, 131.251, 405.711, 250.577, 358.172, 0, 690.268, 0, 529.008, 52.7769, 286.396, 920.781, 0, 0, 1711.87, 182.454, 32.8863, 402.536, 3152.32, 4.66906, 1154.17, 317.475, 7.42241, 298.883, 61.1345, 732.002, 462.651, 552.286, 389.787, 1097.9, 0, 53.4825, 134.893, 128.594, 238.103, 0, 220.284, 64.8467, 3.37189, 151.202, 0, 198.936, 598.437, 0, 81.7238, 1387.84, 0.974766, 216.298, 0, 0, 443.259, 60.9873, 0, 559.687, 0, 320.295, 106.76, 0, 434.406, 63.175, 0.820844, 13.908, 362.75, 278.311, 499.041, 172.333, 999.104, 437.431, 155.739, 168.968, 1130.47, 88.7103, 0, 
n_nonzero: 77

Running time so far: 43.0441s

