n_tets: 99
relErr: 0.0604976
Selected tets: 13986, 9874, 28312, 13284, 1214, 27342, 6233, 24777, 25350, 11692, 1312, 15251, 11970, 6638, 15836, 26177, 12232, 22738, 4998, 19909, 19835, 19799, 18800, 1088, 9388, 8792, 10521, 18579, 21869, 15721, 6623, 9788, 186, 26553, 20056, 12458, 20950, 21067, 20597, 24495, 27104, 6222, 215, 3129, 4136, 8521, 23166, 15194, 25355, 2064, 2824, 7633, 5419, 1906, 17492, 17558, 1541, 191, 20393, 11877, 24089, 7382, 27757, 10960, 21177, 9228, 11678, 14312, 13939, 5052, 4979, 13407, 22993, 20059, 21061, 17591, 18961, 24762, 19733, 8776, 21175, 19188, 4395, 18922, 17562, 8507, 21683, 13200, 21730, 7716, 4176, 16017, 12656, 29389, 2291, 10248, 22502, 16225, 24080, 
Weights: 404.476, 877.474, 1159.69, 0, 21.9166, 16.7136, 590.845, 2394.18, 550.771, 0, 2602.01, 452.462, 157.049, 105.889, 247.854, 0, 53.3149, 572.283, 215.99, 175.083, 180.865, 0, 0, 0, 1685.28, 394.908, 116.677, 164.05, 319.115, 1138.83, 0, 770.117, 34.7709, 412.697, 0, 0, 1158.98, 0, 31.4527, 447.923, 352.988, 1430.05, 72.0113, 48.2002, 298.457, 97.0219, 303.09, 1084.18, 485.846, 0, 0, 624.91, 203.543, 0, 0, 188.457, 283.701, 492.383, 1166.11, 449.142, 331.808, 260.336, 274.089, 0, 1.52569, 48.5041, 857.785, 111.301, 0, 0, 0, 135.864, 162.701, 497.428, 667.689, 318.962, 499.524, 645.637, 0, 0, 0, 370.8, 254.075, 589.348, 2027.09, 0, 60.2953, 307.231, 123.216, 319.104, 0, 652.541, 413.627, 16.6015, 0, 605.09, 0, 21.5733, 10.1495, 
n_nonzero: 74

Running time so far: 19.7144s

