n_tets: 185
relErr: 0.272883
Selected tets: 99, 89, 141, 93, 171, 185, 186, 65, 77, 57, 53, 2, 172, 119, 137, 18, 135, 168, 84, 194, 202, 101, 200, 14, 138, 107, 166, 155, 111, 198, 63, 189, 3, 72, 58, 203, 95, 49, 183, 30, 130, 146, 81, 67, 142, 123, 43, 201, 71, 157, 118, 122, 193, 0, 149, 86, 69, 92, 25, 96, 175, 151, 197, 64, 167, 27, 104, 7, 29, 37, 4, 23, 61, 100, 102, 154, 116, 112, 13, 113, 40, 162, 88, 192, 143, 59, 52, 51, 70, 26, 114, 44, 41, 144, 82, 62, 83, 129, 6, 16, 191, 9, 5, 109, 128, 115, 50, 60, 35, 66, 164, 17, 125, 68, 91, 131, 121, 136, 33, 48, 132, 94, 152, 79, 97, 176, 98, 126, 73, 10, 160, 42, 195, 54, 182, 55, 78, 181, 178, 90, 180, 179, 12, 47, 56, 161, 158, 165, 170, 159, 173, 169, 38, 103, 133, 139, 145, 174, 106, 163, 8, 188, 31, 117, 105, 177, 134, 1, 148, 24, 34, 46, 150, 80, 75, 21, 74, 20, 127, 120, 19, 28, 87, 85, 187, 
Weights: 0, 1.02246, 21.1746, 1.00394, 0, 0.950236, 0.918569, 4.15404, 1.01641, 1.43231, 0, 0, 16.0631, 0.513506, 0.980412, 1.33597, 24.2543, 10.6901, 1.00859, 1.00435, 1.24113, 1.93273, 0.591674, 0.395013, 0.232856, 0.935732, 0, 0, 1.02328, 0.839452, 1.12127, 1.89209, 14.3758, 3.77999, 1.79703, 0.85749, 7.00222, 1.51336, 0.972717, 11.1453, 0, 0, 4.18388, 1.59552, 6.04967, 3.66492, 0, 0.145488, 13.0581, 17.65, 4.7634, 3.2779, 2.04555, 0.435097, 5.70995, 8.30724, 7.75863, 1.664, 2.73907, 16.7288, 20.1874, 2.56752, 0.539964, 0, 14.6948, 5.83543, 4.33402, 29.4203, 0.681599, 17.9018, 3.88961, 23.7306, 8.47217, 5.08888, 2.73093, 2.00827, 3.80998, 4.50963, 0.0131798, 4.43823, 3.6218, 3.03203, 6.92176, 0.753247, 34.6718, 1.29295, 1.12966, 1.41651, 0.0990048, 87.9665, 0, 0, 0, 0, 0, 0, 0, 0, 0, 0, 0, 0, 0, 0, 0, 0, 0, 0, 0, 0, 0, 0, 0, 0, 0, 0, 0, 0, 0, 0, 0, 0, 0, 0, 0, 0, 0, 0, 0, 0, 0, 0, 0, 0, 0, 0, 0, 0, 0, 0, 0, 0, 0, 0, 0, 0, 0, 0, 0, 0, 0, 0, 0, 0, 0, 0, 0, 0, 0, 0, 0, 0, 0, 0, 0, 0, 0, 0, 0, 0, 0, 0, 0, 0, 0, 0, 0, 0, 0, 0, 0, 0, 0, 0, 0, 
n_nonzero: 80

