n_tets: 114
relErr: 0.100242
Selected tets: 995, 6736, 3302, 3987, 3394, 5919, 5053, 3766, 4748, 2193, 2122, 6506, 5764, 1865, 4146, 1481, 7325, 7320, 3959, 6094, 983, 4455, 1823, 6731, 3811, 2352, 488, 6772, 7227, 66, 6257, 6007, 3897, 2837, 6381, 2097, 2003, 2113, 6822, 854, 5717, 2379, 5482, 929, 4260, 5442, 5647, 3953, 7480, 3285, 2645, 3423, 7447, 205, 7291, 3554, 1134, 5283, 2773, 7449, 4780, 2781, 2964, 1828, 1942, 5356, 7446, 2662, 7378, 1587, 757, 3561, 5450, 489, 7483, 2988, 2756, 1944, 1782, 3087, 838, 1882, 3553, 198, 2212, 1505, 7445, 5823, 2668, 3188, 3426, 3122, 7048, 3326, 1443, 4753, 5652, 5492, 6283, 834, 3932, 1017, 847, 175, 7226, 3876, 6269, 2178, 1906, 2868, 5016, 4483, 4707, 5837, 
Weights: 637.913, 352.059, 48.0131, 153.785, 87.7148, 243.212, 21.3347, 0, 339.561, 74.4963, 18.875, 649.595, 62.006, 95.2665, 66.1653, 30.7055, 1.04481, 0.947734, 63.3216, 95.2069, 62.2168, 0.681504, 0, 283.366, 101.099, 1.00447, 1.05917, 176.852, 13.6581, 169.825, 48.2616, 90.6668, 7.45228, 2.19703, 213.936, 0.99728, 1.05394, 46.8244, 7.94272, 185.722, 1.01435, 1.01819, 0.44011, 1.00624, 203.481, 0.990593, 0.953689, 1.66922, 0.461873, 0.993945, 219.977, 209.444, 0.974265, 0.986006, 28.0775, 4.98827, 463.548, 1.02144, 46.9067, 0.929866, 354.455, 0.998752, 87.2592, 27.6789, 2.24854, 0.211306, 1.11931, 1.00455, 119.047, 142.979, 0, 4.26711, 1.17237, 160.939, 11.8818, 0.842, 122.471, 0.710009, 0.9651, 0, 1.0391, 0.969635, 0, 0.376442, 99.7706, 305.776, 1.11965, 2.55701, 1.46656, 104.598, 13.096, 86.3343, 10.0421, 185.458, 28.9672, 0, 0.402451, 0.98518, 22.9335, 2.51708, 152.584, 5.07904, 196.172, 230.488, 3.64386, 0.966997, 38.9898, 1.00895, 0.707357, 0.748698, 0.822197, 0.608706, 124.411, 0.971949, 
n_nonzero: 108

