n_tets: 282
relErr: 0.132618
Selected tets: 11653, 17340, 29124, 23576, 14512, 19181, 26439, 14755, 7643, 20581, 27376, 9208, 22436, 17370, 29530, 12686, 9765, 5093, 27829, 5223, 10587, 2282, 28753, 4945, 11956, 10685, 27251, 12253, 14924, 23185, 4460, 21799, 19166, 25112, 6928, 19480, 3092, 14022, 13107, 26027, 22837, 24849, 10400, 3918, 14873, 8521, 25376, 16928, 21411, 12601, 15774, 17871, 16874, 12159, 211, 14017, 13163, 9065, 1531, 2956, 17173, 3391, 5773, 4144, 21586, 2015, 4242, 10516, 3130, 9781, 17745, 21040, 4087, 6192, 18687, 12445, 18806, 18181, 18118, 29685, 25223, 29272, 14235, 13331, 14252, 7433, 4876, 27465, 26924, 24111, 15127, 12545, 1301, 12638, 17226, 27963, 13006, 8509, 4076, 4090, 17307, 29291, 13065, 25831, 13257, 13249, 11066, 17692, 8294, 22721, 58, 16989, 21930, 4862, 19164, 12648, 19562, 21931, 13189, 17545, 21566, 26415, 4158, 3086, 11038, 3042, 25613, 20749, 6798, 3708, 13372, 7471, 1543, 28971, 27681, 20835, 17875, 24336, 41, 6697, 6692, 13255, 24075, 4099, 2562, 1210, 2438, 4138, 5887, 20612, 28775, 29564, 9209, 19028, 18599, 26770, 14870, 2871, 8964, 23758, 2988, 15131, 18547, 25219, 3468, 12293, 2092, 9272, 13333, 7319, 3212, 7494, 24074, 25468, 22122, 4379, 247, 6064, 4978, 10886, 1939, 13594, 21540, 14869, 3129, 14108, 8963, 12795, 29093, 5006, 19188, 10087, 8534, 2248, 27931, 2446, 25795, 18900, 8653, 14943, 2812, 2217, 29296, 28782, 9559, 21178, 14879, 23894, 5282, 2822, 25722, 12930, 20491, 21116, 12983, 19992, 13827, 21708, 28958, 22121, 6263, 19404, 22329, 6814, 8573, 20234, 23818, 19328, 18177, 5968, 6880, 12045, 8298, 26308, 5523, 3844, 14012, 17228, 22549, 5417, 1089, 13268, 20166, 9028, 14082, 17803, 23957, 9103, 12580, 11286, 4089, 17783, 10398, 9770, 8898, 26851, 12458, 3704, 12429, 23889, 21585, 15058, 22223, 4268, 25935, 21521, 29497, 17787, 19071, 29269, 14269, 12395, 21236, 19231, 10217, 7849, 12474, 23614, 1895, 28185, 8462, 7228, 
Weights: 0, 341.906, 149.721, 0, 0, 554.615, 0, 0, 0, 3.80332, 0, 1.06966, 0, 330.366, 0, 0, 0, 0, 1.94783, 0, 0, 0, 0, 1.55664, 0.144444, 0, 1.00055, 0, 10.7365, 0, 0, 0.954235, 0.9684, 33.2456, 0, 0, 0, 0, 0, 0, 0, 0, 0.980421, 476.136, 602.815, 0.542572, 0, 0, 62.1171, 8.0595, 0, 0, 0, 0, 1.05336, 1105.76, 0, 0, 548.149, 726.266, 0, 0, 0, 0, 0.867581, 2805.79, 0.741981, 64.4224, 891.157, 0, 8.59735, 0.584813, 0.95661, 279.012, 563.546, 0, 0, 1.21665, 1.48392, 0, 46.2882, 2.24247, 0, 1.12546, 4.25113, 0, 0, 212.685, 0, 31.39, 43.8932, 0, 23.4132, 0, 0, 0, 1.56861, 114.353, 117.29, 0.964587, 0, 0.325814, 0.991718, 2916.91, 0, 532.563, 0, 0, 0.992981, 7.34148, 0, 0, 0, 2207.67, 1.2401, 0, 2.82962, 0, 0, 176.893, 48.6431, 0, 0, 0, 0, 0.772357, 0, 75.5894, 0, 0, 1975.21, 5.31585, 0.863262, 0, 762.309, 0, 1.00605, 0, 139.316, 0, 2.93017, 0, 0, 0.884222, 0.673849, 0, 78.8985, 0, 0, 205.175, 20.4009, 1.0497, 1.0263, 1.24459, 0, 0, 0.911993, 380.339, 8.94429, 0, 1.24492, 796.96, 3.5952, 0, 0, 0, 0, 0, 0.930264, 0, 0, 395.309, 167.423, 777.227, 0, 494.221, 0, 0.821107, 0, 580.133, 0.997119, 0, 0, 0.910186, 114.824, 0, 0.27635, 1.01517, 2808.31, 19.8615, 1221.56, 0, 2.56422, 0.225253, 0, 0, 0, 1.50433, 39.2022, 0.984972, 11.5031, 0, 0, 1.42609, 1.00888, 1.03172, 0, 0.639035, 0, 0, 7.24599, 0, 0, 0, 4.98541, 0, 124.103, 767.615, 0, 86.8463, 1.0969, 0, 966.634, 402.715, 0, 0, 0, 0, 3.46416, 89.2428, 0, 2.2038, 35.2843, 0, 0.875736, 130.667, 0, 0, 0, 0, 0.796881, 616.08, 0, 0, 0, 466.761, 0.484476, 0, 0, 627.886, 0.974154, 0, 0.892262, 0, 1752.55, 0, 177.043, 145.453, 0.950039, 31.1445, 1.00312, 230.571, 12.0272, 0, 0.992634, 199.405, 0, 0, 0, 0, 2.79346, 273.579, 0, 0, 0, 1065, 0.829475, 0, 318.153, 0, 0, 413.145, 
n_nonzero: 144

Running time so far: 490.105s

