n_tets: 95
relErr: 0.208445
Selected tets: 12990, 2693, 1081, 13296, 29045, 55, 26069, 24777, 10112, 15775, 24597, 2844, 19576, 19124, 7979, 25032, 18631, 18394, 29312, 16154, 3112, 4458, 28064, 13752, 6155, 1757, 24381, 26954, 17568, 9447, 16999, 15160, 22523, 12427, 23888, 808, 18293, 11085, 21710, 5037, 28706, 24849, 3158, 1861, 26852, 6998, 22223, 17718, 23240, 13004, 29163, 18592, 21111, 17327, 2513, 26644, 26469, 9491, 19563, 18897, 21644, 14158, 19257, 32, 21177, 27885, 14912, 9834, 24152, 8911, 15257, 14184, 26771, 20202, 569, 1421, 81, 25792, 21740, 23859, 20246, 1885, 23608, 1141, 8463, 5287, 8599, 13200, 15779, 28779, 4481, 27112, 7344, 17765, 3052, 
Weights: 752.409, 743.098, 577.026, 217.138, 609.505, 330.777, 2040.46, 596.411, 8972.93, 0.871216, 3831.18, 321.731, 143.661, 72.2874, 99.0884, 400.554, 1126.93, 771.433, 1.3102, 1254.2, 1.13424, 275.739, 124.31, 133.005, 28227.7, 248.452, 260.676, 0, 0, 438.218, 2531.84, 0, 130.901, 21.8113, 41.9445, 1.32826, 3373.84, 108.288, 9.06976, 1934, 955.326, 80.1306, 383.991, 7.99612, 681.575, 140.694, 128.145, 4.03552, 234.169, 1438.79, 307.945, 156.811, 747.9, 1.93213, 239.009, 0, 10047.5, 193.054, 727.668, 192.648, 3.27263, 0, 564.083, 1.02354, 0.961504, 1086.17, 152.86, 574, 0, 0, 925.801, 89.7345, 0, 679.878, 0.946271, 0.179759, 1.04339, 471.766, 631.881, 100.421, 735.669, 653.556, 204.841, 455.062, 499.395, 0, 0, 2.42978, 16.5518, 156.959, 0, 133.165, 322.61, 61.4732, 29.6519, 
n_nonzero: 84

Running time so far: 37.5298s

