n_tets: 132
relErr: 0.366071
Selected tets: 32562, 42675, 7400, 38757, 28732, 43879, 34020, 14663, 14859, 42759, 22443, 10634, 5978, 37804, 28795, 28803, 32402, 41971, 29320, 20127, 20195, 11336, 44942, 27216, 22250, 1961, 39019, 20950, 16309, 24941, 28091, 39255, 43258, 1820, 33980, 29553, 38698, 38867, 4042, 8391, 31826, 7766, 16138, 3845, 43883, 2979, 24124, 29217, 10435, 21177, 4725, 20125, 17790, 22361, 19515, 36163, 28351, 29877, 21975, 13782, 29410, 18013, 10363, 4301, 8559, 33077, 16720, 37321, 12683, 5310, 10419, 1617, 8545, 39181, 19418, 34555, 18584, 44231, 1634, 2543, 15819, 38626, 28706, 19861, 19504, 38079, 24500, 34060, 33978, 25061, 12813, 42805, 38847, 24400, 43881, 44735, 15828, 26515, 9529, 38938, 38101, 6030, 4723, 31818, 31854, 44288, 21500, 41986, 6077, 13145, 35241, 13885, 43848, 22347, 16513, 13068, 13783, 9176, 13091, 24881, 39288, 16805, 14512, 15569, 4205, 11311, 37438, 6488, 4814, 18026, 14017, 3963, 
Weights: 2160.8, 7531.47, 147.052, 1.00248, 4498.5, 18.3113, 107.408, 0.999168, 2.39288, 0, 63.4085, 2386.34, 1594.73, 1.15193, 2.06347, 28.8462, 1123.15, 23.0234, 85.2881, 0, 0, 0.519208, 0, 0, 1866.26, 1.58165, 0.755866, 402.96, 1.66064, 0, 865.773, 0, 0, 1.07256, 2.90237, 318.962, 0.940246, 0.110488, 575.07, 1.08267, 226.077, 1.45566, 0, 2164.82, 0.604769, 7.11387, 0, 0.923132, 64.0017, 0, 26.2918, 1.0298, 2.23525, 0, 14.9324, 6.69849, 332.786, 0, 26.4994, 0, 0, 1077.18, 1061.03, 44.3765, 334.304, 0.917193, 0.959539, 925.125, 1.05241, 8.20582, 0, 23.7147, 3.28073, 25.7478, 1397.65, 0, 0, 64.0724, 631.722, 0, 551.9, 1.46613, 165.06, 0, 166.204, 2541.12, 939.181, 100.977, 132.523, 24.1104, 1.60354, 0, 0.0877761, 0, 1.00655, 896.784, 543.982, 0.79263, 0.941983, 0.931051, 2.99141, 2.38418, 0.389243, 41.5987, 186.163, 0, 2214.2, 0, 0, 1.90689, 0.997471, 688.849, 0, 0.990207, 0, 148.034, 1.43413, 1911.06, 0, 1085.65, 0, 95.3973, 918.321, 0, 4171.97, 0, 0.517887, 356.637, 3.75933, 17.0264, 0, 1.14531, 
n_nonzero: 100

Running time so far: 76.4309s

