n_tets: 88
relErr: 0.43447
Selected tets: 21500, 27848, 13245, 1062, 23629, 22890, 26439, 10395, 1762, 13239, 2064, 7179, 9472, 27723, 24981, 25538, 15997, 17901, 5546, 26161, 18850, 4761, 5565, 27606, 22601, 20170, 12812, 17721, 2763, 14933, 20973, 11971, 24234, 3854, 16524, 4933, 15470, 7354, 20470, 23593, 2716, 26312, 15489, 22202, 6495, 19403, 4175, 26183, 25581, 28594, 14670, 7776, 16251, 26302, 4498, 13334, 10833, 23642, 26751, 15401, 6651, 28287, 27213, 10437, 19522, 5873, 5967, 9001, 797, 5789, 26177, 1249, 10457, 25105, 1041, 8851, 16236, 21990, 4960, 14700, 6339, 7218, 5056, 17417, 22733, 16473, 5270, 8120, 
Weights: 563.578, 2216.59, 9953.37, 0, 495.749, 2905.02, 456.818, 0.89546, 474.844, 0, 5.35011, 660.601, 1296.96, 4.35674, 53.4155, 0, 267.783, 959.361, 0, 272.939, 18.4893, 458.945, 169.077, 1.1791, 0, 42.6326, 0, 140.256, 1486.01, 0, 0.205478, 11.4392, 2.45357, 15.5249, 32.2174, 31.2217, 0, 2097.66, 0, 0, 143.887, 3.59009, 0.785523, 159.976, 1.91704, 612.253, 128.807, 1.00653, 0, 0, 52.7585, 0, 1.03508, 0, 150.999, 27.71, 99.6021, 33.6983, 375.552, 2.65378, 0.972782, 1.70048, 508.382, 246.729, 0, 133.605, 1522.41, 0, 0, 2738.15, 315.204, 0, 0, 82.9907, 3595.15, 0, 2.23954, 6.04706, 0, 0, 15.6061, 740.457, 2.16779, 0, 706.877, 39.438, 64.3485, 15.2299, 
n_nonzero: 65

Running time so far: 25.3631s

