n_tets: 116
relErr: 0.0953004
Selected tets: 995, 6736, 3302, 3987, 3394, 5919, 5053, 3766, 4748, 2193, 2122, 6506, 5764, 1865, 4146, 1481, 7325, 7320, 3959, 6094, 983, 4455, 1823, 6731, 3811, 2352, 488, 6772, 7227, 66, 6257, 6007, 3897, 2837, 6381, 2097, 2003, 2113, 6822, 854, 5717, 2379, 5482, 929, 4260, 5442, 5647, 3953, 7480, 3285, 2645, 3423, 7447, 205, 7291, 3554, 1134, 5283, 2773, 7449, 4780, 2781, 2964, 1828, 1942, 5356, 7446, 2662, 7378, 1587, 757, 3561, 5450, 489, 7483, 2988, 2756, 1944, 1782, 3087, 838, 1882, 3553, 198, 2212, 1505, 7445, 5823, 2668, 3188, 3426, 3122, 7048, 3326, 1443, 4753, 5652, 5492, 6283, 834, 3932, 1017, 847, 175, 7226, 3876, 6269, 2178, 1906, 2868, 5016, 4483, 4707, 5837, 6643, 2621, 
Weights: 611.272, 320.817, 58.3813, 152.524, 77.4706, 208.737, 20.9915, 0, 288.275, 56.7441, 15.2586, 638.675, 63.0485, 102.808, 74.9836, 21.599, 1.04433, 0.947926, 53.0787, 96.5757, 52.8917, 0.681605, 0, 285.732, 95.7974, 1.0055, 1.05928, 168.259, 13.8107, 214.624, 49.1573, 88.1711, 7.49796, 2.28648, 156.388, 1.00126, 1.05388, 45.9255, 6.05923, 153.877, 1.01465, 1.02012, 0.444962, 1.00623, 236.114, 0.99031, 0.953108, 1.37992, 0.445957, 0.993902, 230.077, 208.835, 0.973946, 0.988426, 11.4592, 5.03599, 446.675, 1.02053, 52.6343, 0.929851, 344.339, 0.99895, 81.4551, 42.8963, 2.2366, 0.335844, 1.12444, 1.00406, 118.313, 139.285, 0, 6.25051, 1.17277, 185.193, 11.7784, 0.785279, 128.271, 0.710682, 0.965153, 0, 1.03384, 0.973803, 0, 0.372899, 99.8614, 326.606, 1.11975, 2.56176, 1.38444, 99.0515, 17.5182, 101.024, 10.0299, 211.668, 32.8428, 0, 0.4006, 0.9848, 24.1739, 2.04753, 147.995, 3.76093, 256.422, 292.053, 3.32984, 0.967162, 56.2536, 1.0085, 0.700359, 0.771169, 0.821629, 0.608515, 116.757, 0.972413, 1.02145, 19.7028, 
n_nonzero: 110

