n_tets: 192
relErr: 0.493472
Selected tets: 20227, 7158, 12249, 20491, 1852, 17144, 17447, 27511, 21389, 4497, 5016, 8905, 19850, 28665, 25016, 26706, 23953, 5251, 18745, 11531, 24173, 26417, 6142, 15927, 14609, 7866, 13926, 29492, 18163, 6160, 25344, 7382, 22708, 4992, 22649, 23867, 931, 21067, 15576, 19480, 9281, 22115, 1551, 23380, 14130, 16661, 21751, 23344, 15032, 28481, 14116, 27972, 24937, 14485, 3243, 28400, 1541, 9894, 4607, 8128, 15775, 27599, 6668, 24843, 21177, 22391, 18806, 3022, 24507, 28584, 5782, 24435, 4087, 28879, 25060, 8774, 18298, 7444, 4077, 21795, 10679, 29272, 5212, 8733, 24642, 20617, 4764, 25968, 20644, 21253, 7244, 22787, 21881, 24331, 27140, 2490, 2822, 23513, 18946, 12777, 28409, 1284, 26074, 26177, 13257, 9234, 13404, 22740, 10666, 3999, 27190, 7141, 12835, 19481, 10680, 9785, 28558, 24384, 18220, 3034, 15436, 7163, 23183, 16494, 27244, 5839, 5797, 20615, 17057, 14991, 12264, 24287, 1098, 5813, 28505, 28377, 17875, 8876, 41, 9347, 15624, 5103, 10318, 8460, 23667, 29652, 17325, 18992, 1797, 6881, 17916, 23888, 27675, 11855, 27037, 11599, 2921, 17749, 10102, 5848, 27895, 2359, 25120, 13366, 10300, 82, 26149, 23456, 25960, 27027, 3321, 26129, 15770, 21756, 13930, 27580, 6817, 15903, 3864, 8652, 3213, 25369, 9921, 24168, 15453, 18322, 25237, 25220, 27963, 19464, 7139, 14120, 
Weights: 1792.9, 0.441938, 1016.56, 724.703, 3110.68, 843.292, 4286.7, 0.547465, 463.105, 1069.71, 0.622469, 0.33382, 0.772812, 0.441144, 0, 683.366, 1077.35, 12.0884, 90.9839, 498.867, 1.36208, 20.9998, 190.498, 566.09, 6522.23, 82.8138, 3.51478, 2.72782, 17.4162, 644.948, 0.981954, 393.09, 0.445542, 197.626, 0, 1.00654, 2581.7, 0.789279, 0.957536, 95.264, 3.09752, 43.4448, 7.08227, 444.217, 241.746, 4.42939, 168.197, 1.79139, 162.949, 0, 0.222926, 0.98676, 10.4963, 1.47804, 0.818685, 3.62097, 1.08446, 1.55485, 549.784, 0, 0.933582, 663.375, 1499.47, 125.098, 1.01603, 7.13227, 4.71767, 40.1228, 60.8675, 60.4308, 0, 483.299, 1.01122, 58.0827, 920.7, 0.309483, 1.48939, 374.296, 0.382214, 2.94474, 0.856056, 199.168, 4.15501, 136.601, 30.7182, 0.747637, 0.975938, 0.995571, 509.393, 4.98988, 0, 0.955513, 0.930495, 0.810136, 1.5361, 24.1503, 0.958819, 1.14701, 0.926112, 0, 0.755161, 62.9739, 537.179, 8.67863, 0.809593, 1.08792, 0.990904, 18.4738, 0, 0.974591, 1.28977, 0.936908, 71.9423, 0, 0.697314, 44.7203, 285.424, 0.354751, 1672.95, 0.954757, 0.978927, 1.11831, 125.303, 5.22327, 0.757479, 1.1437, 194.809, 0.961986, 0.910283, 0, 3.13432, 2.75815, 0.761115, 1.30415, 43.0657, 0.598827, 1.43794, 1.19903, 1.01584, 315.233, 0, 110.705, 937.387, 17.3705, 2635.87, 0.636524, 1.33673, 76.8898, 0.925056, 1.04506, 367.526, 3.63696, 38.1506, 0.985358, 3.05822, 585.099, 74.9368, 17.3845, 93.9307, 0, 49.0001, 7.57553, 0.896285, 1.03497, 2.39876, 0.354727, 0, 0.948134, 1.07321, 0.742167, 0, 1.007, 0.9619, 19.9691, 2.77716, 13.7212, 0.890333, 70.8172, 0, 0, 0.948359, 1.02835, 1.02074, 5.59302, 118.377, 0.838797, 0.833409, 5.8287, 0, 0.606048, 24.6207, 0.972798, 
n_nonzero: 175

Running time so far: 167.181s

