n_tets: 218
relErr: 0.74943
Selected tets: 78587, 86988, 33623, 161188, 61692, 46546, 4150, 3641, 1909, 129669, 136564, 73277, 54333, 80171, 88747, 162054, 60598, 162377, 114235, 18061, 3247, 155797, 52848, 155062, 18091, 53028, 45610, 77350, 69024, 161161, 115874, 50678, 3857, 143191, 40776, 126955, 18636, 107290, 146744, 2383, 127460, 39128, 63921, 2001, 114120, 77067, 159371, 6198, 1214, 75546, 310, 98650, 146673, 86030, 46542, 7828, 134066, 43459, 128179, 3520, 131468, 114102, 73094, 146275, 114738, 77696, 101306, 13770, 2937, 75410, 5353, 114140, 88234, 117788, 148327, 31474, 103372, 67703, 4678, 73014, 137859, 37747, 73999, 121160, 156221, 82021, 81976, 104377, 122340, 50690, 76918, 542, 164194, 5379, 94329, 75443, 87714, 38667, 100633, 74158, 74245, 96708, 150755, 55885, 61709, 34911, 98604, 126234, 64575, 150252, 162736, 3010, 98127, 19730, 68419, 61246, 86485, 161439, 31380, 172, 37457, 63378, 148938, 157382, 63749, 43836, 155738, 3397, 7842, 125779, 108991, 48618, 122350, 5394, 23840, 83602, 140995, 159848, 48032, 37545, 59774, 84339, 71346, 155041, 131532, 77932, 20943, 91428, 24164, 45644, 118122, 142525, 122560, 90675, 80678, 147923, 73818, 11238, 84460, 44003, 41760, 161455, 46317, 146240, 1898, 75623, 3472, 19907, 138783, 153706, 125000, 54823, 60593, 11167, 563, 3459, 158265, 34073, 112180, 106095, 89874, 114105, 37649, 77160, 155610, 8853, 100767, 69500, 116031, 3456, 162300, 2426, 100732, 70653, 101261, 129376, 101583, 4963, 59222, 41668, 38290, 123453, 96885, 144583, 152255, 92341, 162180, 79449, 119747, 147516, 131170, 96085, 138881, 86029, 17797, 163568, 159253, 162776, 
Weights: 2925.92, 7.70148, 5285.5, 414.795, 341.438, 223.832, 10.2111, 145.592, 0.878946, 1851.95, 0.968548, 4.22646, 124.689, 199.764, 1.08129, 5486.81, 12.8117, 706.678, 1.00587, 0.678991, 3.65259, 2.28357, 15590.9, 0.69629, 24080.8, 1.78036, 3.68141, 3.10281, 1.7755, 12.3857, 0.49688, 0.550905, 756.288, 2.35528, 1.11556, 0.989384, 797.388, 0.765783, 1.61961, 2.19145, 7.80398, 1338.2, 150.114, 456.475, 1.54759, 22794.3, 1.11879, 18148.4, 0.805501, 63.2492, 51.9793, 4.6044, 0.49299, 200.878, 0.832993, 819.312, 4.45723, 15.8623, 36.4127, 424.871, 3.78211, 6.48123, 3.90348, 13.8008, 409.927, 5.263, 10.7858, 9.98934, 315.223, 0.935035, 1.3344, 1047.42, 13.7715, 8.12131, 42.797, 461.706, 0.96119, 2.19548, 3001.82, 1.04211, 3.45601, 2.71144, 179.067, 1.3561, 1.04447, 1.01077, 22.3487, 1.55216, 1.61074, 0.597765, 6.79666, 1.37113, 192.991, 0.501469, 192.988, 1.03813, 1.81506, 0.602887, 7.72367, 168.03, 1.04136, 5.08028, 0.155859, 113.669, 1.00367, 50.8245, 7.78437, 1.08889, 9865.7, 12609.6, 8.53384, 0.676387, 10.1301, 873.539, 1.71669, 100.996, 3.42879, 0.4316, 0.922241, 109.035, 1.45965, 0.751555, 1.11087, 13776.2, 14.6448, 418.482, 0.268334, 0.951394, 293.239, 3.66962, 174.536, 962.825, 2026.05, 3034.51, 1.00593, 88.357, 1542.55, 1.10547, 0.887881, 6.71888, 5603.5, 0.270286, 25323.8, 227.546, 48.2089, 1.69341, 16.6388, 1.0231, 0.78871, 1.40044, 0.988411, 1.70178, 1.13184, 154.224, 36.9653, 72.4717, 141.778, 132.776, 0.989113, 174.447, 7.9894, 134.466, 0.992077, 1.27397, 0.892375, 3.207, 14.6403, 0.571542, 1.41529, 1.46092, 1.10185, 4.782, 174.274, 3.30893, 31.115, 4.097, 67.6039, 0.600143, 19.2719, 1300.33, 1.00306, 143.763, 877.013, 165.783, 61.2068, 1.44083, 153.42, 1.23978, 1.17263, 1.01318, 1.77153, 1.00947, 22.1861, 1.17204, 1.03415, 2109.02, 3.65778, 1242.28, 0.52673, 234.481, 4.75317, 32224, 675.009, 30.8014, 0.833722, 546.46, 65.6546, 7.16854, 3.11502, 0.887959, 24.6152, 1.30838, 166.899, 12.3697, 5.63597, 59.3064, 56.0112, 322.293, 
n_nonzero: 218

Running time so far: 1163.88s

