n_tets: 33
relErr: 0.395763
Selected tets: 32562, 42675, 7400, 38757, 28732, 43879, 34020, 14663, 14859, 42759, 22443, 10634, 5978, 37804, 28795, 28803, 32402, 41971, 29320, 20127, 20195, 11336, 44942, 27216, 22250, 1961, 39019, 20950, 16309, 24941, 28091, 39255, 43258, 
Weights: 4008.86, 8831.8, 5010.53, 1.16881, 12524.2, 16.7926, 155.822, 1.01273, 2.42105, 16.2389, 50.2099, 8239.46, 2263.77, 1.14906, 1.04572, 47.5874, 973.513, 23.9146, 1964.25, 0, 0, 0.504037, 2216.15, 1349.21, 2751.35, 1.57952, 0, 574.706, 2.07918, 2036.87, 942.788, 0, 0, 
n_nonzero: 28

Running time so far: 25.1486s

