n_tets: 130
relErr: 0.00170352
Selected tets: 99, 14, 57, 89, 11, 140, 103, 93, 119, 146, 185, 107, 138, 137, 153, 77, 199, 101, 135, 22, 48, 13, 186, 124, 201, 18, 202, 184, 198, 3, 84, 203, 152, 166, 53, 39, 128, 30, 88, 200, 194, 111, 73, 147, 63, 82, 20, 0, 197, 108, 183, 51, 8, 141, 132, 42, 28, 34, 150, 195, 49, 164, 142, 156, 120, 143, 187, 2, 72, 114, 189, 41, 87, 12, 110, 71, 130, 45, 70, 67, 116, 113, 190, 96, 94, 105, 157, 38, 193, 81, 125, 181, 117, 85, 5, 179, 46, 131, 123, 40, 80, 196, 106, 109, 163, 43, 29, 24, 19, 16, 176, 66, 168, 65, 59, 4, 191, 74, 104, 139, 52, 25, 182, 9, 144, 155, 133, 175, 154, 192, 
Weights: 4.70902, 1.00036, 0.999934, 0.999926, 4.71427, 1.00002, 2.37354, 1.00006, 0.999626, 2.79413, 0.999926, 1.00001, 0.999934, 1.00006, 0.998213, 1.00023, 1.00009, 0.999357, 3.57672, 0.999891, 0.911309, 0.999834, 0.99883, 2.11718, 0.999508, 0.999525, 1.00099, 1.00003, 0.998015, 0.0699158, 1.00004, 0.999622, 1.4054, 6.9903, 4.65881, 0.999349, 3.37909, 1.85345, 2.45347, 0.999686, 1.00021, 0.999282, 0.237606, 0, 1.00095, 1.20707, 2.80274, 1.0044, 0.99975, 0.774018, 0.998756, 1.05067, 1.76295, 0.803486, 3.05283, 1.57682, 1.45186, 0.765789, 2.5365, 1.50727, 0.998289, 0, 1.45994, 1.48311, 0, 9.00649, 0.999807, 1.20218, 1.00905, 2.85607, 1.00173, 0, 3.95882, 1.64459, 0.362787, 1.14663, 2.82614, 0.864961, 1.45705, 1.3668, 0.566194, 1.0807, 3.01735, 3.48638, 3.54, 1.23677, 0, 1.58711, 1.29769, 0.860933, 1.16922, 12.4369, 1.01562, 3.32175, 4.14957, 0.344687, 0.641451, 0.643201, 1.30598, 2.59137, 3.85074, 0.301322, 2.03252, 2.42046, 2.8147, 0, 1.65185, 1.22931, 2.13769, 1.13943, 0.690271, 2.16554, 1.68979, 1.56702, 0.867398, 2.06086, 0.892438, 2.27437, 0.818913, 3.34172, 1.03435, 0.72727, 0.740888, 1.14913, 2.97766, 0.676643, 1.22384, 0.284333, 1.20612, 0, 
n_nonzero: 123

