n_tets: 81
relErr: 0.170137
Selected tets: 10555, 21616, 12946, 21677, 4748, 6996, 23325, 27965, 4263, 12045, 17320, 25683, 19465, 9519, 19914, 12330, 23888, 5093, 21360, 28276, 21477, 726, 19503, 27247, 19660, 8811, 19456, 1518, 11035, 8328, 15796, 13232, 19166, 13409, 6928, 11618, 25707, 19162, 2547, 15300, 2987, 17874, 23620, 1861, 15479, 1269, 22785, 25329, 27418, 10401, 17509, 29299, 4195, 25933, 24111, 12388, 15089, 13391, 10002, 20247, 6697, 16256, 19800, 1543, 21586, 15012, 15261, 18244, 12419, 5851, 4114, 13262, 4087, 12118, 14799, 19346, 18806, 6050, 5897, 19548, 27873, 
Weights: 6234.78, 1000.9, 632.664, 397.032, 261.142, 821.777, 907.221, 0, 1.66483, 12.7534, 0, 642.688, 1.01894, 1460.99, 0, 1025.23, 173.159, 83.8708, 0.983616, 338.038, 2.03134, 0, 195.268, 1.43372, 33.1931, 0, 2035.24, 0.879106, 0, 760.934, 1116.6, 6.14064, 0.508479, 0, 10.0664, 375.733, 1212.84, 333.067, 109.946, 59.0122, 0, 2.44325, 1434.45, 1.55304, 0, 0.456493, 2785.67, 114.799, 1595, 32.9618, 97.0109, 761.365, 310.437, 0, 1.82442, 87.0282, 1346.73, 306.209, 0.334263, 1631.78, 72.4106, 0, 0.852081, 1.23371, 0.897771, 19.8484, 0, 700.516, 155.106, 0, 0, 0, 1.03312, 135.992, 460.062, 508.753, 1245.1, 0, 59.5816, 120.179, 985.12, 
n_nonzero: 65

Running time so far: 89.0021s

