n_tets: 55
relErr: 0.332058
Selected tets: 995, 6736, 3302, 3987, 3394, 5919, 5053, 3766, 4748, 2193, 2122, 6506, 5764, 1865, 4146, 1481, 7325, 7320, 3959, 6094, 983, 4455, 1823, 6731, 3811, 2352, 488, 6772, 7227, 66, 6257, 6007, 3897, 2837, 6381, 2097, 2003, 2113, 6822, 854, 5717, 2379, 5482, 929, 4260, 5442, 5647, 3953, 7480, 3285, 2645, 3423, 7447, 205, 7291, 
Weights: 935.602, 248.041, 226.302, 164.085, 182.343, 488.826, 111.864, 773.355, 392.466, 95.939, 193.548, 863.163, 64.0503, 175.466, 54.7559, 226.525, 1.08206, 0.927085, 82.4674, 100.206, 157.871, 0.683786, 0, 623.631, 124.7, 1.03698, 1.01539, 260.922, 16.2342, 212.574, 33.4495, 109.159, 21.69, 1.82688, 330.879, 1.05777, 1.01328, 111.226, 26.0406, 193.952, 1.06402, 1.36755, 1.17111, 0.981071, 277.93, 0.964999, 1.00172, 2.65507, 0.79803, 0.995528, 359.756, 317.274, 0.92318, 0.941108, 40.0662, 
n_nonzero: 54

