n_tets: 70
relErr: 0.0191858
Selected tets: 99, 14, 57, 89, 11, 140, 103, 93, 119, 146, 185, 107, 138, 137, 153, 77, 199, 101, 135, 22, 48, 13, 186, 124, 201, 18, 202, 184, 198, 3, 84, 203, 152, 166, 53, 39, 128, 30, 88, 200, 194, 111, 73, 147, 63, 82, 20, 0, 197, 108, 183, 51, 8, 141, 132, 42, 28, 34, 150, 195, 49, 164, 142, 156, 120, 143, 187, 2, 72, 114, 
Weights: 21.6816, 1.00003, 0.999735, 1.00062, 4.75465, 0.99911, 4.98388, 0.998988, 1.00778, 0, 0.999863, 0.995426, 1.00078, 0.99731, 0.992872, 0.992967, 0.998864, 1.00468, 15.8576, 1.00234, 2.00295, 1.03633, 0.990739, 0, 1.01576, 0.996128, 0.990789, 1.00369, 0.987005, 0, 1.01144, 0.96656, 3.25587, 9.35875, 12.8904, 0.994239, 11.3319, 4.7321, 16.2978, 1.03214, 1.00322, 0.983468, 7.28371, 8.38591, 0.852235, 3.51706, 9.55598, 1.04179, 1.00835, 1.12759, 1.24581, 6.6846, 5.74555, 2.50035, 5.79354, 20.3504, 0.369361, 2.59884, 12.935, 2.9379, 1.01265, 7.69521, 10.5574, 2.57597, 3.16553, 27.3481, 1.02749, 1.88982, 1.06749, 1.42094, 
n_nonzero: 67

