n_tets: 102
relErr: 0.155517
Selected tets: 11653, 17340, 29124, 23576, 14512, 19181, 26439, 14755, 7643, 20581, 27376, 9208, 22436, 17370, 29530, 12686, 9765, 5093, 27829, 5223, 10587, 2282, 28753, 4945, 11956, 10685, 27251, 12253, 14924, 23185, 4460, 21799, 19166, 25112, 6928, 19480, 3092, 14022, 13107, 26027, 22837, 24849, 10400, 3918, 14873, 8521, 25376, 16928, 21411, 12601, 15774, 17871, 16874, 12159, 211, 14017, 13163, 9065, 1531, 2956, 17173, 3391, 5773, 4144, 21586, 2015, 4242, 10516, 3130, 9781, 17745, 21040, 4087, 6192, 18687, 12445, 18806, 18181, 18118, 29685, 25223, 29272, 14235, 13331, 14252, 7433, 4876, 27465, 26924, 24111, 15127, 12545, 1301, 12638, 17226, 27963, 13006, 8509, 4076, 4090, 17307, 29291, 
Weights: 2362.39, 2000.06, 0, 151.002, 0, 0, 0, 0, 0, 3.90572, 143.379, 1.11755, 61.7627, 1525.79, 0.551122, 1501.27, 562.533, 233.059, 1.92093, 118.476, 1823.84, 0, 0, 1.46459, 1.16975, 559.016, 0.998847, 1919.5, 255.884, 256.304, 0, 1.19092, 0.962602, 38.8565, 0, 20.8888, 34.4304, 0, 0, 0, 0, 0, 0.974103, 641.806, 133.697, 0.456989, 0, 575.223, 57.4627, 2.15324, 0, 0, 1163.99, 634.153, 1.03636, 884.257, 330.616, 0, 1532.7, 1035.63, 0, 0, 0, 1098.12, 0.701957, 1203.09, 0.766686, 411.797, 2438.76, 0, 657.98, 0.523468, 0.96256, 2032.48, 628.095, 0, 0, 1.22053, 1.56268, 0, 42.4536, 2.13817, 0, 1.13052, 4.08703, 302.999, 0, 697.761, 0, 33.7871, 25.7845, 181.038, 0, 206.224, 0, 0, 9.03123, 145.784, 0, 0.873219, 20.7743, 0.325651, 
n_nonzero: 69

Running time so far: 153.209s

