n_tets: 32
relErr: 0.292738
Selected tets: 99, 89, 141, 93, 171, 185, 186, 65, 77, 57, 53, 2, 172, 119, 137, 18, 135, 168, 84, 194, 202, 101, 200, 14, 138, 107, 166, 155, 111, 198, 63, 189, 
Weights: 40.8559, 1.03908, 50.0828, 1.00317, 0, 0.940026, 0.919789, 6.37596, 1.04316, 1.42429, 100.056, 8.28588, 14.92, 0.409714, 0.975916, 1.56742, 38.076, 39.2641, 0.988683, 1.01884, 1.07161, 1.81063, 0.699519, 0.35607, 0.245219, 0.85331, 71.9515, 6.18463, 0.979099, 0.695632, 1.20613, 2.36331, 
n_nonzero: 31

