n_tets: 216
relErr: 0.489633
Selected tets: 20227, 7158, 12249, 20491, 1852, 17144, 17447, 27511, 21389, 4497, 5016, 8905, 19850, 28665, 25016, 26706, 23953, 5251, 18745, 11531, 24173, 26417, 6142, 15927, 14609, 7866, 13926, 29492, 18163, 6160, 25344, 7382, 22708, 4992, 22649, 23867, 931, 21067, 15576, 19480, 9281, 22115, 1551, 23380, 14130, 16661, 21751, 23344, 15032, 28481, 14116, 27972, 24937, 14485, 3243, 28400, 1541, 9894, 4607, 8128, 15775, 27599, 6668, 24843, 21177, 22391, 18806, 3022, 24507, 28584, 5782, 24435, 4087, 28879, 25060, 8774, 18298, 7444, 4077, 21795, 10679, 29272, 5212, 8733, 24642, 20617, 4764, 25968, 20644, 21253, 7244, 22787, 21881, 24331, 27140, 2490, 2822, 23513, 18946, 12777, 28409, 1284, 26074, 26177, 13257, 9234, 13404, 22740, 10666, 3999, 27190, 7141, 12835, 19481, 10680, 9785, 28558, 24384, 18220, 3034, 15436, 7163, 23183, 16494, 27244, 5839, 5797, 20615, 17057, 14991, 12264, 24287, 1098, 5813, 28505, 28377, 17875, 8876, 41, 9347, 15624, 5103, 10318, 8460, 23667, 29652, 17325, 18992, 1797, 6881, 17916, 23888, 27675, 11855, 27037, 11599, 2921, 17749, 10102, 5848, 27895, 2359, 25120, 13366, 10300, 82, 26149, 23456, 25960, 27027, 3321, 26129, 15770, 21756, 13930, 27580, 6817, 15903, 3864, 8652, 3213, 25369, 9921, 24168, 15453, 18322, 25237, 25220, 27963, 19464, 7139, 14120, 8511, 11346, 4427, 11460, 15628, 8979, 7233, 20588, 19071, 4000, 4143, 24601, 18235, 21178, 22923, 7931, 5630, 5282, 21875, 2797, 6826, 20408, 27228, 8302, 
Weights: 1765.96, 0.438751, 990.518, 737.634, 3096.49, 778.921, 4287.56, 0.546713, 406.286, 1021.48, 0.6286, 0, 0.766897, 0.452161, 0, 692.135, 1059.74, 12.8178, 118.441, 497.849, 1.35605, 20.4809, 203.522, 560.818, 5962.06, 82.6746, 2.77708, 2.9991, 0, 687.85, 0.97557, 423.755, 0.444866, 194.604, 0, 0.963141, 2645.18, 0.802108, 0.961732, 124.065, 3.09453, 44.8623, 6.61417, 420.262, 237.947, 4.39917, 95.8006, 1.76982, 58.2473, 0, 0.222702, 0.988206, 10.198, 1.47812, 0.815945, 3.63559, 1.07857, 1.61077, 550.462, 0, 0.934983, 520.65, 1422.68, 30.8252, 1.00613, 7.02944, 4.57317, 38.3337, 0, 52.5926, 0, 423.371, 1.01202, 56.9319, 889.904, 0.469694, 1.48065, 461.93, 0.376819, 3.27763, 0.858037, 190.704, 4.1374, 98.0717, 29.7824, 0.775317, 0.971633, 0.9955, 558.481, 5.07385, 0, 0.946962, 0.951109, 0.902638, 1.53425, 24.2497, 0.959413, 1.14317, 0.92886, 0, 0.745882, 66.5129, 503.211, 5.81049, 0.828254, 0.916787, 0.989074, 0, 0, 0.977504, 1.29047, 0.93119, 103.572, 0, 0.684716, 24.97, 279.317, 0.355515, 1343.35, 0.9582, 0.979286, 1.17724, 142.287, 5.33866, 0.766669, 1.1549, 255.438, 0.949891, 0.910084, 0, 3.16331, 2.82641, 0.758288, 1.3025, 29.6864, 0.7505, 1.44056, 1.26823, 1.01743, 399.513, 0, 113.22, 944.797, 13.0256, 2502.04, 0.663251, 1.29772, 58.9471, 0.924751, 1.10172, 346.674, 5.45996, 48.5126, 0.974588, 2.79814, 765.004, 83.3424, 4.11076, 104.382, 0, 46.866, 7.11844, 0.887334, 1.03603, 2.39934, 0.128449, 0, 1.03802, 1.07245, 0.741526, 0, 1.00609, 0.961446, 17.5245, 2.86261, 13.7026, 0.887707, 68.9805, 0, 0, 0.948722, 1.37655, 1.01846, 4.98316, 189.47, 0.846396, 0.789213, 7.62519, 0, 0.606289, 32.5941, 0.972491, 1.06203, 1.72502, 1.28436, 0.995373, 0.848871, 0.401285, 0, 0.306369, 34.7524, 96.189, 0, 8.15573, 560.868, 14.6552, 0, 0, 10.4014, 1.60757, 0.891776, 0.813618, 0, 6.89363, 0, 0, 
n_nonzero: 188

Running time so far: 199.918s

