n_tets: 90
relErr: 0.123622
Selected tets: 51214, 33828, 1062, 17144, 34560, 57384, 71719, 24860, 79148, 18752, 26715, 54341, 55661, 18058, 79674, 58394, 47832, 65101, 75225, 78581, 38437, 11094, 31923, 65333, 25095, 40130, 52248, 14997, 55192, 55830, 47691, 20698, 60654, 45641, 58865, 6073, 6794, 65212, 50539, 8071, 42782, 6772, 53911, 40232, 61256, 1986, 27703, 1391, 9638, 22689, 60071, 57016, 31921, 26997, 30552, 60817, 40724, 7835, 41435, 40134, 5965, 55309, 16488, 75871, 33069, 59263, 79183, 47310, 65841, 43200, 16312, 77670, 5000, 2555, 33050, 19673, 43048, 4752, 10977, 41150, 66780, 34082, 28668, 46052, 29236, 79852, 6774, 24248, 65126, 40068, 
Weights: 0, 0, 0, 2018.47, 1475.91, 0, 0, 0, 0, 0, 0, 0, 0, 41.1868, 160.52, 0, 0, 9714.94, 4433.84, 0, 0, 0, 1.0953, 4744.97, 0, 0, 0, 0, 504.022, 3574.06, 3632.3, 343.663, 0, 7710.69, 0, 0, 3011.35, 7.29261, 0, 2823.38, 0, 94.7804, 0, 0, 0, 0, 0, 0, 0, 0, 90.6586, 0, 0, 0, 55.2089, 3311.38, 353.48, 0, 591.843, 0, 478.909, 6722.18, 871.118, 0, 0, 0, 5812.46, 0, 0, 0, 424.393, 84.7663, 440.052, 479.153, 0, 0, 1107.37, 0, 9173.93, 246.505, 0, 0, 1693.45, 0, 10643.7, 0, 335.844, 3476.56, 0, 0.422975, 
n_nonzero: 38

Running time so far: 62.2802s

