n_tets: 90
relErr: 0.169628
Selected tets: 10555, 21616, 12946, 21677, 4748, 6996, 23325, 27965, 4263, 12045, 17320, 25683, 19465, 9519, 19914, 12330, 23888, 5093, 21360, 28276, 21477, 726, 19503, 27247, 19660, 8811, 19456, 1518, 11035, 8328, 15796, 13232, 19166, 13409, 6928, 11618, 25707, 19162, 2547, 15300, 2987, 17874, 23620, 1861, 15479, 1269, 22785, 25329, 27418, 10401, 17509, 29299, 4195, 25933, 24111, 12388, 15089, 13391, 10002, 20247, 6697, 16256, 19800, 1543, 21586, 15012, 15261, 18244, 12419, 5851, 4114, 13262, 4087, 12118, 14799, 19346, 18806, 6050, 5897, 19548, 27873, 14866, 12204, 6574, 615, 23457, 14449, 24519, 11464, 5283, 
Weights: 5116.12, 1056.88, 756.53, 873.008, 248.959, 513.314, 939.335, 0, 1.66472, 12.7427, 0, 543.288, 1.01905, 1502.55, 517.814, 507.296, 164.194, 133.234, 0.98355, 14.711, 2.02977, 0, 36.5898, 1.43847, 33.3305, 0, 1290.66, 0.877884, 70.0449, 654.231, 140.423, 6.38146, 0.508602, 0, 10.1299, 266.552, 1156, 156.71, 8.99851, 25.2958, 0, 2.44881, 3412.35, 1.55335, 0, 0.446638, 2262.34, 93.1503, 1519.51, 33.5476, 101.596, 475.644, 899.608, 0, 1.83991, 57.6253, 1295.87, 425.747, 0.14027, 0, 0, 0, 0.852608, 1.23322, 0.888107, 0, 0, 824.413, 26.513, 300.407, 0, 0, 1.03315, 106.504, 211.845, 500.29, 1611.62, 0, 0, 0, 1154.79, 1.53619, 548.783, 0, 95.49, 34.9141, 47.2866, 135.218, 455.37, 0, 
n_nonzero: 70

Running time so far: 116.511s

