n_tets: 140
relErr: 0.334028
Selected tets: 32562, 2811, 43286, 18384, 24071, 43879, 16774, 30220, 11939, 42759, 7052, 32003, 35144, 42003, 33866, 29492, 8491, 24035, 42965, 39954, 22963, 4138, 31870, 3748, 12100, 37253, 43894, 39169, 3981, 8750, 28805, 7987, 34335, 1820, 3010, 14249, 41973, 33171, 1548, 5577, 44247, 15450, 16138, 30782, 15187, 2979, 15401, 42531, 22322, 39851, 12243, 20125, 42722, 36310, 10559, 17140, 2881, 18193, 35613, 6158, 14859, 20282, 1614, 20754, 22402, 21249, 44411, 37958, 12145, 31817, 27313, 1617, 8545, 42402, 2808, 34094, 17166, 22361, 20239, 23424, 25091, 3675, 44291, 41901, 22443, 43847, 36484, 32063, 21164, 23010, 44985, 22568, 29135, 16786, 15437, 31085, 15828, 20995, 8104, 29493, 19856, 34505, 8800, 31818, 41983, 22293, 38968, 41986, 38872, 13502, 13860, 9257, 15863, 35680, 13784, 23461, 13783, 22357, 34425, 4284, 44199, 1355, 31852, 39840, 21645, 10464, 44233, 43420, 5461, 18026, 12209, 36115, 3532, 39899, 1076, 44183, 27903, 38853, 29495, 23371, 
Weights: 2852.66, 1282.85, 63.8239, 334.936, 0, 1.22062, 4.28846, 5226.98, 0, 0, 73.808, 366.644, 506.014, 1.04246, 3.67664, 0, 0, 233.741, 266.469, 1.34169, 118.18, 0, 258.803, 1785.56, 1.44872, 0, 1.3533, 0.590439, 3775.03, 0, 0.81743, 0, 18.2763, 0.942202, 84.8389, 0, 1.8323, 53.9316, 219.663, 283.875, 29.4511, 177.936, 2.06752, 106.122, 325.81, 0.736813, 811.841, 36.5805, 6.46777, 45.9367, 76.0351, 0, 0, 1570.54, 0, 1.72703, 27.5366, 1186.82, 1.0054, 0, 0.812982, 182.755, 203.828, 0, 5.63727, 283.56, 2.81302, 1845.26, 37.4122, 0, 29.9695, 34.5605, 0.996685, 94.0816, 0, 57.1856, 228.845, 1.63072, 368.965, 10.8612, 1581.89, 0, 0, 2130.69, 0, 63.3289, 118.51, 48.3565, 1421.75, 0, 1.36504, 25.9179, 0.657544, 722.948, 0, 248.414, 0, 153.446, 1232.82, 0, 0.989535, 0, 28.5829, 2.20643, 3.97697, 0, 3.4878, 0.691182, 3.38422, 2.52625, 1.00831, 265.57, 4.92853, 20.536, 0.96877, 0, 2.76953, 14.049, 0, 926.313, 12.666, 0, 1.10442, 311.053, 359.793, 0, 0, 0, 0.946976, 6.12185, 1.2443, 412.155, 141.438, 0, 429.021, 0.891479, 79.0881, 97.5357, 972.541, 0, 
n_nonzero: 106

Running time so far: 89.8037s

