n_tets: 33
relErr: 0.498498
Selected tets: 21500, 27848, 13245, 1062, 23629, 22890, 26439, 10395, 1762, 13239, 2064, 7179, 9472, 27723, 24981, 25538, 15997, 17901, 5546, 26161, 18850, 4761, 5565, 27606, 22601, 20170, 12812, 17721, 2763, 14933, 20973, 11971, 24234, 
Weights: 914.554, 17474.7, 9962.96, 0, 332.528, 2481.61, 431.936, 0.87215, 407.406, 0, 18.0822, 941.881, 1367.54, 0.919878, 68.4924, 261.553, 286.439, 2007.68, 0, 242.441, 22.7061, 421.067, 187.346, 0, 0, 88.9823, 0, 155.679, 1768.44, 1544.94, 0, 14.9162, 2.73374, 
n_nonzero: 26

Running time so far: 10.6486s

