n_tets: 70
relErr: 0.0087256
Selected tets: 99, 14, 119, 89, 11, 196, 93, 77, 199, 197, 63, 175, 194, 135, 185, 124, 140, 22, 202, 138, 18, 48, 20, 198, 64, 131, 189, 137, 45, 186, 150, 57, 184, 87, 34, 145, 81, 110, 200, 195, 40, 30, 101, 178, 111, 84, 82, 187, 97, 120, 123, 56, 117, 28, 103, 105, 0, 162, 134, 62, 128, 73, 107, 153, 136, 203, 143, 42, 13, 182, 
Weights: 13.9896, 0.635744, 0.999664, 1.0002, 3.18668, 2.10369, 1.00077, 0.991085, 1.00051, 0.99312, 1.00481, 0, 0.999474, 5.07737, 0.998118, 14.6145, 1.0002, 1.01944, 0.707841, 1.02327, 1.65548, 13.8791, 8.41832, 1.032, 0, 7.52973, 1.53562, 1.04215, 2.53971, 1.025, 13.6416, 1.02369, 1.00589, 7.17667, 1.84216, 17.0111, 3.58234, 5.34108, 0.896964, 5.41453, 3.03988, 6.27198, 4.77193, 28.8411, 0.911817, 0.759064, 2.53968, 1.69727, 1.78834, 2.48215, 7.58486, 7.82735, 2.29608, 8.9771, 2.05704, 3.04882, 2.29405, 6.80907, 6.89019, 4.58852, 7.31839, 2.44977, 0.723243, 0.404221, 5.60961, 1.57925, 4.10612, 8.36167, 0.575178, 0.840309, 
n_nonzero: 68

