n_tets: 208
relErr: 0.483686
Selected tets: 25939, 699, 8335, 12763, 14231, 4944, 1622, 18088, 45004, 33142, 17824, 26526, 34964, 29197, 41971, 4088, 9429, 28182, 37261, 22357, 32934, 24473, 44764, 29504, 14031, 10997, 2671, 39876, 22778, 17576, 37292, 27223, 35427, 992, 44953, 24904, 3681, 38672, 1548, 31816, 41017, 24340, 43890, 37493, 13703, 2979, 44748, 25368, 42705, 17570, 44816, 26508, 35141, 37485, 10559, 29550, 11894, 42687, 14294, 10567, 44291, 3093, 36649, 31115, 10652, 27915, 12262, 13861, 21682, 8391, 32080, 39501, 15389, 22564, 6641, 44226, 9963, 21658, 15930, 30067, 3006, 21196, 13786, 12178, 10960, 16308, 20405, 29476, 21551, 39865, 22699, 11408, 2945, 9729, 25223, 6191, 26836, 21676, 4089, 30066, 43910, 36640, 972, 29098, 14460, 18208, 21553, 21568, 32237, 17740, 36645, 12078, 29904, 10553, 4052, 21657, 11683, 43884, 31408, 10555, 3311, 39925, 3361, 19374, 44196, 21653, 7316, 44751, 4814, 10744, 44907, 19750, 5691, 44610, 20952, 18420, 16029, 1067, 42018, 7042, 18157, 37476, 24761, 22356, 29787, 21459, 39190, 42950, 37879, 34345, 17813, 5267, 2719, 6614, 4734, 38635, 44725, 33165, 10223, 2802, 42722, 21635, 11445, 38627, 5051, 3162, 3682, 8151, 13198, 44638, 45123, 22442, 17577, 5566, 42694, 503, 24416, 15833, 34961, 14583, 37358, 15224, 17815, 29472, 11315, 11928, 10226, 19391, 9876, 39238, 4583, 25645, 1339, 34958, 44906, 18854, 764, 24373, 20931, 14578, 42706, 32860, 38805, 16734, 391, 17681, 31757, 18153, 
Weights: 2503.39, 1993.02, 2274.42, 1797.07, 1.44776, 1082.51, 0.715972, 1855.98, 106.782, 4.2772, 0.926779, 1.28287, 5.131, 1079.03, 8.50983, 8.7281, 66.4552, 1361.99, 5.08142, 1.24313, 4205.61, 4.18657, 0, 7.65268, 0, 214.441, 2216.07, 727.917, 0, 0.13866, 0, 1.31821, 710.411, 37.8049, 0.957579, 60.2325, 1.07515, 0, 10.9382, 563.302, 6.85585, 13.4251, 0, 0, 0, 1.0723, 0, 0, 0.863688, 3.33341, 0, 0, 0.907616, 0, 0.923144, 4.4341, 9.42191, 33.066, 0.633352, 0, 1.40104, 0, 25.975, 947.625, 8.65472, 1111.21, 9.76459, 0, 21.7743, 0.31896, 0, 0.897325, 1.89095, 0.983523, 0, 0, 6.47126, 0.300903, 0.945731, 0, 12.839, 7.78491, 3.78191, 0.396241, 1.01138, 84.9995, 0, 4.59986, 0, 78.0045, 985.755, 1.1497, 16.9801, 47.6424, 16.3768, 42.2193, 0, 3.16964, 8.00905, 0, 606.037, 771.727, 1.01544, 3.16564, 0.989923, 0, 6.61571, 3.94121, 0, 0, 0, 438.851, 1.22035, 0, 0, 0.217364, 1.02342, 0.636598, 0, 1392.36, 0, 0, 0, 36.7245, 2.1057, 1.45776, 0, 0, 0.977796, 5.09828, 14.27, 988.09, 1.06804, 1.11578, 0, 354.655, 293, 900.217, 0, 47.5307, 297.004, 0, 0, 3.70825, 111.488, 0, 1.0531, 237.494, 31.8748, 0, 0.996613, 0.928038, 3257.45, 201.463, 1.80784, 1.15674, 0.646102, 0, 1.58507, 0.0496919, 132.612, 47.0132, 0.987489, 0, 0.987735, 1.4611, 0.486582, 0.655614, 8.11734, 1.09749, 0, 968.637, 0.925648, 0, 0, 2.00952, 876.432, 0, 19.1982, 0.789375, 10.7098, 1.44868, 1.11555, 1.76713, 0, 0, 0.0217537, 56.5401, 0, 0, 9.42361, 798.342, 3.37645, 56.3907, 0, 1.00369, 279.342, 14.6729, 13.1333, 0, 0, 0, 0, 1173.07, 586.631, 0.963733, 0, 0.795489, 
n_nonzero: 150

Running time so far: 115.982s

