n_tets: 100
relErr: 0.00481882
Selected tets: 99, 14, 57, 89, 11, 140, 103, 93, 119, 146, 185, 107, 138, 137, 153, 77, 199, 101, 135, 22, 48, 13, 186, 124, 201, 18, 202, 184, 198, 3, 84, 203, 152, 166, 53, 39, 128, 30, 88, 200, 194, 111, 73, 147, 63, 82, 20, 0, 197, 108, 183, 51, 8, 141, 132, 42, 28, 34, 150, 195, 49, 164, 142, 156, 120, 143, 187, 2, 72, 114, 189, 41, 87, 12, 110, 71, 130, 45, 70, 67, 116, 113, 190, 96, 94, 105, 157, 38, 193, 81, 125, 181, 117, 85, 5, 179, 46, 131, 123, 40, 
Weights: 13.7274, 1.0002, 1.00027, 0.999923, 6.03627, 0.999749, 2.1669, 1.00005, 0.99885, 5.99108, 1.00029, 1.00016, 0.999308, 0.999544, 0.997016, 0.999464, 1.00013, 1.00127, 8.50651, 0.998435, 10.7751, 1.00024, 0.996959, 5.41556, 0.999973, 1.00082, 0.997174, 0.999436, 1.00677, 0, 1.00004, 0.99755, 1.4007, 4.94857, 8.54293, 1.00066, 6.38213, 2.5796, 5.02161, 1.00082, 1.00017, 0.999331, 3.26734, 0, 0.996953, 1.44888, 11.5624, 0.999866, 0.997803, 0.978941, 1.00322, 0, 0.469841, 0, 4.03993, 4.95025, 0.422689, 0.407544, 2.3757, 1.71081, 0.991406, 2.32678, 5.42468, 3.19749, 0.905011, 4.78512, 1.00347, 2.18563, 1.01118, 0.947162, 0.990543, 0, 2.609, 2.64644, 2.30196, 1.43373, 2.84382, 1.07416, 0.810233, 0.902934, 2.80005, 1.029, 7.76177, 4.95914, 2.84394, 2.53879, 0, 1.62124, 0.867185, 2.01413, 2.77521, 5.26866, 1.77448, 3.3523, 5.38275, 1.74711, 0.84961, 3.53741, 1.0614, 2.0648, 
n_nonzero: 94

