n_tets: 150
relErr: 0.36586
Selected tets: 646, 4859, 766, 5730, 6102, 5173, 2479, 5512, 6491, 2756, 5585, 4720, 5726, 4711, 2853, 536, 3953, 3924, 4232, 5053, 2737, 4569, 3380, 591, 3595, 1316, 4049, 943, 6702, 2401, 237, 5636, 4724, 769, 4082, 5093, 204, 4948, 1781, 441, 2597, 1573, 5823, 7446, 2416, 5442, 2694, 6551, 2668, 5345, 1776, 2660, 6342, 3414, 4546, 2849, 2928, 4458, 1736, 2463, 205, 7485, 6837, 2477, 2617, 1630, 6531, 3308, 90, 677, 4651, 2780, 4815, 489, 3792, 5229, 4522, 1944, 3985, 6470, 3786, 3734, 4241, 198, 7397, 5607, 2172, 896, 4694, 3201, 6934, 4729, 4384, 5356, 4943, 3317, 3814, 1099, 2022, 2371, 5946, 3566, 3901, 3670, 7226, 3876, 3012, 5170, 4133, 2975, 5086, 4483, 3174, 1359, 6400, 7420, 2838, 233, 7520, 1079, 3688, 6131, 380, 6126, 6896, 7325, 1587, 5799, 7195, 6802, 6466, 138, 6786, 3741, 4608, 598, 892, 4050, 5964, 4995, 577, 4094, 3367, 7046, 4292, 3954, 4931, 4967, 2303, 625, 
Weights: 334.933, 7987.68, 520.285, 12394.3, 1707.95, 1504.82, 141641, 5250.13, 49.4503, 3.76944, 0, 138.167, 4935.64, 15.1731, 9.9958, 0, 15.4966, 320.674, 273.945, 15150.8, 4476.86, 822.383, 245.274, 0, 81.5831, 36.7992, 0.10767, 0, 0, 42.5306, 26829.9, 15924.7, 95.8377, 23759.6, 0, 0, 40.6311, 4630.07, 1981.83, 362.909, 54580.4, 4.79916, 0, 0, 60.5365, 14.5553, 2393.93, 6600.67, 3.14386, 84.4077, 0, 0, 44.4654, 0, 839.907, 514.643, 133.603, 292.08, 2338.21, 0, 9.94435, 367.441, 24920.1, 148.589, 0, 0, 127956, 0, 132.441, 261963, 0.387716, 63.7221, 9.67906e+06, 224.333, 2807.46, 6286, 3195.96, 0, 15.4422, 0, 0, 46.7054, 341.848, 0.549882, 18225.7, 1420.51, 662.324, 658.369, 34.9677, 816.125, 22968.4, 0, 985.328, 0, 44.9055, 3.35272, 236.81, 12.972, 59.2282, 734.246, 0, 0, 0, 25222, 0, 2.71535, 0, 11537.3, 27.1337, 2141.05, 91.168, 0.142927, 5402.35, 34550.9, 845.635, 3890.85, 12.7745, 19579.2, 5.61327, 2526.24, 8948.58, 4860.26, 1756.9, 1944.1, 39.6788, 19.4412, 0, 0, 24086.4, 983.221, 0, 638059, 3260.84, 70964.5, 34.8036, 1695.58, 228.124, 0, 0, 5.14493, 0, 0, 402.817, 35.6472, 4.80128e+19, 18.5977, 854.005, 0, 440.82, 2.31193e+06, 
n_nonzero: 116

