n_tets: 180
relErr: 0.00118046
Selected tets: 235796, 269544, 362937, 298539, 381300, 26069, 233619, 388822, 143254, 29257, 129749, 245011, 429667, 245127, 3631, 8706, 280852, 350808, 187116, 150871, 102239, 205157, 23989, 213606, 376047, 363265, 311537, 163244, 206903, 416957, 13780, 160206, 136949, 301704, 377338, 139005, 405237, 161679, 288456, 291655, 315929, 21584, 106379, 134563, 69093, 412289, 126150, 397111, 346140, 248178, 8314, 30348, 401752, 184484, 251881, 160381, 155049, 420840, 229484, 204986, 419364, 397751, 312336, 307422, 371087, 385296, 298875, 300477, 418362, 156640, 115018, 234799, 33298, 113831, 267589, 85015, 57153, 345250, 81311, 263552, 265880, 313697, 278252, 131980, 235486, 143266, 314130, 414915, 91544, 312802, 56878, 285369, 373908, 62244, 420700, 229489, 331355, 114000, 281090, 211588, 282487, 159429, 418158, 29767, 381558, 81782, 373237, 347967, 284712, 346055, 409759, 305174, 290461, 189807, 275538, 83557, 145765, 111736, 198232, 212437, 202476, 29114, 424541, 327840, 412129, 376211, 124147, 207932, 385107, 325987, 71035, 2998, 180537, 319143, 413997, 179503, 159435, 125934, 233886, 161334, 363109, 248706, 76749, 415107, 199841, 97972, 130768, 373705, 186516, 279888, 165392, 286736, 92506, 171396, 3756, 78807, 137958, 46557, 279086, 386678, 158736, 3062, 270318, 216850, 273407, 183334, 59977, 197867, 74923, 272751, 406244, 157438, 188096, 309332, 417772, 340956, 369693, 122702, 264704, 301586, 
Weights: 7292.92, 2316.72, 0, 0, 103.561, 1420.54, 483.823, 707.925, 13778.9, 0, 404.271, 2910.16, 0, 104.907, 0, 332.537, 0, 112.427, 0, 302.686, 1379.97, 2600.97, 166.417, 0, 368.255, 363.481, 0, 0, 42.446, 317.713, 31458.4, 0, 0, 1942.17, 2059.26, 546.787, 5875.7, 0, 8096.24, 11423.7, 2737.86, 0, 0, 0, 70.872, 2667.38, 280.784, 243.106, 0, 214297, 849.172, 0, 1120.76, 2510.76, 0, 1227.72, 0, 0, 0, 0, 2565.11, 291.808, 95.9006, 1186.1, 322.374, 0, 1233.53, 1719.39, 0, 268915, 0, 544.947, 0, 5470.82, 0, 0, 476.216, 779.753, 0, 2799.93, 0, 0, 0, 0, 973.94, 0, 0, 567.565, 0, 3027.88, 0, 442.94, 0, 42604.5, 0, 340.34, 2249.19, 196.856, 54.7381, 0, 0, 0, 369.662, 1304, 9469.46, 0, 0, 0, 478.093, 428.087, 0, 17570, 357.146, 0, 8792.9, 1.44881e+06, 902.359, 56.4343, 0, 37.2488, 1139.32, 80792.5, 1273.63, 4378.65, 0, 3413.37, 0, 510.226, 0, 2362.46, 2378.3, 1534.4, 3210.36, 13512.4, 580.849, 0, 0, 879.605, 0, 107576, 0, 317.406, 0, 668.01, 0, 258.591, 1083.83, 0, 0, 0, 592.381, 535.11, 6691.82, 0, 112.42, 335.535, 3473.79, 0, 0, 3089.59, 0, 3943.77, 0, 66.8079, 0, 0, 115.384, 36455.5, 744.097, 375.387, 0, 0, 1110.53, 351.929, 1096.32, 0, 228.37, 88814.8, 448767, 280.035, 
n_nonzero: 109

Running time so far: 284.005s

