n_tets: 85
relErr: 0.272889
Selected tets: 99, 89, 141, 93, 171, 185, 186, 65, 77, 57, 53, 2, 172, 119, 137, 18, 135, 168, 84, 194, 202, 101, 200, 14, 138, 107, 166, 155, 111, 198, 63, 189, 3, 72, 58, 203, 95, 49, 183, 30, 130, 146, 81, 67, 142, 123, 43, 201, 71, 157, 118, 122, 193, 0, 149, 86, 69, 92, 25, 96, 175, 151, 197, 64, 167, 27, 104, 7, 29, 37, 4, 23, 61, 100, 102, 154, 116, 112, 13, 113, 40, 162, 88, 192, 143, 
Weights: 0, 1.02246, 21.7048, 1.00389, 0, 0.950387, 0.919742, 4.13524, 1.01584, 1.4323, 0, 0, 16.4954, 0.51345, 0.980434, 1.33603, 24.4323, 10.3372, 1.00723, 1.00334, 1.23947, 1.93276, 0.591226, 0.39563, 0.232951, 0.937683, 0, 0, 1.02044, 0.840435, 1.11701, 1.87884, 14.1651, 3.77608, 1.95598, 0.854642, 6.86472, 1.5028, 0.976694, 11.1709, 0, 0, 4.17208, 1.43299, 6.12053, 3.64061, 0, 0.14632, 13.108, 17.5575, 4.74544, 3.15821, 1.85277, 0.435669, 5.61329, 8.34603, 7.83293, 1.66675, 2.75133, 17.0057, 20.9799, 2.4009, 0.554857, 121.746, 14.6975, 6.05556, 4.4144, 28.6329, 0.687712, 17.7686, 3.87136, 23.951, 8.63188, 5.16775, 2.60325, 2.06827, 4.69857, 4.49204, 0.0142566, 4.44362, 4.26656, 3.05919, 6.84656, 0.785838, 31.2913, 
n_nonzero: 76

