n_tets: 261
relErr: 0.0538605
Selected tets: 19769, 26370, 25715, 13923, 23203, 22574, 27025, 9146, 28769, 8502, 10745, 18639, 29465, 21592, 5495, 3716, 21991, 3083, 27733, 23928, 27103, 20392, 19595, 9764, 18971, 27882, 12327, 19555, 5285, 18949, 4172, 29299, 13223, 12721, 6078, 28816, 1404, 7754, 12744, 9846, 27990, 17874, 19028, 20877, 10754, 1537, 27514, 15823, 14157, 4354, 2824, 27159, 29186, 9490, 11045, 23341, 5609, 15235, 8071, 20229, 22980, 8572, 21788, 12363, 2402, 10973, 27416, 2289, 22727, 22722, 24552, 18922, 4087, 17761, 18891, 14988, 18731, 20598, 17718, 1415, 6437, 815, 7470, 5543, 12533, 20058, 17875, 13200, 8254, 4561, 12186, 7344, 22465, 27460, 23148, 6472, 22767, 18168, 26850, 4090, 23238, 23021, 17148, 3607, 26409, 12910, 11066, 15696, 3086, 5783, 37, 15624, 11602, 6015, 18991, 13408, 7454, 29075, 19394, 3034, 12117, 21181, 17621, 5200, 21755, 1244, 5797, 32, 6497, 14451, 8691, 11659, 6548, 18733, 24134, 3867, 21930, 24583, 41, 25843, 19617, 2188, 21088, 20615, 2562, 19164, 23762, 19722, 11924, 23082, 7590, 9315, 24075, 11285, 29137, 7377, 11051, 6227, 27439, 6210, 21627, 7228, 25473, 20883, 19471, 1381, 4979, 24007, 19501, 22405, 12583, 4723, 29044, 6587, 19448, 15401, 15001, 16411, 27841, 4037, 4236, 12413, 21586, 6619, 3129, 1016, 8963, 6932, 16832, 18791, 21799, 14841, 24877, 10957, 12112, 29336, 9344, 20941, 8873, 6878, 3092, 4467, 11990, 18492, 14119, 10011, 23502, 17228, 3362, 5963, 25497, 5516, 17390, 21250, 18036, 25944, 17794, 4516, 411, 6148, 24014, 27879, 5291, 8105, 29607, 22522, 44, 28450, 3380, 14538, 23886, 5413, 12384, 22107, 2615, 8475, 21557, 11593, 1547, 24330, 20236, 24106, 11963, 5190, 15903, 5093, 27826, 9103, 432, 8047, 19822, 15398, 12218, 19187, 14810, 22278, 2280, 24175, 19167, 7837, 7476, 
Weights: 1158.16, 313.671, 349.845, 0, 0, 182.786, 0, 0, 746.481, 348.446, 0, 22.1291, 0, 87.5897, 78.5878, 304.231, 0, 0, 0, 0, 0, 0, 0, 161.129, 228.369, 0, 272.408, 0, 0, 0, 349.415, 33.3458, 0, 346.095, 0, 22.8652, 463.783, 675.106, 0, 14.1341, 685.529, 0, 0, 369.326, 596.067, 47.3318, 483.265, 0, 36.465, 110.852, 0, 289.125, 489.966, 253.066, 0, 0, 122.581, 0, 0, 111.913, 0, 0, 69.2163, 43.3408, 91.7162, 140.578, 0, 0, 0, 0, 0, 1159.17, 0.999812, 0, 0, 0, 0, 0, 0, 119.084, 0, 75.5281, 0, 0, 0, 1.46451, 0.845712, 41.1039, 0, 77.9092, 338.299, 0, 1094.59, 71.9513, 28.1156, 0, 0, 0, 0, 0.960737, 0, 0, 0, 525.828, 18.9728, 0, 0, 0, 0, 0, 257.827, 0, 0, 25.988, 0, 0, 0, 69.9936, 0, 70.2559, 21.202, 0, 497.161, 0, 0, 0, 0, 69.7016, 0, 0, 627.7, 0, 0, 0, 18.4559, 1526.52, 21.564, 60.8788, 0, 0.617031, 74.0648, 0, 0, 17.0482, 0, 99.8911, 0, 0, 54.529, 897.723, 0, 0, 0, 824.256, 0, 67.1014, 0, 0, 0, 220.925, 125.468, 323.679, 117.039, 191.537, 125.89, 229.106, 0, 0, 0, 0, 0, 333.257, 1123.91, 0, 904.859, 3.49701, 0, 645.791, 76.6236, 0, 62.4935, 0, 0, 0, 0, 10.0415, 0, 0, 454.981, 0, 0.999535, 0, 276.995, 0, 0, 85.6255, 18.7083, 1057.28, 0, 0, 29.5966, 0, 0, 0, 0, 93.1084, 159.451, 74.006, 0, 0, 241.185, 0, 0, 128.695, 0, 0, 433.861, 198.348, 1094.4, 684.917, 298.34, 0, 0, 0, 0, 139.221, 0, 76.9922, 323.505, 176.405, 103.582, 8.92828, 56.4247, 239.188, 637.885, 0, 12.0178, 0, 98.7367, 0, 9.60113, 0, 144.562, 168.246, 124.299, 0, 95.2791, 0, 0, 0, 116.223, 419.227, 735.24, 167.907, 0, 0, 0, 0, 23.4108, 129.312, 0, 
n_nonzero: 125

Running time so far: 153.996s

