n_tets: 192
relErr: 0.113608
Selected tets: 51214, 33828, 1062, 17144, 34560, 57384, 71719, 24860, 79148, 18752, 26715, 54341, 55661, 18058, 79674, 58394, 47832, 65101, 75225, 78581, 38437, 11094, 31923, 65333, 25095, 40130, 52248, 14997, 55192, 55830, 47691, 20698, 60654, 45641, 58865, 6073, 6794, 65212, 50539, 8071, 42782, 6772, 53911, 40232, 61256, 1986, 27703, 1391, 9638, 22689, 60071, 57016, 31921, 26997, 30552, 60817, 40724, 7835, 41435, 40134, 5965, 55309, 16488, 75871, 33069, 59263, 79183, 47310, 65841, 43200, 16312, 77670, 5000, 2555, 33050, 19673, 43048, 4752, 10977, 41150, 66780, 34082, 28668, 46052, 29236, 79852, 6774, 24248, 65126, 40068, 76084, 42294, 2944, 71310, 78538, 42987, 13502, 57367, 12636, 22885, 63886, 51750, 7408, 24715, 9201, 40067, 6952, 57142, 72161, 24144, 23826, 23226, 78348, 22622, 14833, 10844, 60673, 43375, 34139, 76724, 24717, 1011, 67542, 41049, 21716, 45048, 37708, 41971, 52232, 58986, 53965, 12835, 58336, 27793, 52135, 46205, 18808, 67950, 56316, 13144, 65460, 9646, 47594, 56816, 74539, 72082, 16642, 14282, 55233, 36760, 52573, 41382, 40729, 24357, 15103, 15730, 71267, 35673, 44188, 78794, 19718, 57743, 79423, 71029, 7897, 57867, 78666, 14627, 3045, 4642, 50245, 45064, 52079, 9132, 5606, 50502, 46064, 65177, 65171, 71634, 79146, 80280, 26887, 43887, 16515, 54346, 40069, 10111, 35864, 13236, 4237, 22873, 
Weights: 1219.17, 0, 0, 0, 475.38, 0, 0, 0, 0, 0, 631.3, 0, 0, 0, 0, 0, 0, 4078.13, 0, 0, 0, 0, 1.33767, 2338.69, 0, 0, 0, 0, 0, 5052.72, 539.143, 0, 0, 0, 0, 0, 4634.9, 2.74039, 0, 0, 0, 100.662, 0, 0, 0, 0, 0, 0, 0, 0, 0, 0, 0, 0, 50.4445, 1225.55, 0, 0, 0, 0, 0, 213.667, 0, 0, 0, 0, 0, 0, 1305.29, 0, 0, 56.2283, 725.656, 0, 0, 0, 1019.05, 0, 0, 0, 0, 0, 0, 0, 0, 0, 2107.33, 65.0115, 0, 0.447879, 0.876943, 623.315, 0, 0, 0, 2087.8, 4745.38, 63.6158, 0, 0, 0, 30.3221, 10.7377, 0, 0, 22.1354, 0, 0, 0, 0, 0, 0, 2150.73, 7750.14, 0, 0, 0, 0, 0, 0, 0, 0, 0, 0, 3637.65, 0, 1.14961, 0, 0, 0, 0, 0, 1941.4, 0, 25.2827, 0, 0, 0, 743.689, 0, 0, 0, 0, 88.9343, 2094.28, 1070.25, 0, 0, 0, 0, 205.774, 0, 0, 0, 0, 392.563, 3197.11, 0, 0, 0, 0, 0, 7308.64, 1425.07, 0, 0, 0, 0, 47.3398, 1791.97, 0, 618.62, 5426.86, 0, 5604.03, 0, 0, 0, 0, 0, 1465.71, 0, 0, 0, 0, 0, 2.16582, 0, 0, 0, 0, 0, 
n_nonzero: 51

Running time so far: 129.716s

