n_tets: 190
relErr: 1.1227e-14
Selected tets: 99, 14, 57, 89, 11, 140, 103, 93, 119, 146, 185, 107, 138, 137, 153, 77, 199, 101, 135, 22, 48, 13, 186, 124, 201, 18, 202, 184, 198, 3, 84, 203, 152, 166, 53, 39, 128, 30, 88, 200, 194, 111, 73, 147, 63, 82, 20, 0, 197, 108, 183, 51, 8, 141, 132, 42, 28, 34, 150, 195, 49, 164, 142, 156, 120, 143, 187, 2, 72, 114, 189, 41, 87, 12, 110, 71, 130, 45, 70, 67, 116, 113, 190, 96, 94, 105, 157, 38, 193, 81, 125, 181, 117, 85, 5, 179, 46, 131, 123, 40, 80, 196, 106, 109, 163, 43, 29, 24, 19, 16, 176, 66, 168, 65, 59, 4, 191, 74, 104, 139, 52, 25, 182, 9, 144, 155, 133, 175, 154, 192, 31, 172, 26, 23, 167, 115, 92, 122, 76, 136, 97, 134, 148, 17, 91, 151, 126, 98, 78, 15, 69, 37, 54, 121, 36, 162, 75, 177, 171, 32, 112, 1, 62, 118, 56, 61, 188, 86, 129, 21, 55, 44, 102, 6, 100, 79, 35, 83, 60, 68, 169, 95, 47, 127, 149, 58, 27, 10, 50, 33, 
Weights: 1, 1, 1, 1, 1, 1, 1, 1, 1, 1, 1, 1, 1, 1, 1, 1, 1, 1, 1, 1, 1.50219, 1, 1, 1, 1, 1, 1, 1, 1, 1, 1, 1, 1, 2, 2.2, 1, 1, 1, 1, 1, 1, 1, 1, 1, 1, 1, 1, 1, 1, 1, 1, 1, 1, 1, 1, 2.33333, 1, 1, 1, 1, 1, 1, 1, 1, 1, 1, 1, 1, 1, 1, 1, 1, 1, 1, 1, 1, 1, 1, 1, 1, 1, 1, 1, 1, 1, 1, 1, 1, 1, 1, 1, 4.6, 1, 1, 1, 1, 1, 1, 1, 1, 1, 1, 1, 1, 1, 1, 1, 1, 1, 1, 1, 1, 1, 1, 1, 1, 1, 1, 1, 1, 1, 1, 1, 1, 1, 1, 1, 1, 1, 1, 1, 1, 1.75, 1, 1, 1, 1, 1, 1, 1, 1, 1, 1, 1, 1, 1, 1, 1, 1, 1, 1, 1, 1, 1, 1, 1, 1, 1, 1, 1, 1, 1, 1, 1, 1, 1, 1, 1, 1, 1, 1, 1, 1, 1, 1, 1, 1, 1, 1, 1, 5.51429, 1, 1, 1, 1, 1, 1, 1, 1, 0.330418, 
n_nonzero: 190

