n_tets: 189
relErr: 0.153273
Selected tets: 10555, 21616, 12946, 21677, 4748, 6996, 23325, 27965, 4263, 12045, 17320, 25683, 19465, 9519, 19914, 12330, 23888, 5093, 21360, 28276, 21477, 726, 19503, 27247, 19660, 8811, 19456, 1518, 11035, 8328, 15796, 13232, 19166, 13409, 6928, 11618, 25707, 19162, 2547, 15300, 2987, 17874, 23620, 1861, 15479, 1269, 22785, 25329, 27418, 10401, 17509, 29299, 4195, 25933, 24111, 12388, 15089, 13391, 10002, 20247, 6697, 16256, 19800, 1543, 21586, 15012, 15261, 18244, 12419, 5851, 4114, 13262, 4087, 12118, 14799, 19346, 18806, 6050, 5897, 19548, 27873, 14866, 12204, 6574, 615, 23457, 14449, 24519, 11464, 5283, 27830, 26024, 26451, 4776, 3022, 22444, 1404, 20672, 4294, 25936, 21442, 23021, 19072, 15701, 2551, 3044, 25426, 22905, 8294, 5524, 10404, 21587, 2827, 14554, 27248, 9885, 14214, 11571, 26472, 15465, 14082, 21181, 14519, 12796, 17326, 12794, 9864, 13331, 4089, 4435, 22616, 14548, 27641, 5693, 1542, 1535, 17875, 11961, 22296, 17872, 25247, 21218, 19661, 3008, 4099, 19164, 2655, 24925, 11924, 26592, 11946, 14, 4806, 20118, 696, 28794, 37, 15723, 27439, 5905, 18733, 25223, 5289, 2367, 19468, 16, 23539, 22121, 13333, 12601, 6716, 14702, 777, 21756, 21881, 8553, 29295, 10155, 24700, 6444, 8653, 18908, 24011, 14869, 10233, 789, 8742, 15862, 8779, 
Weights: 4651.89, 946.825, 516.201, 251.081, 0, 842.056, 780.972, 0, 1.67694, 13.7606, 0.628494, 288.503, 1.02211, 1425, 288.837, 345.899, 62.2681, 94.4587, 0.962644, 3200.62, 2.02279, 0, 104.265, 1.403, 58.3838, 0, 507.374, 0.909332, 48.557, 646.507, 0, 6.26219, 0.509601, 0, 11.0608, 0, 1268.26, 0, 223.203, 59.7961, 0, 2.9321, 1179.09, 1.52195, 0, 0.433632, 1607.9, 168.391, 1833.32, 36.9054, 126.189, 160.074, 316.782, 0, 1.86421, 0, 1574.46, 114.121, 0.0898575, 116.161, 0, 0, 0.852687, 0.813335, 0.946807, 12.9648, 0, 1351.03, 0, 0, 0, 0, 1.01333, 89.7503, 238.854, 275.278, 516.161, 0, 766.379, 0, 1254.81, 2.26681, 533.765, 366.746, 0, 5.61417, 1.29998, 0, 352.474, 0, 13.7865, 0, 29.848, 0, 0, 5.95042, 447.153, 0, 0, 61.2897, 1.13941, 2.33023, 0, 235.156, 0, 148.975, 0, 0, 1.03001, 3.59216, 50.6553, 0, 0, 0, 5.27558, 0, 33.6436, 1.15359, 0, 0, 0, 128.179, 61.9614, 0.804498, 0, 0.964003, 124.106, 20.25, 0.992131, 418.058, 0, 208.487, 861.328, 0, 1.37731, 0, 0, 1.14219, 97.0235, 0.972725, 18.5835, 152.481, 0.728855, 160.785, 2.11902, 0.986846, 36.1995, 0, 22.1563, 0, 164.211, 726.945, 0, 0.976733, 1.0329, 206.249, 0.987971, 1409.43, 0, 0, 0, 0, 1.58092, 0, 0.96684, 0, 0, 0, 1.76743, 0, 0, 3.97449, 190.721, 0, 0.723611, 0, 13.9738, 0, 0, 0, 1.03957, 0, 0, 0, 0, 0, 0, 0, 0, 
n_nonzero: 118

Running time so far: 220.58s

