n_tets: 42
relErr: 0.165105
Selected tets: 11653, 17340, 29124, 23576, 14512, 19181, 26439, 14755, 7643, 20581, 27376, 9208, 22436, 17370, 29530, 12686, 9765, 5093, 27829, 5223, 10587, 2282, 28753, 4945, 11956, 10685, 27251, 12253, 14924, 23185, 4460, 21799, 19166, 25112, 6928, 19480, 3092, 14022, 13107, 26027, 22837, 24849, 
Weights: 3039.71, 2240.28, 80.845, 0, 0, 0, 1195.43, 0, 0, 4.87872, 1512.75, 1.11444, 0, 2172.03, 0.574559, 3090.31, 1308.07, 323.707, 1.92223, 1172.31, 5055.28, 691.069, 12919.3, 1.49332, 5.45437, 1454.27, 0.998876, 1862.54, 1511.71, 735.414, 1492.04, 1.15782, 0.962464, 26.7055, 589.925, 52.0346, 301.004, 388.483, 0, 0, 0, 0, 
n_nonzero: 32

Running time so far: 65.8326s

