n_tets: 153
relErr: 0.15742
Selected tets: 10555, 21616, 12946, 21677, 4748, 6996, 23325, 27965, 4263, 12045, 17320, 25683, 19465, 9519, 19914, 12330, 23888, 5093, 21360, 28276, 21477, 726, 19503, 27247, 19660, 8811, 19456, 1518, 11035, 8328, 15796, 13232, 19166, 13409, 6928, 11618, 25707, 19162, 2547, 15300, 2987, 17874, 23620, 1861, 15479, 1269, 22785, 25329, 27418, 10401, 17509, 29299, 4195, 25933, 24111, 12388, 15089, 13391, 10002, 20247, 6697, 16256, 19800, 1543, 21586, 15012, 15261, 18244, 12419, 5851, 4114, 13262, 4087, 12118, 14799, 19346, 18806, 6050, 5897, 19548, 27873, 14866, 12204, 6574, 615, 23457, 14449, 24519, 11464, 5283, 27830, 26024, 26451, 4776, 3022, 22444, 1404, 20672, 4294, 25936, 21442, 23021, 19072, 15701, 2551, 3044, 25426, 22905, 8294, 5524, 10404, 21587, 2827, 14554, 27248, 9885, 14214, 11571, 26472, 15465, 14082, 21181, 14519, 12796, 17326, 12794, 9864, 13331, 4089, 4435, 22616, 14548, 27641, 5693, 1542, 1535, 17875, 11961, 22296, 17872, 25247, 21218, 19661, 3008, 4099, 19164, 2655, 24925, 11924, 26592, 11946, 14, 4806, 
Weights: 4702.34, 1133.29, 431.689, 848.678, 0, 973.192, 743.938, 0, 1.67724, 13.579, 0.644151, 396.208, 1.02011, 1376.27, 346.571, 486.267, 43.9321, 106.942, 0.977169, 2907.58, 2.02843, 0, 101.274, 1.41145, 40.8313, 0, 382.863, 0.911709, 54.8605, 549.563, 13.6779, 6.27339, 0.509718, 0, 10.9718, 0, 1022.17, 12.1269, 225.778, 221.871, 0, 2.95321, 0, 1.52159, 0, 0.436136, 1519.44, 108.186, 1794.63, 36.3534, 234.179, 260.747, 240.787, 0, 1.83608, 15.1956, 1531.62, 149.492, 0, 313.109, 0, 0, 0.852451, 0.813934, 0.94414, 30.4201, 0, 1205.69, 0, 455.344, 0, 0, 1.01332, 115.562, 49.0928, 372.505, 702.913, 0, 719.269, 0, 1353.88, 2.06105, 425.133, 267.774, 195.43, 0, 4.63069, 6.07661, 535.827, 0, 13.8288, 0, 0, 0, 0, 8.64088, 310.486, 0, 0, 60.5509, 1.13402, 2.33156, 0, 268.057, 0, 995.841, 123.691, 0, 1.03019, 3.61041, 51.3408, 6.38007, 0, 52.084, 4.1634, 0, 32.6001, 1.15305, 0, 0, 0, 65.665, 0, 0.802385, 0, 0, 111.522, 16.4018, 0.992175, 0, 0, 444.794, 1061.76, 0, 1.37695, 23.9521, 0, 1.11833, 89.7633, 0.972396, 0, 263.864, 0.729572, 133.821, 2.1185, 0.987587, 17.7522, 0, 0, 0, 321.62, 756.987, 0, 
n_nonzero: 106

Running time so far: 170.688s

