n_tets: 200
relErr: 0.225445
Selected tets: 99, 200, 141, 89, 164, 116, 93, 2, 77, 197, 63, 44, 194, 119, 185, 65, 18, 137, 145, 135, 169, 202, 186, 198, 172, 155, 25, 184, 138, 57, 189, 111, 146, 84, 123, 191, 118, 193, 127, 167, 69, 107, 86, 13, 187, 14, 0, 104, 142, 58, 67, 92, 201, 192, 72, 56, 122, 114, 61, 101, 153, 22, 102, 71, 130, 166, 183, 144, 113, 157, 4, 3, 62, 43, 105, 27, 175, 80, 7, 103, 143, 126, 96, 100, 74, 29, 121, 154, 41, 149, 128, 26, 168, 81, 19, 129, 82, 109, 151, 23, 60, 30, 49, 59, 28, 131, 162, 47, 66, 182, 40, 136, 163, 48, 203, 132, 16, 37, 88, 34, 52, 133, 73, 78, 83, 112, 68, 195, 64, 9, 17, 160, 15, 39, 95, 125, 91, 33, 188, 35, 11, 115, 51, 79, 5, 1, 42, 120, 55, 6, 98, 53, 152, 10, 94, 50, 38, 8, 54, 31, 176, 106, 97, 179, 90, 171, 134, 174, 180, 139, 161, 117, 70, 46, 87, 177, 178, 12, 159, 156, 165, 190, 173, 158, 148, 170, 147, 108, 181, 36, 75, 24, 110, 124, 85, 150, 32, 21, 20, 196, 
Weights: 0, 1.09171, 0, 1.00884, 0, 7.86354, 1.07171, 0, 1.01821, 1.41862, 1.14202, 0, 0.852481, 0.495714, 0.919577, 8.74668, 4.10645, 1.07662, 0, 20.9134, 0, 3.26454, 0.999182, 1.02636, 11.074, 0.554803, 4.82586, 0, 0.524602, 1.21216, 3.13253, 2.3447, 0, 0, 3.23204, 1.374, 12.5105, 3.52156, 1.37742, 13.5484, 10.9454, 0, 8.08272, 0.239979, 0.498986, 0, 3.17963, 5.11796, 4.06172, 0.954167, 2.63337, 1.44788, 0.767688, 1.04919, 34.0352, 0, 3.78564, 0, 12.8401, 0, 0, 0, 10.5212, 12.2937, 7.65536, 0, 19.0783, 0, 0.0135181, 13.7929, 6.3323, 0, 1.98899, 0, 0, 2.54817, 7.89015, 0, 55.9009, 0, 78.7315, 12.1511, 15.8396, 6.2248, 0, 0.11225, 0, 2.43781, 30.9459, 10.1539, 5.72371, 52.4096, 29.6975, 3.08135, 0.969181, 0.978828, 0.0641995, 0, 4.40246, 7.81008, 2.06159, 2.23781, 0, 1.13395, 0, 0.00594252, 0, 0, 0, 0, 2.9004, 7.60309, 0, 0, 0, 1.23814, 0, 0, 0, 0, 2.93588, 0, 0, 0, 0, 0, 0, 0, 0, 0, 0, 0, 0, 0, 0, 0, 0, 0, 0, 0, 0, 0, 0, 0, 0, 0, 0, 0, 0, 0, 0, 0, 0, 0, 0, 0, 0, 0, 0, 0, 0, 0, 0, 0, 0, 0, 0, 0, 0, 0, 0, 0, 0, 0, 0, 0, 0, 0, 0, 0, 0, 0, 0, 0, 0, 0, 0, 0, 0, 0, 0, 0, 0, 0, 0, 0, 0, 0, 0, 0, 
n_nonzero: 81

