n_tets: 96
relErr: 0.130601
Selected tets: 995, 6736, 3302, 3987, 3394, 5919, 5053, 3766, 4748, 2193, 2122, 6506, 5764, 1865, 4146, 1481, 7325, 7320, 3959, 6094, 983, 4455, 1823, 6731, 3811, 2352, 488, 6772, 7227, 66, 6257, 6007, 3897, 2837, 6381, 2097, 2003, 2113, 6822, 854, 5717, 2379, 5482, 929, 4260, 5442, 5647, 3953, 7480, 3285, 2645, 3423, 7447, 205, 7291, 3554, 1134, 5283, 2773, 7449, 4780, 2781, 2964, 1828, 1942, 5356, 7446, 2662, 7378, 1587, 757, 3561, 5450, 489, 7483, 2988, 2756, 1944, 1782, 3087, 838, 1882, 3553, 198, 2212, 1505, 7445, 5823, 2668, 3188, 3426, 3122, 7048, 3326, 1443, 4753, 
Weights: 720.435, 376.079, 34.366, 162.852, 84.418, 181.674, 39.7914, 104.279, 325.655, 79.6263, 3.93143, 746.275, 71.2936, 101.325, 63.0181, 59.7523, 1.04384, 0.943727, 67.4678, 110.101, 75.6547, 0.680123, 0, 357.437, 91.5938, 1.00331, 1.06348, 283.718, 14.4342, 228.68, 40.3427, 112.672, 14.9576, 2.01808, 333.442, 0.999937, 1.04793, 36.9824, 9.88005, 175.578, 1.01318, 1.35773, 0.342683, 1.00946, 255.483, 0.990217, 0.955303, 1.37986, 0.717022, 0.99455, 208.227, 206.822, 0.966333, 0.985032, 14.5567, 6.3418, 561.179, 1.01907, 7.94958, 0.374802, 325.281, 0.998154, 77.0181, 74.8263, 2.68943, 0.637018, 0.128438, 1.00393, 133.011, 88.9715, 0, 4.20199, 1.17983, 179.073, 8.5429, 0.785, 132.832, 2.50443, 0.958818, 1370.4, 1.40124, 0.947414, 0, 0.374411, 114.174, 202.907, 1.14213, 2.34258, 1.49054, 85.8603, 19.6264, 89.6961, 13.8034, 123.613, 45.1529, 5.53662, 
n_nonzero: 93

