n_tets: 189
relErr: 0.0572225
Selected tets: 29127, 663, 19334, 2539, 17312, 25934, 6233, 15770, 23150, 23393, 21534, 19440, 9499, 12040, 9900, 8286, 14089, 5132, 29637, 16013, 9885, 6439, 27103, 1556, 11950, 19167, 26536, 17860, 2187, 12207, 13680, 29504, 14520, 12427, 5898, 3575, 24294, 4103, 1539, 9627, 13058, 17874, 21181, 14917, 6858, 15734, 15047, 8963, 4109, 22990, 12018, 8391, 13923, 11980, 10161, 1221, 6571, 21511, 6642, 14605, 2433, 18051, 2317, 4136, 21177, 25650, 4112, 25027, 11085, 22722, 20054, 13407, 2550, 16056, 10844, 28817, 29263, 7874, 1018, 2180, 12314, 14017, 18907, 21392, 17871, 17261, 25538, 21565, 5190, 4090, 4481, 29527, 22754, 17269, 1706, 19507, 22767, 21277, 15624, 25566, 7008, 29291, 17148, 17430, 18483, 27326, 14990, 4016, 15940, 3545, 2076, 4190, 18033, 25532, 6015, 11870, 24073, 24085, 1254, 22699, 1526, 7056, 7645, 6097, 16119, 23911, 26767, 17557, 16192, 9977, 12420, 18260, 7946, 8506, 24926, 3821, 5279, 8747, 41, 15698, 4142, 8457, 27723, 15301, 9608, 26671, 3017, 27817, 8222, 23082, 14012, 3996, 5385, 19028, 696, 23333, 25540, 24171, 8964, 27296, 25332, 1649, 10866, 22717, 5468, 20371, 18345, 1666, 2991, 14127, 16088, 19715, 7124, 803, 4560, 4274, 13761, 32, 27801, 15930, 21093, 5877, 17772, 19162, 8010, 1016, 14641, 9168, 24107, 
Weights: 319.608, 421.064, 0, 271.427, 0, 0, 799.566, 0, 0, 0, 1784.67, 0, 407.27, 0, 0, 1842.83, 191.87, 0, 32.2469, 0, 3981.39, 148.167, 0, 730.778, 0, 0, 0, 435.978, 0, 389.704, 0, 383.013, 0, 0, 123.34, 329.388, 0, 0, 0, 308.205, 0, 0, 0, 322.053, 82.9526, 723.059, 0, 1.20833, 0, 0, 513.128, 0, 0, 255.112, 0, 0, 0, 386.435, 534.451, 135.795, 0, 0, 1252.41, 866.739, 0, 0, 0, 0, 72.9203, 0, 0, 0, 0, 0, 170.665, 0, 0, 11.8548, 61.1908, 0, 170.463, 196.655, 1136.38, 1487.24, 0.988286, 643.624, 0, 19.1855, 0, 0, 0, 47.4899, 0, 567.409, 0, 237.847, 0, 0, 208.678, 0, 97.9384, 0, 0, 41.0215, 417.279, 1388.51, 20.4721, 0, 0, 384.006, 350.095, 0, 0, 0, 0, 0, 0, 0, 0, 758.845, 0, 936.1, 0, 0, 125.644, 0, 642.126, 18.033, 0, 0, 0, 276.717, 95.278, 778.375, 0, 160.24, 74.8026, 0, 47.5643, 0, 0, 0, 0, 0, 0, 0, 428.325, 1006.29, 0, 0, 0, 0, 0, 0, 0.997442, 0, 187.443, 0, 1.00025, 183.531, 0, 753.498, 272.256, 0, 0, 0, 254.251, 0, 657.82, 0, 0.200774, 0, 1012.24, 7682.64, 858.486, 0, 0, 0, 0, 322.031, 0, 240.684, 1242.29, 0.949285, 0, 0, 0, 0, 0, 
n_nonzero: 80

Running time so far: 108.012s

