n_tets: 117
relErr: 0.0642564
Selected tets: 19769, 26370, 25715, 13923, 23203, 22574, 27025, 9146, 28769, 8502, 10745, 18639, 29465, 21592, 5495, 3716, 21991, 3083, 27733, 23928, 27103, 20392, 19595, 9764, 18971, 27882, 12327, 19555, 5285, 18949, 4172, 29299, 13223, 12721, 6078, 28816, 1404, 7754, 12744, 9846, 27990, 17874, 19028, 20877, 10754, 1537, 27514, 15823, 14157, 4354, 2824, 27159, 29186, 9490, 11045, 23341, 5609, 15235, 8071, 20229, 22980, 8572, 21788, 12363, 2402, 10973, 27416, 2289, 22727, 22722, 24552, 18922, 4087, 17761, 18891, 14988, 18731, 20598, 17718, 1415, 6437, 815, 7470, 5543, 12533, 20058, 17875, 13200, 8254, 4561, 12186, 7344, 22465, 27460, 23148, 6472, 22767, 18168, 26850, 4090, 23238, 23021, 17148, 3607, 26409, 12910, 11066, 15696, 3086, 5783, 37, 15624, 11602, 6015, 18991, 13408, 7454, 
Weights: 1309.53, 925.388, 1783.85, 0, 129.172, 258.678, 0, 468.12, 905.619, 336.717, 106.02, 228.739, 0, 0, 298.465, 0, 115.989, 21.988, 247.006, 178.937, 15.8818, 0, 155.293, 196.665, 446.999, 0, 240.782, 98.0734, 465.645, 109.635, 389.12, 22.6885, 705.986, 0, 402.748, 0, 320.908, 821.535, 0, 0, 1626.93, 0, 0, 436.436, 3231.08, 30.6185, 939.495, 0, 54.5289, 138.171, 369.341, 830.475, 426.898, 541.343, 712.531, 47.4905, 0, 54.5415, 73.999, 115.966, 16.9148, 0, 304.105, 55.8334, 1.40945, 55.2826, 0, 80.9968, 222.897, 0, 31.9605, 1397.24, 0.970262, 3.49369, 0, 0, 151.392, 66.748, 0, 426.426, 0, 312.979, 287.902, 0, 0, 64.964, 0.843164, 0, 0, 357.525, 494.794, 88.6709, 1002.92, 478.545, 111.852, 291.041, 2414.83, 0, 0, 0.954636, 193.395, 0, 133.467, 424.352, 0, 621.086, 56.7806, 410.227, 114.51, 516.272, 221.184, 0, 0, 76.52, 207.353, 0, 48.3548, 
n_nonzero: 84

Running time so far: 51.1808s

