n_tets: 15
relErr: 0.343825
Selected tets: 99, 89, 141, 93, 171, 185, 186, 65, 77, 57, 53, 2, 172, 119, 137, 
Weights: 55.351, 1.04354, 56.9147, 1.00972, 106.7, 0.967024, 0.851156, 28.8252, 1.04624, 1.42923, 147.546, 7.20339, 21.554, 0.366031, 0.978952, 
n_nonzero: 15

