n_tets: 10
relErr: 0.412021
Selected tets: 32562, 2811, 43286, 18384, 24071, 43879, 16774, 30220, 11939, 42759, 
Weights: 5136.73, 7997.95, 133.409, 1645.85, 5393.74, 1.31081, 4.44586, 4093.81, 1403.23, 0, 
n_nonzero: 9

Running time so far: 14.0865s

