n_tets: 242
relErr: 0.338685
Selected tets: 32562, 42675, 7400, 38757, 28732, 43879, 34020, 14663, 14859, 42759, 22443, 10634, 5978, 37804, 28795, 28803, 32402, 41971, 29320, 20127, 20195, 11336, 44942, 27216, 22250, 1961, 39019, 20950, 16309, 24941, 28091, 39255, 43258, 1820, 33980, 29553, 38698, 38867, 4042, 8391, 31826, 7766, 16138, 3845, 43883, 2979, 24124, 29217, 10435, 21177, 4725, 20125, 17790, 22361, 19515, 36163, 28351, 29877, 21975, 13782, 29410, 18013, 10363, 4301, 8559, 33077, 16720, 37321, 12683, 5310, 10419, 1617, 8545, 39181, 19418, 34555, 18584, 44231, 1634, 2543, 15819, 38626, 28706, 19861, 19504, 38079, 24500, 34060, 33978, 25061, 12813, 42805, 38847, 24400, 43881, 44735, 15828, 26515, 9529, 38938, 38101, 6030, 4723, 31818, 31854, 44288, 21500, 41986, 6077, 13145, 35241, 13885, 43848, 22347, 16513, 13068, 13783, 9176, 13091, 24881, 39288, 16805, 14512, 15569, 4205, 11311, 37438, 6488, 4814, 18026, 14017, 3963, 41982, 18898, 34055, 39884, 41978, 33025, 12113, 1783, 27313, 6489, 6721, 9870, 34337, 28612, 8199, 17061, 8928, 23481, 18852, 39187, 1686, 12138, 18358, 8544, 43702, 38068, 3687, 2802, 29330, 30897, 1953, 23484, 31074, 22114, 29197, 39020, 59, 44638, 16518, 25334, 34016, 28904, 18588, 12085, 1320, 31828, 22894, 23634, 44291, 19841, 39167, 32548, 35144, 43894, 35158, 12876, 34184, 42425, 11176, 29906, 1339, 29905, 765, 18854, 903, 28587, 982, 8810, 12923, 15917, 20428, 39001, 6803, 15327, 2153, 27254, 43889, 27771, 3093, 32514, 39175, 9855, 26654, 9537, 42459, 29209, 13607, 44003, 38821, 1113, 22291, 28353, 12185, 39021, 42084, 28364, 34341, 21433, 1616, 16308, 9572, 11688, 21493, 4317, 1914, 43575, 1615, 37713, 39900, 38747, 
Weights: 1415.25, 4596.86, 0, 0.875774, 2050.83, 18.6839, 84.6466, 1.00029, 2.41582, 0, 61.034, 1288.05, 509.474, 1.1488, 0.383678, 0, 0, 22.266, 0, 0, 0, 0.481381, 0, 135.54, 643.052, 1.57465, 0, 422.184, 0, 0, 876.68, 0, 0, 1.07483, 2.43834, 317.276, 0.922143, 0.390252, 518.094, 1.10566, 202.317, 0, 0, 2025.27, 0.793299, 7.58796, 0, 0.879068, 9.30104, 0, 32.149, 1.00738, 5.419, 0, 14.9077, 6.96382, 88.9122, 0, 27.994, 0, 0, 746.119, 810.946, 0, 359.465, 0.926033, 0.958701, 3795.83, 0.679967, 8.09844, 0, 22.7024, 3.28426, 0, 714.36, 0, 0, 43.2351, 252.969, 0, 221.009, 4.12368, 324.658, 285.793, 819.301, 3685.62, 711.682, 108.193, 132.081, 24.8504, 1.67575, 0, 1.30122, 0, 1.06194, 0, 598.812, 1.14185, 0.942432, 0.949371, 3.71989, 0, 0.388077, 39.5822, 130.963, 3.74177, 377.542, 0, 0, 1.92424, 1.00642, 3945.56, 683.367, 0.99654, 118.806, 258.351, 4.21848, 639.617, 0, 0, 0, 88.608, 1063.27, 1134.85, 1187.16, 4.53191, 0, 365.623, 2.05129, 19.0799, 0, 1.12296, 33.1544, 0, 3.20309, 360.868, 1.35296, 212.948, 1.04397, 14.4275, 4.0377, 0.425025, 113.564, 2.33077, 33.0247, 24.2521, 632.102, 0, 170.346, 16.7227, 1.05497, 0.951694, 0, 108.236, 2.09238, 1.01783, 0, 0, 0, 4.56045, 0, 50.0388, 14.8538, 2.86983, 1118.9, 0.856554, 300.561, 0, 48.0904, 1.56072, 20.0822, 3.1093, 0, 0, 10.3625, 0, 1.05713, 3.57922, 0.643109, 0, 11.6011, 1.06914, 0.963466, 1.13788, 48.3202, 0.998548, 0, 29.7957, 0, 205.21, 10.9601, 0, 0.374364, 1.02337, 0, 0.971904, 0, 1.52102, 0.825799, 0, 1.01219, 749.322, 761.1, 0, 5.58367, 2.39272, 4.24251, 7.2298, 0, 1.01073, 225.357, 504.369, 0, 1191.39, 0, 0, 286.714, 1.23483, 0, 88.972, 0.914981, 279.833, 0.830158, 250.848, 17.7086, 7.41342, 83.8299, 34.3855, 0, 1416.04, 0, 1.00231, 0, 0, 1341.85, 873.485, 0, 0, 0, 0, 0.38864, 427.281, 
n_nonzero: 172

Running time so far: 156.694s

