n_tets: 81
relErr: 0.141031
Selected tets: 995, 6736, 3302, 3987, 3394, 5919, 5053, 3766, 4748, 2193, 2122, 6506, 5764, 1865, 4146, 1481, 7325, 7320, 3959, 6094, 983, 4455, 1823, 6731, 3811, 2352, 488, 6772, 7227, 66, 6257, 6007, 3897, 2837, 6381, 2097, 2003, 2113, 6822, 854, 5717, 2379, 5482, 929, 4260, 5442, 5647, 3953, 7480, 3285, 2645, 3423, 7447, 205, 7291, 3554, 1134, 5283, 2773, 7449, 4780, 2781, 2964, 1828, 1942, 5356, 7446, 2662, 7378, 1587, 757, 3561, 5450, 489, 7483, 2988, 2756, 1944, 1782, 3087, 838, 
Weights: 822.19, 332.412, 67.8335, 163.92, 105.001, 367.85, 45.2311, 0, 374.654, 80.2663, 73.9646, 742.352, 75.9844, 135.545, 47.3897, 62.1789, 1.04115, 0.943171, 84.1223, 107.362, 78.5519, 0.676139, 46.1407, 503.657, 106.609, 1.00804, 1.05152, 304.272, 16.3257, 167.789, 35.4541, 134.152, 18.1301, 1.98531, 314.488, 1.00254, 1.04768, 0, 25.3221, 172.899, 1.00655, 1.37994, 0.376363, 1.0064, 243.09, 0.986588, 0.95539, 0.932291, 0.799436, 0.99161, 218.872, 237.726, 0.954896, 0.960315, 75.4901, 5.55901, 517.09, 1.02374, 31.2416, 0.404307, 300.983, 0.994514, 98.5473, 73.4297, 2.61428, 11.9819, 0.0471524, 1.00415, 133.823, 99.0637, 11.437, 1.19551, 1.19217, 204.943, 10.0236, 0.90881, 103.877, 2.06447, 0.959515, 2978.8, 1.4636, 
n_nonzero: 79

