n_tets: 264
relErr: 0.133584
Selected tets: 11653, 17340, 29124, 23576, 14512, 19181, 26439, 14755, 7643, 20581, 27376, 9208, 22436, 17370, 29530, 12686, 9765, 5093, 27829, 5223, 10587, 2282, 28753, 4945, 11956, 10685, 27251, 12253, 14924, 23185, 4460, 21799, 19166, 25112, 6928, 19480, 3092, 14022, 13107, 26027, 22837, 24849, 10400, 3918, 14873, 8521, 25376, 16928, 21411, 12601, 15774, 17871, 16874, 12159, 211, 14017, 13163, 9065, 1531, 2956, 17173, 3391, 5773, 4144, 21586, 2015, 4242, 10516, 3130, 9781, 17745, 21040, 4087, 6192, 18687, 12445, 18806, 18181, 18118, 29685, 25223, 29272, 14235, 13331, 14252, 7433, 4876, 27465, 26924, 24111, 15127, 12545, 1301, 12638, 17226, 27963, 13006, 8509, 4076, 4090, 17307, 29291, 13065, 25831, 13257, 13249, 11066, 17692, 8294, 22721, 58, 16989, 21930, 4862, 19164, 12648, 19562, 21931, 13189, 17545, 21566, 26415, 4158, 3086, 11038, 3042, 25613, 20749, 6798, 3708, 13372, 7471, 1543, 28971, 27681, 20835, 17875, 24336, 41, 6697, 6692, 13255, 24075, 4099, 2562, 1210, 2438, 4138, 5887, 20612, 28775, 29564, 9209, 19028, 18599, 26770, 14870, 2871, 8964, 23758, 2988, 15131, 18547, 25219, 3468, 12293, 2092, 9272, 13333, 7319, 3212, 7494, 24074, 25468, 22122, 4379, 247, 6064, 4978, 10886, 1939, 13594, 21540, 14869, 3129, 14108, 8963, 12795, 29093, 5006, 19188, 10087, 8534, 2248, 27931, 2446, 25795, 18900, 8653, 14943, 2812, 2217, 29296, 28782, 9559, 21178, 14879, 23894, 5282, 2822, 25722, 12930, 20491, 21116, 12983, 19992, 13827, 21708, 28958, 22121, 6263, 19404, 22329, 6814, 8573, 20234, 23818, 19328, 18177, 5968, 6880, 12045, 8298, 26308, 5523, 3844, 14012, 17228, 22549, 5417, 1089, 13268, 20166, 9028, 14082, 17803, 23957, 9103, 12580, 11286, 4089, 17783, 10398, 9770, 8898, 26851, 12458, 3704, 12429, 23889, 21585, 15058, 22223, 4268, 
Weights: 0, 333.508, 90.543, 0, 0, 1013.38, 0, 0, 0, 3.83138, 0, 1.06982, 0, 300.449, 0, 128.259, 247.216, 0, 1.94766, 0, 0, 0, 0, 1.55385, 0.246531, 0, 1.0003, 0, 0, 0, 0, 0.95573, 0.968449, 33.1819, 0, 0, 0, 0, 0, 0, 275.079, 0, 0.980503, 476.126, 658.372, 0.541761, 0, 0, 63.2483, 8.01983, 0, 0, 0, 0, 1.05354, 976.766, 0, 0, 658.406, 1119.57, 0, 0, 0, 0, 0.866191, 2664.46, 0.760491, 49.9658, 736.933, 0, 0, 0.585339, 0.956597, 683.925, 531.173, 0, 0, 1.216, 1.42048, 0, 68.0036, 2.24295, 0, 1.12551, 4.24802, 0, 0, 4.006, 0, 31.2671, 44.1104, 0, 84.973, 0, 171.627, 0, 1.94877, 99.3537, 316.286, 0.963975, 0, 0.325903, 0.991159, 3427.68, 0, 566.36, 0, 0, 0.993406, 0.500667, 0, 0, 0, 1975.05, 1.24453, 87.5545, 8.76786, 0, 0, 0, 48.4398, 0, 0, 0, 0, 0.769496, 0, 679.54, 0, 0, 2108.13, 5.69671, 0.863257, 357.658, 843.233, 0, 1.00543, 0, 172.583, 0, 2.15825, 0, 0, 0.88556, 0.674847, 0, 12.6258, 0, 0, 269.507, 18.3688, 1.04947, 1.02593, 1.30587, 0, 0, 0.90862, 419.762, 8.94742, 0, 1.24178, 750.292, 0, 1.26085, 0, 0, 0, 0, 0.930589, 0, 0, 226.481, 237.185, 338.343, 0, 542.68, 0, 1.32341, 0, 0, 0.995529, 0, 0, 0.910095, 82.4762, 0, 0.277926, 1.00858, 3748.81, 19.3413, 1005.3, 0, 4.68024, 0.223146, 0, 0, 42.8543, 1.50443, 39.2744, 0.984285, 11.4447, 0, 0, 1.42567, 1.00875, 1.03077, 182.782, 0.638202, 0, 0, 7.34132, 0, 43.9587, 0, 4.98547, 0, 2159.78, 659.471, 0, 113, 1.09825, 0, 981.111, 741.527, 0, 0, 0, 0, 3.46331, 46.9448, 0, 1.88787, 34.244, 0, 0.876587, 258.492, 0, 0, 0, 0, 0.999906, 883.684, 81.694, 0, 0, 119.673, 0.483297, 0, 0, 538.005, 0.973857, 0, 0.891959, 7.79786, 0, 0, 0, 199.019, 0.949573, 30.7192, 1.00298, 0, 11.8257, 0, 
n_nonzero: 140

Running time so far: 445.401s

