n_tets: 39
relErr: 0.377498
Selected tets: 995, 6736, 3302, 3987, 3394, 5919, 5053, 3766, 4748, 2193, 2122, 6506, 5764, 1865, 4146, 1481, 7325, 7320, 3959, 6094, 983, 4455, 1823, 6731, 3811, 2352, 488, 6772, 7227, 66, 6257, 6007, 3897, 2837, 6381, 2097, 2003, 2113, 6822, 
Weights: 957.896, 314.277, 321.667, 120.028, 101.016, 475.459, 85.1893, 1030.86, 455.609, 277.424, 102.258, 710.127, 97.7932, 246.143, 89.3467, 231.34, 0.534762, 0.910548, 162.204, 137.499, 180.221, 0.569171, 150.566, 586.426, 122.514, 1.01292, 1.01349, 360.776, 14.1534, 578.759, 59.9758, 98.26, 22.7721, 2.23942, 237.703, 1.13598, 0.991115, 122.148, 24.356, 
n_nonzero: 39

