n_tets: 144
relErr: 0.500882
Selected tets: 20227, 7158, 12249, 20491, 1852, 17144, 17447, 27511, 21389, 4497, 5016, 8905, 19850, 28665, 25016, 26706, 23953, 5251, 18745, 11531, 24173, 26417, 6142, 15927, 14609, 7866, 13926, 29492, 18163, 6160, 25344, 7382, 22708, 4992, 22649, 23867, 931, 21067, 15576, 19480, 9281, 22115, 1551, 23380, 14130, 16661, 21751, 23344, 15032, 28481, 14116, 27972, 24937, 14485, 3243, 28400, 1541, 9894, 4607, 8128, 15775, 27599, 6668, 24843, 21177, 22391, 18806, 3022, 24507, 28584, 5782, 24435, 4087, 28879, 25060, 8774, 18298, 7444, 4077, 21795, 10679, 29272, 5212, 8733, 24642, 20617, 4764, 25968, 20644, 21253, 7244, 22787, 21881, 24331, 27140, 2490, 2822, 23513, 18946, 12777, 28409, 1284, 26074, 26177, 13257, 9234, 13404, 22740, 10666, 3999, 27190, 7141, 12835, 19481, 10680, 9785, 28558, 24384, 18220, 3034, 15436, 7163, 23183, 16494, 27244, 5839, 5797, 20615, 17057, 14991, 12264, 24287, 1098, 5813, 28505, 28377, 17875, 8876, 41, 9347, 15624, 5103, 10318, 8460, 
Weights: 1832.91, 0.443286, 880.187, 796.641, 3531.5, 817.732, 5132.01, 0.548569, 224.383, 924.947, 0.62041, 7.32282, 0.768399, 0.417617, 0, 764.119, 1017.91, 12.2531, 94.0881, 520.218, 1.36902, 21.2062, 141.027, 367.785, 7189.81, 95.4391, 3.357, 2.9793, 15.926, 1066.28, 1.00285, 546.812, 0.456843, 239.804, 0, 0.938871, 2925.56, 0.798162, 0.953998, 353.495, 3.14748, 46.2617, 7.31762, 607.514, 207.498, 4.14064, 221.954, 1.23184, 360.435, 0, 0.219671, 0.983118, 11.5829, 1.46416, 0.824881, 3.74844, 1.08864, 1.42833, 429.779, 0, 0.93055, 784.166, 1557.14, 277.283, 1.0075, 6.86494, 4.90845, 33.1282, 926.821, 52.7789, 0, 1051.01, 1.01033, 96.0079, 1000.43, 0.161549, 1.49416, 555.349, 0.454921, 3.40648, 0.855332, 185.822, 4.15996, 292.919, 38.9259, 0.40502, 0.975846, 0.996084, 784.496, 4.80687, 0, 0.949864, 0.941674, 0.863996, 1.53511, 26.1332, 0.960431, 1.14876, 0.9061, 0.184496, 0.749164, 67.3734, 671.504, 6.35841, 0.805569, 1.57359, 0.989621, 324.526, 0, 0.974887, 1.28836, 0.932347, 0, 40.2328, 0.684705, 25.3709, 323.841, 0.355671, 1330.58, 0.945099, 0.981521, 1.18545, 88.6834, 5.19763, 0.850932, 1.84515, 270.898, 0.970247, 0.911031, 56.564, 3.26315, 2.89441, 0.762897, 1.30435, 41.1817, 0.59026, 1.43942, 0.732432, 1.0159, 580.951, 0, 192.626, 350.01, 15.8332, 
n_nonzero: 135

Running time so far: 112.333s

