n_tets: 180
relErr: 0.146849
Selected tets: 995, 6736, 3302, 3987, 5864, 4070, 3730, 3440, 7494, 2193, 2122, 2261, 5764, 5142, 6166, 3572, 3695, 7454, 5135, 7320, 5016, 4455, 1016, 3762, 5387, 2352, 4049, 1000, 3179, 1735, 5789, 5372, 4724, 685, 5526, 1828, 6339, 5976, 264, 645, 5895, 5482, 3808, 1141, 1909, 5442, 7480, 3953, 2668, 5647, 5939, 2837, 270, 3811, 4160, 2849, 2642, 5738, 4590, 4390, 205, 2781, 2258, 4000, 6711, 5356, 886, 2662, 3672, 3262, 6141, 3341, 3561, 284, 7483, 4651, 3990, 7445, 1782, 6646, 838, 1751, 1411, 198, 7048, 3775, 7465, 7325, 2920, 3201, 237, 5204, 7393, 2830, 2415, 250, 5652, 5492, 2594, 3367, 86, 1017, 4883, 296, 2003, 3876, 7443, 5153, 1906, 648, 400, 4483, 3285, 212, 6643, 842, 4009, 3391, 3863, 56, 4416, 145, 4663, 1780, 667, 2338, 2700, 3688, 4167, 4196, 4838, 2255, 1682, 1896, 2176, 929, 2528, 5632, 4648, 1339, 5876, 69, 2367, 463, 2591, 7486, 6474, 6461, 1369, 6531, 3897, 91, 4687, 1501, 362, 5771, 2093, 2333, 3955, 372, 606, 1223, 3804, 1701, 443, 7227, 717, 7485, 7119, 2406, 2063, 3504, 5981, 3535, 4841, 2097, 4050, 2213, 5283, 3257, 
Weights: 438.262, 30.6321, 72.3713, 73.4221, 63.6237, 132.797, 239.836, 69.5189, 93.9229, 93.9185, 6.7048, 0, 47.8894, 371.134, 0, 322.126, 86.6509, 55.938, 0, 0.938169, 0.347545, 0.593018, 283.085, 0, 10.7257, 1.00815, 1.01683, 39.541, 98.7654, 54.7567, 152.069, 47.0526, 0, 125.335, 6.13245, 19.6006, 0, 234.218, 50.2084, 104.449, 33.8864, 1.207, 0, 104.119, 84.7778, 0.952844, 0, 0.618896, 1.04792, 0.937031, 165.426, 2.72483, 33.5644, 45.3632, 43.2713, 11.124, 31.7775, 2.6022, 1341.85, 9.42469, 0.992963, 0.99864, 215.186, 493.583, 0, 15.5743, 75.0352, 1.00428, 0, 65.1613, 8.70668, 19.7264, 20.1487, 5.88724, 13.2775, 0.286019, 0, 0.0884286, 1.04532, 0, 1.5039, 0, 150.717, 0.416974, 1.94028, 143.163, 0, 0.544116, 100.838, 3.32914, 7.73396, 38.0913, 23.2751, 10.2869, 41.2116, 48.5106, 0.695106, 0.980918, 77.6403, 0, 412.455, 0, 65.8495, 37.2027, 1.06086, 0.934252, 0, 391.524, 0.691471, 3.831, 26.0626, 0.659156, 0.930099, 3.04327, 1.03282, 86.3596, 0, 0, 145.096, 0.93381, 8.39112, 29.0254, 0.944456, 0, 3.75795, 0, 0, 3031.65, 127.299, 130.408, 1.62625, 56.716, 0, 0, 8.31997, 0.962347, 23.6593, 72.3247, 212.762, 84.8874, 0, 0, 35.3797, 23.6131, 89.2868, 13.8141, 195.347, 23.4535, 109.372, 13.0612, 5.11576, 163.246, 1.88544, 39.5005, 89.9834, 16.9728, 13.2013, 61.0599, 2.76726, 53.2722, 0, 116.061, 0.226028, 0, 0, 10.292, 0, 0.0281605, 92.2909, 27.6281, 66.611, 0, 0, 0, 41.7573, 0.991239, 14.8139, 12.6912, 1.0265, 30.1679, 
n_nonzero: 147

