n_tets: 174
relErr: 0.117062
Selected tets: 51214, 33828, 1062, 17144, 34560, 57384, 71719, 24860, 79148, 18752, 26715, 54341, 55661, 18058, 79674, 58394, 47832, 65101, 75225, 78581, 38437, 11094, 31923, 65333, 25095, 40130, 52248, 14997, 55192, 55830, 47691, 20698, 60654, 45641, 58865, 6073, 6794, 65212, 50539, 8071, 42782, 6772, 53911, 40232, 61256, 1986, 27703, 1391, 9638, 22689, 60071, 57016, 31921, 26997, 30552, 60817, 40724, 7835, 41435, 40134, 5965, 55309, 16488, 75871, 33069, 59263, 79183, 47310, 65841, 43200, 16312, 77670, 5000, 2555, 33050, 19673, 43048, 4752, 10977, 41150, 66780, 34082, 28668, 46052, 29236, 79852, 6774, 24248, 65126, 40068, 76084, 42294, 2944, 71310, 78538, 42987, 13502, 57367, 12636, 22885, 63886, 51750, 7408, 24715, 9201, 40067, 6952, 57142, 72161, 24144, 23826, 23226, 78348, 22622, 14833, 10844, 60673, 43375, 34139, 76724, 24717, 1011, 67542, 41049, 21716, 45048, 37708, 41971, 52232, 58986, 53965, 12835, 58336, 27793, 52135, 46205, 18808, 67950, 56316, 13144, 65460, 9646, 47594, 56816, 74539, 72082, 16642, 14282, 55233, 36760, 52573, 41382, 40729, 24357, 15103, 15730, 71267, 35673, 44188, 78794, 19718, 57743, 79423, 71029, 7897, 57867, 78666, 14627, 3045, 4642, 50245, 45064, 52079, 9132, 
Weights: 1721.03, 0, 0, 0, 670.499, 0, 0, 0, 0, 395.252, 720.341, 0, 0, 0, 0, 0, 0, 5046.45, 0, 0, 0, 0, 1.36326, 1924.13, 107.045, 0, 0, 0, 0, 5554.35, 341.79, 0, 0, 0, 1220.73, 0, 7416.33, 2.08547, 0, 0, 0, 98.1889, 0, 0, 0, 0, 0, 0, 0, 0, 0, 0, 0, 0, 50.2232, 674.092, 0, 0, 0, 0, 0, 62.8785, 0, 0, 0, 0, 0, 0, 1179.93, 0, 0, 65.939, 1839.02, 0, 0, 0, 613.181, 0, 3543.87, 0, 0, 0, 0, 0, 0, 0, 1753.39, 0, 0, 0.448824, 0.933031, 0, 0, 0, 0, 3292.34, 4113.98, 63.5759, 0, 0, 0, 29.9688, 11.3689, 0, 0, 21.1397, 0, 0, 0, 0, 0, 0, 824.051, 6807.2, 574.12, 0, 0, 0, 0, 0, 0, 0, 0, 0, 4127.71, 0, 1.13953, 0, 0, 0, 0, 0, 1864.38, 0, 0, 0, 0, 0, 2522.35, 0, 0, 0, 0, 97.883, 1849.85, 0, 0, 0, 0, 0, 35.5334, 0, 0, 0, 0, 542.994, 3047.74, 0, 0, 0, 0, 0, 5846.16, 963.962, 0, 0, 0, 0, 63.9103, 648.591, 0, 844.964, 6681.8, 0, 
n_nonzero: 49

Running time so far: 117.312s

