n_tets: 50
relErr: 0.0196243
Selected tets: 99, 14, 119, 89, 11, 196, 93, 77, 199, 197, 63, 175, 194, 135, 185, 124, 140, 22, 202, 138, 18, 48, 20, 198, 64, 131, 189, 137, 45, 186, 150, 57, 184, 87, 34, 145, 81, 110, 200, 195, 40, 30, 101, 178, 111, 84, 82, 187, 97, 120, 
Weights: 19.4838, 0.790729, 1.00993, 1.00127, 7.49224, 0, 1.00126, 0.990869, 0.995167, 0.966231, 1.05507, 0, 0.988689, 13.9256, 0.985825, 13.3785, 0.999027, 0.950908, 2.58272, 1.03604, 2.35272, 18.1255, 0.874019, 0.987481, 0, 12.7272, 3.21931, 1.01575, 5.7137, 1.00579, 21.9496, 1.05413, 1.00298, 2.7648, 3.05667, 27.247, 6.74258, 17.2697, 0.783197, 6.63843, 4.49504, 6.59882, 6.47337, 55.0741, 1.17905, 1.11144, 3.58492, 2.17647, 5.18431, 3.92435, 
n_nonzero: 47

