n_tets: 40
relErr: 0.359911
Selected tets: 32562, 2811, 43286, 18384, 24071, 43879, 16774, 30220, 11939, 42759, 7052, 32003, 35144, 42003, 33866, 29492, 8491, 24035, 42965, 39954, 22963, 4138, 31870, 3748, 12100, 37253, 43894, 39169, 3981, 8750, 28805, 7987, 34335, 1820, 3010, 14249, 41973, 33171, 1548, 5577, 
Weights: 4381.92, 7386.09, 65.0827, 852.987, 1957.62, 1.2094, 4.21901, 3262.57, 2068.18, 0, 1717.56, 761.114, 797.886, 1.03618, 1.8944, 0, 0, 565.739, 2183.76, 1.40222, 216.068, 0, 931.606, 3142.41, 0.404902, 0, 1.35769, 0.736231, 3989.73, 0, 0.806275, 0, 20.844, 0.961991, 100.833, 0, 1.91793, 15.6375, 306.465, 535.897, 
n_nonzero: 32

Running time so far: 28.2905s

