n_tets: 36
relErr: 0.175293
Selected tets: 10555, 21616, 12946, 21677, 4748, 6996, 23325, 27965, 4263, 12045, 17320, 25683, 19465, 9519, 19914, 12330, 23888, 5093, 21360, 28276, 21477, 726, 19503, 27247, 19660, 8811, 19456, 1518, 11035, 8328, 15796, 13232, 19166, 13409, 6928, 11618, 
Weights: 6364.96, 2152.13, 1135.58, 3744.17, 844.968, 550.473, 1310.73, 617.301, 1.6698, 12.9067, 0, 1052.56, 1.01951, 1305.43, 3.69758, 1209.56, 464.478, 281.658, 0.9863, 9520.54, 2.03985, 0, 437.373, 1.44386, 35.9145, 3466.06, 1761.6, 0.87911, 7.23893, 593.765, 1407.02, 6.2104, 0.508538, 180.489, 9.94834, 342.749, 
n_nonzero: 34

Running time so far: 46.2239s

