n_tets: 297
relErr: 0.328739
Selected tets: 21500, 27848, 13245, 1062, 23629, 22890, 26439, 10395, 1762, 13239, 2064, 7179, 9472, 27723, 24981, 25538, 15997, 17901, 5546, 26161, 18850, 4761, 5565, 27606, 22601, 20170, 12812, 17721, 2763, 14933, 20973, 11971, 24234, 3854, 16524, 4933, 15470, 7354, 20470, 23593, 2716, 26312, 15489, 22202, 6495, 19403, 4175, 26183, 25581, 28594, 14670, 7776, 16251, 26302, 4498, 13334, 10833, 23642, 26751, 15401, 6651, 28287, 27213, 10437, 19522, 5873, 5967, 9001, 797, 5789, 26177, 1249, 10457, 25105, 1041, 8851, 16236, 21990, 4960, 14700, 6339, 7218, 5056, 17417, 22733, 16473, 5270, 8120, 15142, 25168, 14245, 22838, 19706, 2303, 5541, 1787, 9988, 25121, 27307, 22758, 27118, 5367, 28123, 24230, 19701, 5322, 6105, 22447, 788, 24371, 514, 5611, 12546, 18677, 22399, 17584, 15196, 5272, 26570, 6448, 7782, 6001, 9622, 19954, 24762, 16167, 24682, 4553, 6030, 2808, 6023, 1436, 6382, 28429, 28325, 17138, 24418, 21635, 3390, 10128, 4570, 15492, 18878, 1948, 13220, 3996, 7089, 20070, 4447, 18428, 24740, 635, 10056, 6121, 27609, 11030, 4054, 21875, 13512, 21400, 17943, 14408, 10462, 21780, 12015, 24751, 19324, 26859, 5433, 2058, 6842, 27812, 13430, 18084, 17718, 24435, 25791, 13164, 12836, 552, 6238, 26529, 6044, 14932, 5807, 24877, 23379, 19225, 4161, 8462, 3903, 14349, 13085, 9124, 20388, 21901, 22900, 4026, 27388, 21325, 27618, 24564, 22851, 9644, 12504, 4963, 27417, 23809, 576, 13063, 8730, 20764, 10960, 9504, 5740, 13584, 12798, 7326, 22715, 14189, 15260, 20071, 10779, 26065, 13769, 7378, 24282, 18023, 25533, 17025, 23489, 5202, 5800, 8833, 22714, 9797, 16316, 19240, 12693, 12580, 23363, 19999, 21467, 22872, 16032, 13322, 1737, 24489, 4949, 23685, 3359, 16353, 25547, 19752, 26496, 9828, 19486, 19058, 5885, 643, 8549, 2994, 11474, 15130, 13648, 8694, 21072, 7605, 27762, 27788, 19704, 20451, 12117, 20361, 11324, 13590, 25468, 5822, 24479, 787, 13510, 17223, 7896, 5659, 26375, 16315, 18059, 9744, 25267, 10635, 22167, 24952, 2543, 21468, 27595, 22455, 14312, 
Weights: 81.6391, 0, 0, 0, 0, 325.874, 344.467, 1.46594, 874.92, 0, 4.28156, 485.579, 0, 0, 14.5498, 206.099, 0, 0, 53.1955, 752.626, 7.57436, 514.064, 138.137, 31.577, 0, 0, 0, 39.4637, 0, 0, 0, 68.1978, 4.37556, 15.8537, 18.4052, 17.9258, 0, 1847.16, 85.008, 0.89172, 0, 1.07634, 0.755334, 0, 1.7194, 310.629, 61.9941, 1.00532, 0, 0, 0, 0, 1.22821, 0, 0, 26.223, 0, 39.1269, 380.181, 0, 0.963756, 1.72879, 0, 0, 0, 184.241, 826.939, 0, 0, 4098.03, 0, 0, 0, 0, 915.438, 0, 0, 5.18448, 0, 0, 15.8185, 0, 1.52014, 0, 1239.42, 39.9862, 67.5506, 14.4234, 31.1677, 0, 0, 9.16143, 0, 0, 0, 47.3005, 1437.26, 266.452, 0, 3.11366, 44.0541, 506.757, 0.30436, 85.4041, 0, 38.7842, 1.24978, 14.8344, 112.522, 0, 113.009, 468.586, 0, 0, 0, 0.968177, 0, 0, 102.521, 0, 0, 13.9507, 0, 0, 16.5463, 0, 1929.59, 46.4329, 0.624648, 419.957, 0, 0, 7.07526, 141.663, 72.1217, 0, 0, 65.3011, 2.89826, 0, 0, 1.05711, 159.948, 0, 7.89827, 9.29224, 0.73782, 66.3234, 11858.4, 0, 2554.26, 647.719, 756.933, 0.743302, 13.4842, 0, 0, 0, 0, 0, 3.22425, 104.215, 1.59592, 0, 236.907, 515.072, 1.01884, 0, 476.473, 0, 79.234, 520.265, 0, 24.9582, 0, 2.52883, 1.03218, 0, 0, 0, 2.8069, 0, 0, 0, 7.93697, 0, 0, 1.01487, 1.24426, 0, 0, 14.1543, 344.025, 218.226, 0, 0, 145.604, 0, 0.947172, 0, 381.32, 0, 43716.2, 13.3373, 1893.84, 0, 0, 0, 14.1922, 0.792586, 0, 0, 0, 0, 0, 40.4598, 0, 0, 0, 46.3525, 1.02417, 153.229, 34.6446, 0, 46.6613, 0, 0, 0, 6314.3, 0, 0, 85.8514, 105.395, 1.51551, 409.536, 202.936, 24.9465, 50.9524, 0, 41.9042, 0, 9577.77, 55.6307, 0, 0, 0, 326.977, 693.689, 753.825, 0, 0, 1736.66, 8.9144, 19.6315, 0, 0, 0.698569, 0, 0, 0, 0, 544.364, 0, 0.647289, 649.352, 0, 18.2473, 0, 0, 0, 0, 0, 0, 0, 35.3841, 12.5378, 0, 0, 0, 0, 1545.93, 16483.9, 0, 0, 0, 0, 673.998, 650.935, 3.58445, 2.41753, 29368.2, 4.58757, 0, 0, 0, 0, 1.12712, 
n_nonzero: 154

Running time so far: 110.385s

