n_tets: 264
relErr: 0.000353895
Selected tets: 235796, 269544, 362937, 298539, 381300, 26069, 233619, 388822, 143254, 29257, 129749, 245011, 429667, 245127, 3631, 8706, 280852, 350808, 187116, 150871, 102239, 205157, 23989, 213606, 376047, 363265, 311537, 163244, 206903, 416957, 13780, 160206, 136949, 301704, 377338, 139005, 405237, 161679, 288456, 291655, 315929, 21584, 106379, 134563, 69093, 412289, 126150, 397111, 346140, 248178, 8314, 30348, 401752, 184484, 251881, 160381, 155049, 420840, 229484, 204986, 419364, 397751, 312336, 307422, 371087, 385296, 298875, 300477, 418362, 156640, 115018, 234799, 33298, 113831, 267589, 85015, 57153, 345250, 81311, 263552, 265880, 313697, 278252, 131980, 235486, 143266, 314130, 414915, 91544, 312802, 56878, 285369, 373908, 62244, 420700, 229489, 331355, 114000, 281090, 211588, 282487, 159429, 418158, 29767, 381558, 81782, 373237, 347967, 284712, 346055, 409759, 305174, 290461, 189807, 275538, 83557, 145765, 111736, 198232, 212437, 202476, 29114, 424541, 327840, 412129, 376211, 124147, 207932, 385107, 325987, 71035, 2998, 180537, 319143, 413997, 179503, 159435, 125934, 233886, 161334, 363109, 248706, 76749, 415107, 199841, 97972, 130768, 373705, 186516, 279888, 165392, 286736, 92506, 171396, 3756, 78807, 137958, 46557, 279086, 386678, 158736, 3062, 270318, 216850, 273407, 183334, 59977, 197867, 74923, 272751, 406244, 157438, 188096, 309332, 417772, 340956, 369693, 122702, 264704, 301586, 305619, 222688, 1980, 76596, 398209, 2405, 330896, 414061, 44001, 154630, 99199, 407439, 82121, 79942, 290779, 184405, 178953, 174536, 182299, 205914, 375644, 185366, 201899, 241731, 36122, 383243, 399121, 394021, 212109, 55189, 95326, 25270, 226420, 10447, 177734, 174234, 194418, 110275, 64147, 161781, 402202, 121118, 144331, 297302, 205069, 158778, 112880, 80922, 328017, 131190, 95461, 314690, 49257, 100117, 157646, 248385, 74060, 373585, 331897, 120003, 291721, 112619, 175738, 267260, 415848, 358055, 273859, 421820, 37879, 184767, 10006, 157016, 198327, 360667, 309615, 105741, 267819, 299855, 186824, 191299, 419139, 320316, 71501, 184547, 
Weights: 7563.24, 2096.6, 0, 5299.49, 70.4531, 1316.4, 1087.77, 480.584, 0, 0, 105.395, 0, 0, 113.086, 0, 2.41104, 0, 225.167, 0, 514.963, 608.812, 2288.49, 352.195, 53.6104, 0, 295.569, 52655.3, 303.719, 0, 259.481, 0, 0, 292.429, 2769.85, 1423.78, 462.128, 2961.83, 0, 1265.39, 17479.4, 2168.66, 286.841, 0, 588.375, 102.449, 227.202, 70.3205, 228.798, 0, 22390.8, 712.539, 0, 0, 964.686, 0, 1159, 0, 0, 0, 0, 0, 0, 56.4641, 1043.38, 146.649, 10388, 863.814, 1296.85, 0, 0, 174.992, 1043.18, 0, 4207.86, 0, 0, 0, 0, 2072.68, 0, 57.628, 0, 0, 771.363, 527.741, 0, 714.08, 565.027, 0, 2352.45, 0, 637.478, 792.764, 0, 0, 396.056, 0, 173.226, 159.954, 0, 0, 0, 0, 538.206, 4564.74, 0.865187, 0, 0, 444.129, 342.306, 37548.1, 4757.51, 252.175, 1755.58, 17625.5, 0, 452.701, 176.015, 0, 0, 510.878, 2619.92, 1300.34, 0, 0, 965.988, 0, 406.713, 0, 1570.89, 2854.88, 941.638, 3994.57, 7724.08, 416.787, 0, 0, 0, 0, 23946.4, 0, 0, 0, 130.924, 0, 217.327, 843.842, 0, 64393.6, 0, 13.9434, 237.439, 9370.96, 0, 197.382, 401.495, 3248.08, 233.673, 1203.05, 2064.04, 0, 0, 0, 0, 0, 0, 95.9479, 0, 27.1928, 78.0837, 0, 0, 620.184, 331.366, 658.937, 0, 597.027, 0, 0, 227.365, 1040.45, 36.6208, 0, 20.6458, 53170.8, 67.428, 206.554, 2811.73, 198309, 106.071, 0, 108.647, 291.504, 0, 14879.2, 38682.3, 169311, 0, 1527.21, 506.673, 284.62, 0, 0, 218.35, 187.22, 96.5623, 0, 46.6981, 46220.6, 3275.07, 168.278, 0, 0, 0, 0, 317.188, 0, 0, 389.796, 322.167, 0, 71.1935, 36346.8, 3484.94, 0, 0, 316.393, 113.254, 0, 6072.95, 989.063, 1009.55, 20734.2, 146385, 124.899, 210.89, 189.023, 40.5123, 579.611, 211.67, 43.8216, 0, 0, 53.9144, 95.7357, 0, 2885.73, 13663.6, 2489.56, 0, 39268.3, 907.936, 565.282, 296.141, 19977.6, 4690.42, 343.41, 1044.6, 0, 55749.2, 0, 844.418, 11253.6, 387.07, 
n_nonzero: 165

Running time so far: 404.079s

