n_tets: 40
relErr: 0.197307
Selected tets: 23897, 28499, 21136, 23714, 19129, 25934, 8659, 9524, 13192, 6640, 29027, 22042, 2071, 9884, 3083, 3850, 14215, 22436, 2113, 27272, 8333, 6588, 27243, 13341, 28038, 11033, 27251, 7619, 11035, 18031, 53, 8210, 19166, 6751, 20908, 15179, 3092, 21067, 13331, 6470, 
Weights: 3730.32, 2157.7, 936.297, 5304.27, 0, 15.6159, 0, 744.262, 1006.21, 1173.15, 447.688, 943.073, 144.371, 3939.63, 0, 5423.15, 27.5179, 562.974, 381.645, 1651.82, 649.894, 871.098, 689.406, 2264.15, 2489.57, 394.402, 1.0995, 0, 0, 1295.74, 0, 4958.43, 0.991301, 693.551, 0, 0, 581.612, 0, 0, 0, 
n_nonzero: 29

Running time so far: 59.6953s

