n_tets: 78
relErr: 0.159769
Selected tets: 11653, 17340, 29124, 23576, 14512, 19181, 26439, 14755, 7643, 20581, 27376, 9208, 22436, 17370, 29530, 12686, 9765, 5093, 27829, 5223, 10587, 2282, 28753, 4945, 11956, 10685, 27251, 12253, 14924, 23185, 4460, 21799, 19166, 25112, 6928, 19480, 3092, 14022, 13107, 26027, 22837, 24849, 10400, 3918, 14873, 8521, 25376, 16928, 21411, 12601, 15774, 17871, 16874, 12159, 211, 14017, 13163, 9065, 1531, 2956, 17173, 3391, 5773, 4144, 21586, 2015, 4242, 10516, 3130, 9781, 17745, 21040, 4087, 6192, 18687, 12445, 18806, 18181, 
Weights: 2157.26, 2046.56, 0, 300.568, 0, 0, 0, 0, 0, 4.28188, 406.265, 1.11505, 6205.78, 1524.73, 0.588134, 1515.1, 625.507, 268.658, 1.92205, 68.7865, 2958.32, 0, 0, 1.47581, 3.53609, 128.022, 1.00015, 1903.11, 226.118, 0, 0, 1.19425, 0.962407, 27.7381, 0, 30.2516, 78.7778, 427.014, 0, 0, 0, 60.0045, 0.972787, 725.912, 133.943, 0.451669, 0, 2778.54, 15.9428, 1.96323, 0, 0, 1247.73, 0, 1.03528, 1107.11, 377.142, 654.016, 1502.76, 922.099, 0, 0, 0, 3122.01, 0.70153, 1085.81, 0.716928, 412.82, 990.471, 0, 617.415, 0.46607, 0.963183, 2260.02, 653.299, 0, 0, 1.22196, 
n_nonzero: 54

Running time so far: 112.303s

