n_tets: 7
relErr: 0.054146
Selected tets: 25939, 107450, 11938, 220411, 410360, 280174, 137023, 
Weights: 22281.3, 0, 1.83848e+06, 8274.91, 14409.8, 40163.7, 1.05735e+06, 
n_nonzero: 6

Running time so far: 39.5397s

