n_tets: 209
relErr: 0.0595128
Selected tets: 13986, 9874, 28312, 13284, 1214, 27342, 6233, 24777, 25350, 11692, 1312, 15251, 11970, 6638, 15836, 26177, 12232, 22738, 4998, 19909, 19835, 19799, 18800, 1088, 9388, 8792, 10521, 18579, 21869, 15721, 6623, 9788, 186, 26553, 20056, 12458, 20950, 21067, 20597, 24495, 27104, 6222, 215, 3129, 4136, 8521, 23166, 15194, 25355, 2064, 2824, 7633, 5419, 1906, 17492, 17558, 1541, 191, 20393, 11877, 24089, 7382, 27757, 10960, 21177, 9228, 11678, 14312, 13939, 5052, 4979, 13407, 22993, 20059, 21061, 17591, 18961, 24762, 19733, 8776, 21175, 19188, 4395, 18922, 17562, 8507, 21683, 13200, 21730, 7716, 4176, 16017, 12656, 29389, 2291, 10248, 22502, 16225, 24080, 4511, 10807, 9106, 23911, 9840, 25841, 5362, 28931, 256, 3857, 23843, 15303, 24964, 723, 22646, 3114, 1210, 24852, 29425, 6932, 14520, 11434, 21181, 12534, 293, 21755, 22435, 17221, 17785, 14797, 29482, 22609, 8294, 19923, 11702, 19083, 26436, 2840, 8550, 18423, 21044, 4142, 2781, 19575, 15904, 1539, 2282, 5816, 8298, 21427, 24205, 14012, 14015, 4153, 22113, 17390, 24144, 23891, 4489, 21777, 23887, 19517, 7318, 6878, 15772, 9748, 8520, 7316, 14262, 8556, 11055, 18952, 17968, 8629, 2784, 11945, 25049, 20607, 17308, 25544, 19082, 6007, 9138, 21586, 20054, 10659, 17522, 12008, 12284, 876, 1206, 9900, 9316, 21517, 12268, 8094, 6436, 20072, 20067, 10455, 24660, 28910, 27456, 19326, 4090, 3312, 6512, 6302, 29350, 18929, 
Weights: 371.603, 0, 365.406, 0, 0, 0, 425.587, 1986.14, 324.613, 328.079, 1549.7, 0, 0.790446, 0, 144.864, 125.475, 87.043, 0, 169.243, 0, 83.8422, 0, 0, 0, 0, 326.71, 23.4612, 78.3883, 10.702, 907.1, 0, 257.908, 0, 127.624, 24.3246, 0, 917.071, 0, 0, 721.304, 0, 669.763, 0, 9.65785, 111.755, 153.521, 117.514, 362.015, 485.884, 129.017, 0, 328.618, 0, 165.275, 0, 396.448, 0, 0, 0, 0, 0, 99.8481, 312.247, 18.5757, 1.68795, 0, 166.179, 0, 0, 0, 0, 127.07, 47.3638, 127.137, 1318.01, 88.1492, 576.466, 672.616, 0, 0, 0, 318.843, 210.409, 436.686, 802.747, 0, 135.862, 26.9271, 73.1749, 93.8381, 0, 159.666, 454.788, 0, 0, 800.01, 6.6722, 0, 19.3065, 904.363, 113.359, 1242.54, 0, 252.47, 0, 1434.06, 154.612, 100.345, 0, 252.45, 9.18843, 0, 0, 133.847, 2.06202, 0, 0, 0, 0, 381.23, 185.78, 0, 51.769, 1.03793, 0, 0, 119.719, 125.879, 93.4992, 0, 219.652, 0, 154.268, 92.476, 0, 816.354, 0, 3.90111, 391.992, 0, 3.45646, 65.5799, 0.115909, 534.818, 55.2547, 0, 573.126, 387.756, 488.313, 0, 0, 22.273, 259.744, 0, 0.615387, 0, 0, 469.956, 65.6867, 31.7606, 0, 12.5856, 0, 0, 252.362, 117.815, 0, 0, 47.4473, 230.68, 109.895, 64.2401, 131.355, 143.34, 57.4362, 0, 335.198, 0, 0, 0, 397.409, 33.9463, 0.68813, 24.0714, 280.014, 0, 126.508, 93.715, 14.5352, 22.4374, 0, 0, 66.1272, 625.714, 145.96, 38.9297, 20.2693, 0, 1150.36, 148.995, 0, 162.634, 0, 0, 0, 56.4242, 89.1121, 0, 269.657, 
n_nonzero: 128

Running time so far: 52.2556s

