n_tets: 130
relErr: 0.4992
Selected tets: 25939, 699, 8335, 12763, 14231, 4944, 1622, 18088, 45004, 33142, 17824, 26526, 34964, 29197, 41971, 4088, 9429, 28182, 37261, 22357, 32934, 24473, 44764, 29504, 14031, 10997, 2671, 39876, 22778, 17576, 37292, 27223, 35427, 992, 44953, 24904, 3681, 38672, 1548, 31816, 41017, 24340, 43890, 37493, 13703, 2979, 44748, 25368, 42705, 17570, 44816, 26508, 35141, 37485, 10559, 29550, 11894, 42687, 14294, 10567, 44291, 3093, 36649, 31115, 10652, 27915, 12262, 13861, 21682, 8391, 32080, 39501, 15389, 22564, 6641, 44226, 9963, 21658, 15930, 30067, 3006, 21196, 13786, 12178, 10960, 16308, 20405, 29476, 21551, 39865, 22699, 11408, 2945, 9729, 25223, 6191, 26836, 21676, 4089, 30066, 43910, 36640, 972, 29098, 14460, 18208, 21553, 21568, 32237, 17740, 36645, 12078, 29904, 10553, 4052, 21657, 11683, 43884, 31408, 10555, 3311, 39925, 3361, 19374, 44196, 21653, 7316, 44751, 4814, 10744, 
Weights: 3299.64, 2634.57, 2889.78, 2084.23, 1.44121, 1996.72, 0.726827, 3207.52, 107.334, 4.34889, 0.945386, 1.28312, 5.08124, 1683.99, 6.61581, 0, 67.1105, 3754.17, 5.00489, 1.55445, 5611.34, 4.22496, 0, 43.3714, 0, 188.529, 2449.93, 661.656, 0, 0.107305, 0, 1.15646, 449.128, 40.9121, 0.956774, 57.6188, 1.08728, 0, 13.4316, 774.999, 6.85281, 0, 168.752, 0, 0, 1.05585, 0, 0, 0.986091, 3.75624, 0, 0, 0.908546, 0, 1.05522, 3.11115, 20.0361, 38.7195, 0.616913, 1085.63, 1.30513, 0, 27.0892, 1587.48, 5.62868, 1628.51, 10.1747, 0, 24.9543, 0.334091, 251.804, 0.922213, 1.45965, 0.985103, 0, 2.13499, 9.94304, 0.400756, 0.923881, 0, 3.90786, 5.93541, 3.73569, 0.361177, 1.01127, 85.1643, 3070.86, 5.18871, 0, 80.8614, 817.962, 1.16688, 16.9713, 57.0835, 17.0114, 33.7043, 0, 3.21403, 21.9833, 0, 532.443, 1169.85, 1.01645, 3.09644, 0.990089, 0, 7.07775, 0, 0, 0, 0, 767.682, 1.21348, 0, 0, 0.232491, 1.0133, 0.635818, 0, 1938.52, 0, 0, 1129.52, 27.91, 2.12376, 1.62997, 0, 0, 0.969987, 4.496, 
n_nonzero: 97

Running time so far: 67.4779s

