n_tets: 60
relErr: 0.032791
Selected tets: 99, 14, 57, 89, 11, 140, 103, 93, 119, 146, 185, 107, 138, 137, 153, 77, 199, 101, 135, 22, 48, 13, 186, 124, 201, 18, 202, 184, 198, 3, 84, 203, 152, 166, 53, 39, 128, 30, 88, 200, 194, 111, 73, 147, 63, 82, 20, 0, 197, 108, 183, 51, 8, 141, 132, 42, 28, 34, 150, 195, 
Weights: 21.0954, 0.959774, 1.00054, 1.00002, 6.24304, 1.00215, 3.45423, 1.00045, 1.02972, 0.516006, 1.00015, 1.04019, 0.994773, 0.997853, 1.01402, 0.994136, 0.997043, 1.01489, 16.8982, 0.993555, 23.6418, 1.00783, 1.00313, 12.2304, 1.1072, 1.05388, 1.64045, 1.0092, 0.916129, 3.51243, 1.00188, 1.06715, 3.57516, 0.780929, 29.315, 0.945743, 10.9476, 10.1673, 17.8592, 1.03183, 0.999933, 1.0031, 10.664, 6.04508, 0.711313, 4.25373, 12.1614, 1.00153, 1.10356, 2.48199, 1.23882, 7.53499, 5.89356, 6.18242, 5.99117, 0, 9.59328, 4.34735, 7.64604, 5.86623, 
n_nonzero: 59

