n_tets: 245
relErr: 0.772466
Selected tets: 39353, 30746, 4000, 127016, 137541, 34911, 37641, 157732, 144701, 119503, 23429, 100082, 33787, 34518, 4648, 100167, 102518, 30099, 56408, 130299, 92910, 162781, 123728, 2462, 149395, 154934, 52975, 42814, 1605, 164211, 144926, 131827, 48867, 58655, 54362, 77928, 157359, 77567, 119324, 56411, 32125, 41548, 35169, 73273, 134693, 137605, 55479, 69165, 144507, 61821, 83609, 48926, 26470, 86134, 64450, 108336, 71160, 45704, 67438, 2016, 1214, 57287, 119574, 133997, 102208, 128376, 36025, 134563, 79036, 106998, 137522, 89043, 109554, 120497, 52499, 163223, 43794, 102985, 141295, 132701, 60021, 138091, 134942, 60022, 24182, 109839, 77932, 78179, 161340, 102614, 46546, 46904, 146672, 67703, 153609, 162883, 91612, 94437, 116815, 70856, 104913, 36201, 45798, 112315, 8316, 112319, 159206, 107309, 58308, 122475, 143398, 47285, 159266, 95987, 85443, 21483, 3372, 42581, 140586, 818, 92814, 103397, 34826, 29052, 151772, 154782, 60598, 123207, 73606, 139355, 3246, 59937, 88219, 45562, 124118, 76323, 153510, 72884, 107654, 49178, 150878, 107301, 163061, 162326, 2932, 80366, 143165, 3941, 120036, 43266, 127661, 11395, 148057, 12629, 132055, 61544, 138841, 101495, 30550, 117559, 31236, 3659, 86295, 77152, 89292, 18501, 78134, 153026, 81976, 10019, 33105, 43899, 33843, 146240, 161294, 40692, 35022, 163475, 51774, 80662, 53473, 81017, 149812, 61378, 162406, 155539, 12251, 162715, 21227, 220, 157794, 126383, 80586, 62519, 76890, 9610, 73387, 101856, 71214, 156389, 82458, 122114, 144582, 77166, 3460, 88155, 129162, 4538, 1258, 34979, 8951, 135891, 162168, 155535, 8234, 2925, 7945, 101743, 71165, 116003, 79075, 47645, 141698, 83280, 144101, 151197, 56758, 78101, 3079, 63356, 129562, 37739, 113767, 51167, 157091, 82755, 58093, 45216, 80831, 57746, 149933, 118065, 47563, 61238, 60538, 
Weights: 1881.76, 109.197, 7250.24, 0.815623, 0.722937, 22.5126, 3265, 2.49209, 2.25258, 17.6585, 27827.7, 18.8436, 0, 85.2369, 0, 11987.3, 0, 2610.56, 701.23, 0, 7107.66, 27.5826, 8174.45, 30.3061, 3.90008, 0, 0.95806, 383.938, 87.6421, 79.6513, 1.09247, 0, 90.4332, 1065.95, 0, 1.54997, 1.31212, 0.880926, 0.622856, 1.15274, 1.19522, 300.433, 142.332, 25.6988, 3.18814, 1.80585, 1.42181, 839373, 0, 1936.57, 23628.8, 0, 12523.6, 280.371, 3.47448, 2556.29, 0, 0.841417, 0, 17.9794, 25.9324, 1794.24, 117.52, 0, 20.5889, 0, 0, 9100.61, 9.18825, 1.32098, 19.0471, 0.462948, 408.826, 1.03187, 1.02781, 25587.1, 1228.18, 0.7454, 2318.26, 0, 305.248, 0, 1.16181, 40.9946, 95.0062, 13.1219, 1.45645, 394.581, 2.40417, 20.0986, 369.982, 283.203, 0.656728, 328.495, 11237.3, 8853.13, 374.786, 520.395, 682.543, 217.817, 0, 0, 875.296, 147.801, 0.945377, 0, 3.46985, 0, 1.0856, 0, 2.76348, 1.01346, 644969, 0, 1533.88, 5.18504, 0.988955, 0, 66.1189, 1933.39, 1.00374, 383.324, 14.1909, 0, 1.12286, 0, 0, 2598.28, 337.14, 0, 5.53523, 1062.91, 9.45346, 3508.85, 0, 4.23001, 0, 11.071, 367.356, 0, 3081.79, 0, 786.01, 2.12131, 50.4147, 0, 14527.9, 0.64696, 20055.1, 0, 270.601, 0, 0.763967, 2.37969, 161.859, 2.32073, 0, 0, 14.4631, 0, 75.5413, 2764.68, 0, 19.9453, 6.75672, 5.01667, 47.1464, 0.930506, 2.49017, 198.502, 2.04741, 0, 0, 0, 481.367, 0.87444, 1437.01, 0.605158, 0, 9.68611, 8.56703, 0, 0, 0, 7997.85, 1.13174, 0, 2284.55, 240.476, 3.96984, 1.14233, 53.7155, 0, 6.68629, 0, 7224.73, 118.421, 465.164, 0, 617.935, 417.629, 426.835, 2.99859, 1337.44, 1.45922, 0.953374, 0, 1.05581, 20862.5, 82.6778, 23287.4, 0.364902, 0.981703, 0, 1.36742, 821.195, 0.582775, 2838.85, 1.1423, 0, 23.7717, 10.8656, 61206.2, 0, 0, 0, 2.54829, 34.4748, 5.06516, 0, 0, 2.54575, 3.32298, 1.1463, 167.883, 3656.16, 346.092, 0, 1185.94, 0.979269, 0, 0, 0, 0, 7.71641, 
n_nonzero: 183

Running time so far: 263.806s

