n_tets: 270
relErr: 0.112563
Selected tets: 51214, 33828, 1062, 17144, 34560, 57384, 71719, 24860, 79148, 18752, 26715, 54341, 55661, 18058, 79674, 58394, 47832, 65101, 75225, 78581, 38437, 11094, 31923, 65333, 25095, 40130, 52248, 14997, 55192, 55830, 47691, 20698, 60654, 45641, 58865, 6073, 6794, 65212, 50539, 8071, 42782, 6772, 53911, 40232, 61256, 1986, 27703, 1391, 9638, 22689, 60071, 57016, 31921, 26997, 30552, 60817, 40724, 7835, 41435, 40134, 5965, 55309, 16488, 75871, 33069, 59263, 79183, 47310, 65841, 43200, 16312, 77670, 5000, 2555, 33050, 19673, 43048, 4752, 10977, 41150, 66780, 34082, 28668, 46052, 29236, 79852, 6774, 24248, 65126, 40068, 76084, 42294, 2944, 71310, 78538, 42987, 13502, 57367, 12636, 22885, 63886, 51750, 7408, 24715, 9201, 40067, 6952, 57142, 72161, 24144, 23826, 23226, 78348, 22622, 14833, 10844, 60673, 43375, 34139, 76724, 24717, 1011, 67542, 41049, 21716, 45048, 37708, 41971, 52232, 58986, 53965, 12835, 58336, 27793, 52135, 46205, 18808, 67950, 56316, 13144, 65460, 9646, 47594, 56816, 74539, 72082, 16642, 14282, 55233, 36760, 52573, 41382, 40729, 24357, 15103, 15730, 71267, 35673, 44188, 78794, 19718, 57743, 79423, 71029, 7897, 57867, 78666, 14627, 3045, 4642, 50245, 45064, 52079, 9132, 5606, 50502, 46064, 65177, 65171, 71634, 79146, 80280, 26887, 43887, 16515, 54346, 40069, 10111, 35864, 13236, 4237, 22873, 37711, 47323, 76427, 40865, 49213, 41329, 8499, 71786, 63153, 20146, 64004, 75012, 2728, 44940, 31989, 47665, 60513, 24267, 22065, 60816, 63798, 2345, 43235, 11660, 16518, 23203, 64407, 12128, 36748, 50450, 5956, 7357, 45478, 62294, 68851, 63365, 23199, 28902, 22639, 14073, 25089, 47178, 40071, 55820, 29400, 13107, 53479, 2560, 13634, 54547, 63412, 1194, 25300, 73095, 38336, 24930, 22960, 13696, 7451, 45460, 7216, 12392, 45053, 47326, 26606, 77113, 34556, 29171, 16939, 50420, 17181, 30589, 942, 34811, 46839, 19640, 28570, 9365, 
Weights: 0, 0, 0, 0, 0, 0, 0, 0, 0, 0, 336.812, 0, 0, 0, 0, 0, 0, 527.1, 0, 0, 0, 0, 1.35977, 0, 0, 0, 0, 0, 0, 0, 0, 0, 0, 0, 0, 0, 0, 3.46945, 0, 0, 0, 99.1673, 0, 0, 0, 0, 0, 0, 0, 0, 0, 0, 0, 0, 49.7188, 2943.14, 439.085, 0, 0, 0, 1191.96, 0, 0, 0, 0, 0, 3046.72, 0, 0, 65.3104, 0, 0, 988.862, 0, 0, 0, 637.257, 0, 0, 0, 0, 0, 0, 0, 0, 0, 0, 1064.76, 0, 0.818155, 0.784224, 0, 0, 0, 0, 0, 0, 62.6053, 0, 0, 0, 29.544, 9.99831, 0, 0, 20.9968, 0, 0, 0, 748.335, 0, 0, 1266.07, 6827.52, 1390.22, 0, 1009.54, 0, 0, 0, 0, 0, 0, 2687.37, 0, 0, 1.15354, 0, 0, 0, 0, 0, 0, 0, 145.093, 0, 0, 0, 1320.92, 0, 0, 0, 0, 97.9896, 1691.09, 0, 0, 0, 0, 0, 180.357, 0, 0, 0, 0, 287.663, 1470.65, 0, 0, 0, 2117.7, 0, 0, 0, 15.0739, 0, 238.505, 0, 0, 0, 0, 0, 5966.77, 0, 0, 0, 0, 0, 0, 0, 1331.56, 0, 0, 0, 0, 0, 2.18429, 0, 0, 0, 0, 0, 11.8496, 0, 0, 0, 0, 2011.59, 22530.3, 0, 0, 0, 0, 0, 1097.48, 0, 0, 0, 0, 0, 4059.15, 0, 0, 0, 1769.1, 0, 1.38535, 0, 0, 0, 0, 0, 395.458, 0, 0, 0, 0, 0, 0, 0, 0, 0, 0, 0, 0.763757, 0, 0, 0, 0, 0, 2687.9, 0, 0, 214.897, 0, 0, 2804.93, 0, 0, 0, 0, 0, 2177.64, 0, 0, 0, 0, 0, 2054.84, 0, 0, 2.58393, 1811.66, 0, 9933.43, 0, 0, 0, 0, 0, 
n_nonzero: 57

Running time so far: 190.239s

