n_tets: 44
relErr: 8.10735e-05
Selected tets: 5390, 2255, 5881, 7419, 5645, 3900, 5779, 951, 13400, 1868, 5445, 661, 3712, 3683, 5671, 8652, 1449, 3670, 11240, 10058, 442, 8733, 6318, 6614, 2451, 1518, 4396, 2, 13528, 3294, 11265, 2773, 9828, 2806, 9099, 13621, 11927, 7080, 2296, 10573, 12197, 13584, 3342, 1008, 
Weights: 1036.04, 205.362, 292.325, 0, 0, 59.4244, 356.874, 0, 365.465, 46.8377, 0, 113.527, 0, 583.361, 0, 0, 164774, 0, 3.25042, 710.771, 0, 0, 0, 299.434, 633.694, 3.99487e+13, 0, 1377.36, 0, 0, 241.168, 286.646, 462.115, 0, 0, 0, 0, 3330.71, 0, 323.83, 0, 339.886, 1040.53, 1085.1, 
n_nonzero: 24

Running time so far: 40.14s

