n_tets: 64
relErr: 0.192626
Selected tets: 995, 6736, 3302, 3987, 3394, 5919, 5053, 3766, 4748, 2193, 2122, 6506, 5764, 1865, 4146, 1481, 7325, 7320, 3959, 6094, 983, 4455, 1823, 6731, 3811, 2352, 488, 6772, 7227, 66, 6257, 6007, 3897, 2837, 6381, 2097, 2003, 2113, 6822, 854, 5717, 2379, 5482, 929, 4260, 5442, 5647, 3953, 7480, 3285, 2645, 3423, 7447, 205, 7291, 3554, 1134, 5283, 2773, 7449, 4780, 2781, 2964, 1828, 
Weights: 896.79, 209.059, 152.286, 172.383, 178.838, 444.812, 89.576, 315.658, 406.72, 130.7, 135.403, 802.188, 63.1891, 149.571, 40.608, 76.39, 1.08121, 0.923689, 91.1851, 110.415, 109.783, 0.683187, 5.47048, 632.874, 93.5758, 1.01046, 1.0229, 306.161, 16.1341, 257.805, 31.9051, 125.436, 24.2092, 1.58105, 271.16, 1.02863, 1.00708, 28.3302, 31.1671, 204.504, 1.06029, 1.37349, 1.17692, 0.979961, 174.931, 0.982164, 0.992849, 1.27302, 0.651327, 0.990835, 220.48, 297.769, 0.911935, 0.96553, 52.1376, 5.08276, 359.621, 1.01999, 133.169, 0.462268, 258.387, 0.994011, 79.7387, 77.7657, 
n_nonzero: 64

