n_tets: 260
relErr: 0.312459
Selected tets: 32562, 2811, 43286, 18384, 24071, 43879, 16774, 30220, 11939, 42759, 7052, 32003, 35144, 42003, 33866, 29492, 8491, 24035, 42965, 39954, 22963, 4138, 31870, 3748, 12100, 37253, 43894, 39169, 3981, 8750, 28805, 7987, 34335, 1820, 3010, 14249, 41973, 33171, 1548, 5577, 44247, 15450, 16138, 30782, 15187, 2979, 15401, 42531, 22322, 39851, 12243, 20125, 42722, 36310, 10559, 17140, 2881, 18193, 35613, 6158, 14859, 20282, 1614, 20754, 22402, 21249, 44411, 37958, 12145, 31817, 27313, 1617, 8545, 42402, 2808, 34094, 17166, 22361, 20239, 23424, 25091, 3675, 44291, 41901, 22443, 43847, 36484, 32063, 21164, 23010, 44985, 22568, 29135, 16786, 15437, 31085, 15828, 20995, 8104, 29493, 19856, 34505, 8800, 31818, 41983, 22293, 38968, 41986, 38872, 13502, 13860, 9257, 15863, 35680, 13784, 23461, 13783, 22357, 34425, 4284, 44199, 1355, 31852, 39840, 21645, 10464, 44233, 43420, 5461, 18026, 12209, 36115, 3532, 39899, 1076, 44183, 27903, 38853, 29495, 23371, 4723, 14040, 6260, 41971, 3901, 20930, 30753, 44223, 42882, 27475, 18852, 7178, 11694, 20469, 7766, 7341, 15373, 38068, 32044, 32236, 9328, 15858, 4085, 23484, 310, 42311, 14263, 19369, 2382, 37423, 14447, 38754, 30837, 19854, 35495, 12085, 23553, 31828, 19012, 26974, 41990, 18853, 39167, 26374, 11315, 8391, 18714, 40986, 33727, 33142, 30949, 29702, 40118, 29905, 13322, 31833, 6572, 28587, 29286, 6594, 29913, 35515, 44066, 39021, 10420, 9923, 38661, 44055, 31995, 5221, 13020, 42235, 44927, 41309, 3900, 14582, 12146, 3881, 33764, 32136, 17597, 14374, 32001, 38885, 34100, 10790, 10818, 9326, 38513, 14789, 16308, 22248, 22319, 42251, 5010, 7202, 5352, 17793, 38262, 6185, 36160, 9855, 25479, 39305, 15079, 25956, 24646, 31811, 42010, 10436, 35182, 3577, 10859, 29780, 26937, 37741, 23375, 13408, 42160, 3527, 
Weights: 774.293, 0, 64.094, 0, 550.31, 0.952739, 4.31942, 0, 0, 0, 0, 430.516, 0, 1.05034, 1.09576, 2.22622, 0, 0, 0, 1.36181, 12.9961, 0, 520.964, 1472.18, 1.67035, 0, 1.34338, 0.757172, 3543.22, 0, 0.822624, 147.995, 15.0623, 1.01632, 76.2294, 0, 1.78406, 179.428, 297.024, 0, 2.71487, 108.14, 1.95876, 97.772, 91.9983, 0.942991, 0, 32.988, 3.0632, 38.1645, 59.4105, 0, 0, 1123.03, 0, 1.00487, 28.6312, 276.83, 1.00582, 0, 0.812513, 99.6856, 0, 0, 2.22569, 247.141, 2.96375, 327.719, 47.5917, 0, 25.9398, 79.1409, 1.01184, 113.706, 0, 89.8308, 304.194, 1.63126, 0, 16.0577, 1196.95, 0, 0, 531.9, 2.84002, 57.7774, 0, 71.4329, 493.895, 0, 1.31525, 26.4782, 0.45725, 713.508, 468.016, 0, 5.89586, 233.951, 875.736, 0, 1.02065, 0, 20.6027, 2.39782, 4.12759, 0, 86.8758, 0.676297, 3.50744, 2.56344, 1.00882, 207.497, 5.45085, 25.3006, 0.965797, 91.936, 1.67739, 9.03402, 0, 718.009, 12.3508, 29.3162, 1.10192, 0, 325.927, 0, 0, 0, 0.959711, 6.19143, 1.24068, 640.896, 0, 0, 523.084, 0.884283, 0, 0, 459.177, 0, 1.03559, 1045.09, 1643.67, 1.51453, 0, 1.2835, 580.155, 10.2336, 1.06244, 15.5329, 0.97406, 1.37687, 1545.78, 1537.48, 5.12543, 0, 0, 204.675, 0, 0, 3.90403, 0.269168, 2.50408, 0.380528, 8.58128, 0, 0, 93.2397, 0, 0, 36.4025, 0, 1.42906, 3.35849, 38.8116, 0, 0, 0, 188.465, 0, 2.24087, 0, 0, 5.65429, 2.28489, 0.570906, 1714.42, 1.33597, 0.933087, 507.997, 5.93572, 0, 0, 0.775135, 0, 2.16348, 0.685115, 31.1789, 1.96881, 0, 2.72139, 0, 21.8366, 2.30039, 0.175143, 114.573, 0.33762, 0, 425.721, 20.4452, 239.025, 10.3526, 0, 0, 16.4839, 0, 1.75231, 0, 2677.06, 2602.46, 0.945206, 0, 1390.74, 0, 1505.62, 0.50406, 1.21501, 19.9561, 0.843089, 0, 0.889749, 493.895, 691.138, 0, 80.6958, 333.626, 0, 0.974647, 0, 2.23304, 17.8263, 176.648, 0, 0, 0, 1854.57, 2.44532, 2.08071, 0.878487, 24.9181, 1.1187, 0, 6.28069, 0, 818.02, 0, 13.3038, 0, 264.366, 4.57435, 
n_nonzero: 178

Running time so far: 181.785s

