n_tets: 29
relErr: 0.297447
Selected tets: 99, 89, 141, 93, 171, 185, 186, 65, 77, 57, 53, 2, 172, 119, 137, 18, 135, 168, 84, 194, 202, 101, 200, 14, 138, 107, 166, 155, 111, 
Weights: 40.8573, 1.0385, 52.9095, 1.00042, 0, 0.944051, 1.02436, 6.87958, 1.0566, 1.4262, 103.121, 9.11646, 14.3987, 0.411773, 0.97307, 1.53893, 37.352, 39.1248, 0.988359, 1.01288, 1.47972, 1.79557, 0.778948, 0.369255, 0.24642, 0.824695, 69.6444, 6.29571, 0.785946, 
n_nonzero: 28

