n_tets: 20
relErr: 0.284048
Selected tets: 13417, 13808, 28312, 14069, 12972, 8258, 18944, 8070, 481, 15775, 21730, 13395, 25325, 4033, 14210, 4406, 28758, 3292, 10851, 23758, 
Weights: 426.198, 970.633, 2618.89, 16.7524, 4072.94, 26748.7, 2728.86, 490.625, 1411.47, 1.09667, 1116.6, 408.702, 924.638, 1055.52, 13506.5, 807.83, 67.2001, 586.233, 2789.84, 790.453, 
n_nonzero: 20

Running time so far: 10.3331s

