n_tets: 90
relErr: 0.22622
Selected tets: 99, 200, 141, 89, 164, 116, 93, 2, 77, 197, 63, 44, 194, 119, 185, 65, 18, 137, 145, 135, 169, 202, 186, 198, 172, 155, 25, 184, 138, 57, 189, 111, 146, 84, 123, 191, 118, 193, 127, 167, 69, 107, 86, 13, 187, 14, 0, 104, 142, 58, 67, 92, 201, 192, 72, 56, 122, 114, 61, 101, 153, 22, 102, 71, 130, 166, 183, 144, 113, 157, 4, 3, 62, 43, 105, 27, 175, 80, 7, 103, 143, 126, 96, 100, 74, 29, 121, 154, 41, 149, 
Weights: 0, 1.25526, 5.95035, 1.00853, 21.2591, 10.7859, 1.07426, 0, 1.00796, 1.43225, 1.12061, 0, 0.845018, 0.493066, 0.924464, 14.6136, 4.02609, 1.04757, 0, 23.0811, 0, 2.65197, 0.98032, 1.02693, 14.8438, 0.637353, 3.98023, 0, 0.519879, 1.18658, 2.02131, 1.97958, 0, 0, 3.45752, 2.86211, 10.0952, 2.51893, 2.51369, 14.9347, 14.7316, 0, 9.54408, 0, 0.845499, 0, 3.65944, 6.62481, 5.63195, 2.55855, 1.10937, 1.65656, 1.13578, 0, 31.9775, 0, 1.15403, 4.23771, 13.9902, 0, 0.369656, 0, 9.83331, 12.055, 8.78866, 0, 19.316, 0, 3.04912, 15.6078, 5.75559, 0, 1.87107, 0, 0.0523871, 4.96596, 14.9267, 0, 55.7762, 1.48726, 88.2519, 12.2634, 18.3752, 7.3149, 0, 1.06248, 37.6516, 3.23293, 18.9622, 6.50159, 
n_nonzero: 69

