n_tets: 95
relErr: 0.130647
Selected tets: 995, 6736, 3302, 3987, 3394, 5919, 5053, 3766, 4748, 2193, 2122, 6506, 5764, 1865, 4146, 1481, 7325, 7320, 3959, 6094, 983, 4455, 1823, 6731, 3811, 2352, 488, 6772, 7227, 66, 6257, 6007, 3897, 2837, 6381, 2097, 2003, 2113, 6822, 854, 5717, 2379, 5482, 929, 4260, 5442, 5647, 3953, 7480, 3285, 2645, 3423, 7447, 205, 7291, 3554, 1134, 5283, 2773, 7449, 4780, 2781, 2964, 1828, 1942, 5356, 7446, 2662, 7378, 1587, 757, 3561, 5450, 489, 7483, 2988, 2756, 1944, 1782, 3087, 838, 1882, 3553, 198, 2212, 1505, 7445, 5823, 2668, 3188, 3426, 3122, 7048, 3326, 1443, 
Weights: 719.978, 376.656, 32.4345, 162.982, 84.4553, 181.272, 40.2002, 99.3444, 325.363, 79.8176, 4.23357, 748.599, 71.2235, 101.443, 62.9647, 62.603, 1.04374, 0.943663, 67.504, 109.933, 75.5556, 0.679996, 0, 356.614, 90.8685, 1.00343, 1.06361, 284.706, 14.5619, 229.273, 40.3734, 112.546, 14.9371, 2.01191, 333.659, 0.999905, 1.04845, 36.9876, 9.84133, 176.008, 1.01304, 1.35757, 0.338316, 1.00973, 255.864, 0.990238, 0.955751, 1.37478, 0.724193, 0.994567, 206.57, 206.389, 0.96648, 0.98497, 14.1298, 5.8439, 561.657, 1.01889, 6.34767, 0.373611, 328.786, 0.998142, 76.737, 74.7896, 2.70316, 0.0763863, 0.131438, 1.00393, 133.265, 88.5515, 0, 4.96661, 1.17966, 180.179, 8.68253, 0.822631, 133.315, 2.35715, 0.958676, 1397.29, 1.40158, 0.952119, 0, 0.369609, 114.872, 210.672, 1.14968, 2.29464, 1.4862, 85.8571, 19.8906, 90.0155, 13.7805, 124.091, 45.0647, 
n_nonzero: 92

