n_tets: 30
relErr: 0.39343
Selected tets: 995, 6736, 3302, 3987, 5864, 4070, 3730, 3440, 7494, 2193, 2122, 2261, 5764, 5142, 6166, 3572, 3695, 7454, 5135, 7320, 5016, 4455, 1016, 3762, 5387, 2352, 4049, 1000, 3179, 1735, 
Weights: 1004.36, 658.811, 228.873, 216.601, 200.149, 348.953, 764.597, 698.558, 347.519, 154.879, 213.662, 163.021, 83.7753, 557.744, 567.578, 558.302, 230.273, 323.625, 168.377, 0.935816, 0.531011, 0.590249, 3744.16, 230.93, 69.6437, 1.07165, 2.00969, 50.8524, 160.678, 203.93, 
n_nonzero: 30

