n_tets: 124
relErr: 0.0873475
Selected tets: 995, 6736, 3302, 3987, 3394, 5919, 5053, 3766, 4748, 2193, 2122, 6506, 5764, 1865, 4146, 1481, 7325, 7320, 3959, 6094, 983, 4455, 1823, 6731, 3811, 2352, 488, 6772, 7227, 66, 6257, 6007, 3897, 2837, 6381, 2097, 2003, 2113, 6822, 854, 5717, 2379, 5482, 929, 4260, 5442, 5647, 3953, 7480, 3285, 2645, 3423, 7447, 205, 7291, 3554, 1134, 5283, 2773, 7449, 4780, 2781, 2964, 1828, 1942, 5356, 7446, 2662, 7378, 1587, 757, 3561, 5450, 489, 7483, 2988, 2756, 1944, 1782, 3087, 838, 1882, 3553, 198, 2212, 1505, 7445, 5823, 2668, 3188, 3426, 3122, 7048, 3326, 1443, 4753, 5652, 5492, 6283, 834, 3932, 1017, 847, 175, 7226, 3876, 6269, 2178, 1906, 2868, 5016, 4483, 4707, 5837, 6643, 2621, 4613, 2748, 2488, 4049, 7420, 1309, 4663, 2364, 
Weights: 604.243, 283.464, 75.1111, 103.763, 78.3588, 205.517, 0, 18.3262, 288.684, 37.2626, 15.7386, 584.003, 47.4624, 104.165, 81.7687, 0, 1.04391, 0.947525, 54.9349, 101.165, 65.0744, 0.679599, 0, 292.309, 82.309, 1.00679, 1.05955, 165.686, 13.7565, 210.276, 51.215, 81.106, 5.20662, 1.9959, 118.031, 0.99915, 1.05383, 40.5101, 5.06593, 146.422, 1.01422, 1.02063, 0.446224, 1.00177, 228.475, 0.98987, 0.988807, 1.19532, 0.456502, 0.993922, 222.278, 215.205, 0.973737, 0.987747, 10.931, 4.90784, 441.885, 1.0199, 2.61687, 0.925254, 332.449, 0.998524, 66.8393, 62.297, 2.22455, 0.865372, 0.749025, 1.00238, 103.458, 146.876, 0.136955, 6.44558, 1.18435, 200.163, 11.903, 0.776254, 124.445, 0.554297, 0.947733, 0, 1.17877, 0.98183, 0, 0.375316, 89.5094, 228.856, 1.11128, 2.50533, 1.29045, 84.7163, 13.3784, 110.133, 10.1728, 220.961, 33.727, 0, 0.406745, 0.982698, 15.8653, 3.20674, 160.728, 0, 337.545, 304.558, 4.49346, 0.969428, 65.6766, 1.01317, 0.699702, 0.786045, 0.844511, 0.646178, 144.2, 0.972153, 1.02157, 23.409, 29.9214, 0.989396, 1.62763, 1.00713, 20.3233, 48.1803, 1.0005, 231.365, 
n_nonzero: 117

