n_tets: 245
relErr: 0.0443565
Selected tets: 29127, 663, 19334, 2539, 17312, 25934, 6233, 15770, 23150, 23393, 21534, 19440, 9499, 12040, 9900, 8286, 14089, 5132, 29637, 16013, 9885, 6439, 27103, 1556, 11950, 19167, 26536, 17860, 2187, 12207, 13680, 29504, 14520, 12427, 5898, 3575, 24294, 4103, 1539, 9627, 13058, 17874, 21181, 14917, 6858, 15734, 15047, 8963, 4109, 22990, 12018, 8391, 13923, 11980, 10161, 1221, 6571, 21511, 6642, 14605, 2433, 18051, 2317, 4136, 21177, 25650, 4112, 25027, 11085, 22722, 20054, 13407, 2550, 16056, 10844, 28817, 29263, 7874, 1018, 2180, 12314, 14017, 18907, 21392, 17871, 17261, 25538, 21565, 5190, 4090, 4481, 29527, 22754, 17269, 1706, 19507, 22767, 21277, 15624, 25566, 7008, 29291, 17148, 17430, 18483, 27326, 14990, 4016, 15940, 3545, 2076, 4190, 18033, 25532, 6015, 11870, 24073, 24085, 1254, 22699, 1526, 7056, 7645, 6097, 16119, 23911, 26767, 17557, 16192, 9977, 12420, 18260, 7946, 8506, 24926, 3821, 5279, 8747, 41, 15698, 4142, 8457, 27723, 15301, 9608, 26671, 3017, 27817, 8222, 23082, 14012, 3996, 5385, 19028, 696, 23333, 25540, 24171, 8964, 27296, 25332, 1649, 10866, 22717, 5468, 20371, 18345, 1666, 2991, 14127, 16088, 19715, 7124, 803, 4560, 4274, 13761, 32, 27801, 15930, 21093, 5877, 17772, 19162, 8010, 1016, 14641, 9168, 24107, 18267, 13638, 13409, 19000, 20869, 19225, 6436, 25795, 355, 8591, 2545, 5527, 6823, 819, 22736, 3421, 3312, 13144, 29350, 3362, 23876, 11626, 9248, 19068, 26451, 21945, 19655, 20494, 10938, 12433, 24963, 18808, 3033, 4268, 19236, 20844, 16498, 11105, 3655, 24523, 6992, 7498, 22742, 27793, 2905, 22107, 10226, 29285, 24787, 28152, 2373, 723, 23255, 11963, 20976, 25379, 
Weights: 809.106, 0, 0, 165.646, 0, 0, 508.246, 0, 0, 0, 830.087, 0, 54.4802, 272.415, 0, 1227.48, 182.386, 0, 0, 0, 2325.44, 95.7733, 0, 889.416, 0, 0, 0, 241.081, 0, 259.484, 129.397, 203.896, 0, 0, 292.205, 102.435, 0, 0, 0, 441.115, 0, 0, 0, 114.464, 121.821, 326.339, 0, 0.960643, 0, 0, 287.641, 0, 0, 0, 0, 0, 0, 6.20535, 290.307, 0, 263.492, 0, 0, 408.277, 0, 0, 183.803, 0, 0, 0, 0, 0, 0, 0, 254.777, 0, 0, 0, 49.6033, 0, 0, 0, 145.715, 1591.04, 0.993841, 305.002, 0, 79.7387, 0, 0, 17.3611, 19.9023, 0, 0, 0, 0, 0, 0, 177.829, 38.4428, 43.6666, 15.7129, 0, 0, 38.9165, 0, 104.213, 0, 39.2638, 1054.77, 0, 0, 0, 317.653, 33.5605, 0, 58.9984, 0, 0, 1009.56, 0, 733.855, 0, 0, 0, 0, 218.841, 0, 0, 195.575, 0, 0, 209.015, 508.479, 0, 0, 0, 0, 35.1944, 0, 0, 0, 0, 0, 24.365, 672.552, 0, 1150.23, 0, 0, 0, 0, 0, 28.1031, 1.00467, 772.819, 109.431, 0, 0.999772, 617.778, 0, 367.053, 122.7, 0, 0, 0, 49.4422, 0, 0, 0, 0, 0, 949.615, 0, 531.693, 61.899, 250.241, 0, 0, 67.0254, 0, 280.028, 713.439, 0.956612, 0, 0, 0, 0, 149.973, 0, 0, 0, 0, 0, 0, 0, 37.9855, 0, 0, 0, 30.2264, 0, 0, 228.799, 0, 250.249, 73.3449, 0, 0, 0, 513.738, 273.11, 0, 381.895, 0, 0, 95.4561, 0, 842.235, 0, 0, 1.98286, 0, 0, 1143.41, 0, 407.108, 402.18, 0, 0, 287.399, 1187.3, 376.351, 492.582, 0, 585.394, 0, 0, 721.414, 190.034, 0.990128, 0, 0, 0, 15.8648, 
n_nonzero: 99

Running time so far: 151.43s

