n_tets: 110
relErr: 0.496527
Selected tets: 1842, 1597, 1136, 1224, 452, 822, 1277, 1021, 1856, 1431, 1326, 1875, 1870, 1851, 345, 1428, 475, 146, 405, 1311, 292, 520, 1854, 1332, 427, 731, 489, 1198, 50, 262, 363, 252, 1206, 955, 462, 435, 59, 874, 21, 246, 1652, 1143, 1790, 593, 559, 1457, 1627, 880, 849, 30, 1051, 455, 619, 281, 1638, 1583, 1341, 1102, 1503, 1210, 108, 504, 1159, 238, 682, 1427, 848, 5, 1194, 536, 529, 697, 881, 840, 1454, 1977, 1319, 638, 609, 1490, 1446, 502, 1578, 1868, 1761, 1628, 1351, 305, 447, 1392, 534, 1535, 198, 1032, 853, 1775, 949, 432, 36, 1926, 1119, 324, 1932, 595, 122, 1515, 1779, 753, 767, 1544, 
Weights: 162.523, 161.68, 553.903, 0.555184, 1.00697, 0.989499, 75.6254, 1.07059, 0.951273, 1.04044, 317.633, 0.978072, 1.8822, 0, 1.95282, 1.29485, 0.791098, 0.763967, 0.865461, 0.935766, 17.6082, 0.980745, 1.10903, 0.792291, 0.88946, 1.83888, 0.891331, 1.00056, 1.289, 0.951516, 1.35908, 1.00849, 1.02136, 0.883611, 1.04321, 0.952655, 1.0763, 0.976214, 1.06333, 0.958498, 418.294, 0.975298, 103.254, 4.47231, 0, 16.751, 1.03233, 2.40917, 0.788938, 0.568781, 1.01936, 0.950941, 1.01437, 0.364674, 0.985784, 1.12004, 0.834516, 0.929433, 1.10327, 1.25326, 1.48479, 1.52933, 0.500582, 0.89893, 0.686705, 0.770028, 6.49215, 0.974334, 1.04509, 1.05904, 0.993214, 1.80843, 1.13891, 1.12583, 1.00874, 1.33114, 1.24436, 0.886063, 1.05838, 1.11247, 62.0368, 0.962658, 0.667191, 0.88399, 1.05237, 0.853014, 22.8255, 0.896482, 0, 1.05469, 1.01943, 1.01755, 10.8077, 1.03003, 85.0596, 0.939248, 0.720412, 1.12905, 0.734429, 3.48926, 0.658144, 0.94237, 3.25885, 181.688, 7.55546, 0.236245, 1.12638, 1.00877, 1.17408, 0.924844, 
n_nonzero: 107

