n_tets: 130
relErr: 0.335631
Selected tets: 32562, 2811, 43286, 18384, 24071, 43879, 16774, 30220, 11939, 42759, 7052, 32003, 35144, 42003, 33866, 29492, 8491, 24035, 42965, 39954, 22963, 4138, 31870, 3748, 12100, 37253, 43894, 39169, 3981, 8750, 28805, 7987, 34335, 1820, 3010, 14249, 41973, 33171, 1548, 5577, 44247, 15450, 16138, 30782, 15187, 2979, 15401, 42531, 22322, 39851, 12243, 20125, 42722, 36310, 10559, 17140, 2881, 18193, 35613, 6158, 14859, 20282, 1614, 20754, 22402, 21249, 44411, 37958, 12145, 31817, 27313, 1617, 8545, 42402, 2808, 34094, 17166, 22361, 20239, 23424, 25091, 3675, 44291, 41901, 22443, 43847, 36484, 32063, 21164, 23010, 44985, 22568, 29135, 16786, 15437, 31085, 15828, 20995, 8104, 29493, 19856, 34505, 8800, 31818, 41983, 22293, 38968, 41986, 38872, 13502, 13860, 9257, 15863, 35680, 13784, 23461, 13783, 22357, 34425, 4284, 44199, 1355, 31852, 39840, 21645, 10464, 44233, 43420, 5461, 18026, 
Weights: 2891.83, 614.757, 63.9452, 365.507, 0, 1.22196, 4.22588, 5095.08, 0, 0, 159.748, 363.275, 601.48, 1.04211, 3.44046, 0, 0, 52.6088, 601.056, 1.34587, 118.033, 0, 309.099, 1821.51, 0.568579, 0, 1.35268, 0.590568, 3969.57, 0, 0.816625, 0, 18.537, 0.942522, 87.8346, 0, 1.83887, 63.2835, 250.253, 183.886, 29.4683, 177.172, 2.06787, 104.467, 199.69, 0.738555, 1172.47, 35.7943, 6.46965, 47.4223, 85.8284, 0, 0, 1707.75, 167.306, 1.97754, 27.1037, 1183.81, 1.00545, 0, 0.813592, 197.219, 0, 0, 6.28971, 289.144, 2.81677, 1627.49, 39.5242, 0, 30.5438, 113.437, 0.996533, 113.602, 0, 29.8881, 229.921, 1.63043, 347.687, 8.86762, 1930.5, 0, 0, 2380.63, 0, 68.68, 251.982, 68.974, 1735.97, 0, 1.36087, 21.6378, 0.656376, 805.551, 129.573, 133.674, 0, 89.2934, 1499.37, 0, 0.985342, 0, 12.7825, 2.18016, 3.98051, 0, 0, 0.691987, 3.39046, 2.52225, 1.00849, 266.124, 4.62988, 21.3101, 0.967597, 0, 2.79315, 13.9741, 0, 963.821, 12.6884, 0, 1.10516, 548.963, 306.152, 0, 0, 0, 0.946875, 6.21409, 
n_nonzero: 98

Running time so far: 77.895s

