n_tets: 210
relErr: 0.315331
Selected tets: 995, 4859, 3302, 1369, 524, 2701, 7267, 6313, 6491, 2724, 3266, 3596, 1063, 1252, 827, 6733, 7325, 7320, 3294, 5053, 5016, 4455, 1823, 105, 955, 2352, 918, 4146, 2631, 2959, 237, 819, 7394, 522, 2634, 2097, 6339, 5879, 1781, 4578, 5895, 729, 3112, 6564, 2567, 5442, 7480, 5585, 3237, 5647, 3425, 4410, 2329, 5934, 451, 6547, 1818, 2668, 6815, 2607, 205, 1814, 6623, 4749, 6079, 5356, 7446, 2662, 983, 359, 1485, 1657, 3561, 1032, 5715, 4651, 2778, 7445, 3836, 1782, 2313, 126, 7016, 198, 3829, 3662, 6852, 3770, 2600, 6257, 3879, 534, 1269, 4511, 4943, 7054, 6537, 5492, 6283, 3686, 2180, 4001, 4771, 804, 2003, 3876, 7443, 2679, 1906, 1704, 3253, 4483, 4939, 212, 6643, 4534, 4070, 4223, 536, 1069, 56, 5580, 4663, 6782, 3175, 6979, 7226, 1745, 2393, 3959, 4352, 3408, 489, 2496, 6171, 5093, 7251, 2901, 3911, 5326, 5876, 897, 7342, 6144, 2591, 7238, 6487, 264, 3711, 6711, 36, 838, 668, 4514, 3823, 5790, 5775, 4150, 3955, 6201, 4122, 6436, 1189, 3239, 2407, 7227, 5042, 7485, 4210, 2853, 1878, 7433, 776, 1595, 2210, 1623, 1421, 2363, 5283, 2357, 1942, 4397, 875, 2871, 3493, 7180, 3326, 925, 2091, 6004, 1246, 2088, 5166, 4081, 948, 1643, 947, 5450, 890, 197, 7236, 1110, 7428, 3454, 5149, 7484, 855, 1556, 1305, 5362, 
Weights: 913.046, 263.815, 174.374, 170.741, 315.361, 513.607, 971.271, 68.4387, 86.6566, 397.972, 257.553, 185.077, 174.604, 141.139, 8.99112, 218.146, 0.054999, 0.939498, 253.651, 83.9749, 0.424138, 0.759268, 105.29, 364.7, 51.2095, 1.00795, 16.2557, 24.8048, 73.8431, 270.072, 13.3399, 53.0951, 103.926, 0, 19.2784, 1.10916, 0, 203.051, 29.7562, 0, 62.303, 49.9502, 135.677, 81.5022, 99.8893, 0.949139, 0, 145.912, 22.4254, 0.954632, 0, 9.01022, 161.082, 0, 0, 63.0013, 0.0717022, 0.523176, 0, 22.4319, 0.94078, 0, 8.71859, 76.3012, 10.4716, 6.58306, 2.02886, 1.00002, 0, 78.368, 41.0807, 46.481, 21.9145, 4.14884, 0.455483, 0.444092, 77.2525, 0.298835, 0, 1.05809, 0, 0, 105.857, 0.401275, 175.774, 1365.51, 147.137, 59.979, 0, 19.5279, 0, 46.5402, 113.837, 24.1159, 0, 0, 11.3991, 0.983065, 11.6866, 0, 69.729, 2.05698, 16.7342, 157.093, 1.01246, 0.954817, 0, 52.7029, 0.705491, 0, 6.58563, 0.732565, 19.1154, 0, 1.03862, 57.6435, 52.1607, 311.91, 379.387, 10.9644, 2.78529, 17.0473, 0.925324, 33.9887, 18.1116, 14.9245, 0, 6.93472, 25.8658, 11.5095, 8.18722, 0, 37.5205, 10911.6, 64.4991, 10.0841, 246.26, 0, 132.561, 26.0133, 0, 67.2558, 28.4993, 64.4557, 323.415, 0, 4.31384, 30.0267, 16.6371, 11.8861, 5.53607, 0, 400.557, 380.378, 27.2002, 0, 65.6109, 138.912, 6.76852, 0, 36.9829, 0, 25.7938, 69.5724, 0, 10.8907, 137.062, 1.54055, 32.3088, 23.8168, 66.5501, 169.329, 0, 1.06703, 10.5469, 0, 25.5219, 0, 1.02329, 117.883, 3.14002, 102.241, 25.9567, 57.1296, 0, 5.88804, 34.4015, 54.2637, 27.2487, 0, 10.4575, 55.4838, 23.8679, 49.4152, 0, 223.588, 0, 0.96866, 361.03, 16.1693, 274.127, 26.7993, 89.5703, 34.1594, 23.9337, 1.37842, 4.78223, 27.227, 0, 3.26445, 
n_nonzero: 171

