n_tets: 170
relErr: 0.389019
Selected tets: 1842, 1597, 1136, 1224, 452, 822, 1277, 1021, 1856, 1431, 1326, 1875, 1870, 1851, 345, 1428, 475, 146, 405, 1311, 292, 520, 1854, 1332, 427, 731, 489, 1198, 50, 262, 363, 252, 1206, 955, 462, 435, 59, 874, 21, 246, 1652, 1143, 1790, 593, 559, 1457, 1627, 880, 849, 30, 1051, 455, 619, 281, 1638, 1583, 1341, 1102, 1503, 1210, 108, 504, 1159, 238, 682, 1427, 848, 5, 1194, 536, 529, 697, 881, 840, 1454, 1977, 1319, 638, 609, 1490, 1446, 502, 1578, 1868, 1761, 1628, 1351, 305, 447, 1392, 534, 1535, 198, 1032, 853, 1775, 949, 432, 36, 1926, 1119, 324, 1932, 595, 122, 1515, 1779, 753, 767, 1544, 1370, 1197, 1157, 1566, 1005, 1417, 732, 573, 235, 975, 838, 1462, 1009, 105, 918, 13, 1442, 329, 623, 921, 780, 1233, 808, 1883, 1852, 1873, 1642, 540, 199, 380, 1534, 1613, 960, 899, 1393, 1742, 1359, 1044, 1396, 53, 631, 625, 932, 1018, 634, 1376, 75, 812, 89, 334, 260, 839, 1867, 1251, 60, 1855, 201, 1675, 1343, 1440, 
Weights: 18.9296, 182.567, 337.391, 0.669755, 0.89009, 1.00242, 66.4708, 1.05963, 0.978943, 1.04648, 225.725, 0.947623, 2.19477, 3.3054, 2.00184, 1.29206, 1.07856, 0.671874, 0.982981, 0.909573, 11.5129, 1.10209, 1.1241, 0.901047, 0.902225, 1.98925, 0.846116, 0.997048, 1.31348, 0.927275, 1.41289, 0.970452, 1.0214, 0.373674, 0.97937, 0.95715, 0.999636, 0.937946, 1.17417, 0.955187, 288.926, 1.00966, 0, 4.29599, 0, 4.81073, 1.02976, 2.65135, 0.68498, 0.846391, 1.01869, 0.93904, 1.02675, 0.370411, 0.963962, 1.09487, 0.857932, 0.92525, 1.12942, 1.06459, 1.06262, 1.4384, 0.533758, 0.917819, 0.86555, 0.648214, 0, 0.867957, 1.00681, 1.11394, 1.00174, 1.69786, 1.16741, 1.13234, 1.02554, 1.39494, 1.23494, 1.02002, 1.03617, 1.08066, 61.8023, 0.970406, 0.47748, 0.925127, 1.04777, 0.835408, 10.1574, 1.20298, 0, 1.00758, 1.01341, 1.01275, 5.72367, 1.04721, 26.2397, 0.928696, 0.748389, 1.09348, 1.47703, 3.35596, 0.598786, 0.950188, 4.51325, 134.178, 6.90973, 0.244396, 1.05459, 0.923051, 1.1653, 0.933761, 3.67654, 4.3967, 0, 0.969424, 1.451, 1.01977, 2.59819, 1.43863, 390.783, 40.7182, 0.876355, 53.8026, 1.02298, 26.0188, 0.739381, 0.940683, 5.05342, 1.18845, 0.881523, 1.37819, 0.713224, 1.11084, 43.9958, 2.6522, 0.986376, 1.0158, 1.00667, 0.870162, 0.933513, 26.4604, 0.96506, 0.888367, 12.3768, 0.988334, 0.999113, 0.642193, 0.960052, 1.06159, 1.01393, 1.16087, 1.15355, 1.01337, 1.02274, 1.53912, 1.07311, 0.22576, 68.1574, 98.417, 0.973737, 0.935189, 0.936974, 1.00782, 0.60266, 0, 0.967343, 0.731749, 15.5934, 71.474, 0.896011, 0.398546, 
n_nonzero: 164

