n_tets: 32
relErr: 0.19828
Selected tets: 23897, 28499, 21136, 23714, 19129, 25934, 8659, 9524, 13192, 6640, 29027, 22042, 2071, 9884, 3083, 3850, 14215, 22436, 2113, 27272, 8333, 6588, 27243, 13341, 28038, 11033, 27251, 7619, 11035, 18031, 53, 8210, 
Weights: 3846.97, 2574.13, 1431.15, 5459.97, 0, 15.6779, 87.9353, 691.478, 1122.88, 1264.37, 339.54, 1222.52, 411.816, 5947.08, 0, 6088.53, 27.6048, 657.099, 569.595, 1345.44, 672.38, 867.392, 828.962, 2545.66, 3149.51, 288.105, 1.09199, 196.723, 0, 979.62, 0, 455.226, 
n_nonzero: 28

Running time so far: 51.2053s

