n_tets: 275
relErr: 0.0594957
Selected tets: 13986, 9874, 28312, 13284, 1214, 27342, 6233, 24777, 25350, 11692, 1312, 15251, 11970, 6638, 15836, 26177, 12232, 22738, 4998, 19909, 19835, 19799, 18800, 1088, 9388, 8792, 10521, 18579, 21869, 15721, 6623, 9788, 186, 26553, 20056, 12458, 20950, 21067, 20597, 24495, 27104, 6222, 215, 3129, 4136, 8521, 23166, 15194, 25355, 2064, 2824, 7633, 5419, 1906, 17492, 17558, 1541, 191, 20393, 11877, 24089, 7382, 27757, 10960, 21177, 9228, 11678, 14312, 13939, 5052, 4979, 13407, 22993, 20059, 21061, 17591, 18961, 24762, 19733, 8776, 21175, 19188, 4395, 18922, 17562, 8507, 21683, 13200, 21730, 7716, 4176, 16017, 12656, 29389, 2291, 10248, 22502, 16225, 24080, 4511, 10807, 9106, 23911, 9840, 25841, 5362, 28931, 256, 3857, 23843, 15303, 24964, 723, 22646, 3114, 1210, 24852, 29425, 6932, 14520, 11434, 21181, 12534, 293, 21755, 22435, 17221, 17785, 14797, 29482, 22609, 8294, 19923, 11702, 19083, 26436, 2840, 8550, 18423, 21044, 4142, 2781, 19575, 15904, 1539, 2282, 5816, 8298, 21427, 24205, 14012, 14015, 4153, 22113, 17390, 24144, 23891, 4489, 21777, 23887, 19517, 7318, 6878, 15772, 9748, 8520, 7316, 14262, 8556, 11055, 18952, 17968, 8629, 2784, 11945, 25049, 20607, 17308, 25544, 19082, 6007, 9138, 21586, 20054, 10659, 17522, 12008, 12284, 876, 1206, 9900, 9316, 21517, 12268, 8094, 6436, 20072, 20067, 10455, 24660, 28910, 27456, 19326, 4090, 3312, 6512, 6302, 29350, 18929, 2822, 19510, 8921, 16411, 4324, 10938, 20449, 23880, 16312, 24932, 11895, 5901, 4188, 9112, 12115, 9029, 13771, 12299, 19328, 17994, 11961, 20995, 13923, 8186, 6265, 17302, 16092, 20487, 14988, 10998, 24132, 7317, 22355, 6733, 2142, 12032, 1439, 18733, 20604, 12564, 21592, 17578, 24081, 6716, 2137, 2190, 1737, 19350, 4087, 25297, 23252, 9392, 29597, 5857, 17807, 4466, 9812, 13930, 53, 27414, 13452, 20333, 4170, 16325, 21531, 24796, 
Weights: 292.07, 0, 82.0795, 90.8836, 0, 134.194, 278.952, 1765.7, 222.261, 0, 1265.87, 0, 0, 0, 149.742, 310.287, 17.2834, 0, 157.709, 0, 60.7682, 0, 0, 0, 0, 297.947, 0, 53.8455, 0, 616.461, 0, 186.228, 0, 0, 0, 0, 823.244, 0, 0, 588.5, 0, 0, 0, 23.2162, 79.7986, 67.8174, 114.092, 429.897, 409.28, 337.122, 0, 386.981, 0, 240.341, 0, 0, 47.2813, 0, 0, 0, 0, 0, 305.924, 15.3021, 1.69084, 0, 324.794, 25.3662, 0, 112.308, 0, 245.71, 35.094, 33.5733, 0, 41.4162, 315.72, 599.025, 20.3162, 0, 0, 274.998, 326.17, 269.367, 0, 105.881, 0, 87.2949, 56.6703, 43.5291, 0, 108.002, 282.662, 0, 0, 778.391, 0, 0, 0, 601.198, 108.797, 0, 0, 253.91, 19.027, 1152.79, 200.384, 112.719, 215.489, 141.47, 0, 0, 0.274063, 194.252, 0, 0, 0, 0, 0, 251.293, 165.224, 0, 0, 0, 0, 0, 28.2693, 231.499, 0, 0, 187.53, 0, 33.5062, 131.546, 0, 0, 184.825, 26.4786, 304.617, 0, 2.16525, 163.258, 0, 361.379, 43.0309, 0, 489.385, 256.566, 768.075, 0, 0, 0, 0, 0, 0.615922, 0, 0, 492.628, 0, 38.2666, 0, 56.0681, 0, 0, 52.4228, 23.8286, 0, 0, 18.5018, 93.4639, 60.3637, 0, 151.769, 34.3647, 0, 0, 353.194, 0, 0, 0, 462.49, 7.53538, 0.761971, 34.773, 919.198, 60.4137, 257.388, 38.4144, 7.46507, 0, 0, 0, 58.021, 1061.2, 48.4998, 33.3615, 0, 0, 1080.63, 0, 0, 163.429, 0, 0, 0, 0, 130.212, 0, 228.148, 218.689, 0, 0, 21.4292, 92.0394, 0, 0, 0, 257.825, 121.223, 65.9937, 0, 708.49, 0, 57.3928, 0, 42.9153, 43.78, 70.7519, 74.0281, 66.4733, 159.884, 307.226, 64.5964, 384.928, 136.036, 0, 82.6964, 0, 0, 28.0039, 0, 0, 54.5217, 128.355, 144.069, 101.371, 0, 197.525, 30.573, 0, 0, 19.301, 0, 42.0205, 26.6252, 0, 103.778, 0.197738, 77.2988, 0, 24.6129, 0, 141.33, 39.5857, 20.9847, 137.957, 0, 0, 127.013, 0, 39.3875, 0, 5.29628, 3231.87, 71.079, 
n_nonzero: 151

Running time so far: 87.1571s

