n_tets: 162
relErr: 0.11707
Selected tets: 51214, 33828, 1062, 17144, 34560, 57384, 71719, 24860, 79148, 18752, 26715, 54341, 55661, 18058, 79674, 58394, 47832, 65101, 75225, 78581, 38437, 11094, 31923, 65333, 25095, 40130, 52248, 14997, 55192, 55830, 47691, 20698, 60654, 45641, 58865, 6073, 6794, 65212, 50539, 8071, 42782, 6772, 53911, 40232, 61256, 1986, 27703, 1391, 9638, 22689, 60071, 57016, 31921, 26997, 30552, 60817, 40724, 7835, 41435, 40134, 5965, 55309, 16488, 75871, 33069, 59263, 79183, 47310, 65841, 43200, 16312, 77670, 5000, 2555, 33050, 19673, 43048, 4752, 10977, 41150, 66780, 34082, 28668, 46052, 29236, 79852, 6774, 24248, 65126, 40068, 76084, 42294, 2944, 71310, 78538, 42987, 13502, 57367, 12636, 22885, 63886, 51750, 7408, 24715, 9201, 40067, 6952, 57142, 72161, 24144, 23826, 23226, 78348, 22622, 14833, 10844, 60673, 43375, 34139, 76724, 24717, 1011, 67542, 41049, 21716, 45048, 37708, 41971, 52232, 58986, 53965, 12835, 58336, 27793, 52135, 46205, 18808, 67950, 56316, 13144, 65460, 9646, 47594, 56816, 74539, 72082, 16642, 14282, 55233, 36760, 52573, 41382, 40729, 24357, 15103, 15730, 71267, 35673, 44188, 78794, 19718, 57743, 
Weights: 1892.93, 0, 0, 0, 1960.04, 0, 0, 0, 0, 659.919, 1549.43, 0, 0, 0, 0, 0, 0, 8715.29, 0, 0, 0, 0, 1.36369, 3688.08, 0, 0, 0, 0, 0, 6396.94, 1560.65, 0, 0, 0, 3116.66, 0, 7753.85, 2.113, 0, 901.495, 0, 98.331, 0, 0, 0, 0, 0, 0, 0, 0, 0, 0, 0, 0, 50.1995, 67.165, 0, 0, 0, 0, 0, 0, 0, 0, 0, 0, 1534.78, 0, 331.247, 0, 0, 74.8774, 1661.89, 0, 0, 0, 338.88, 0, 0, 0, 0, 0, 0, 0, 0, 0, 0, 977.196, 0, 0.448631, 0.931822, 0, 36.7292, 0, 0, 2609.09, 2145.85, 63.5583, 0, 0, 0, 29.9847, 11.2916, 0, 0, 21.1106, 0, 0, 0, 0, 0, 0, 1528.04, 5682.36, 2981.91, 0, 0, 0, 0, 0, 66.9199, 0, 0, 0, 5067.23, 0, 1.13833, 0, 0, 0, 0, 0, 2029.76, 0, 0, 0, 0, 197.28, 3679.59, 0, 0, 0, 0, 98.086, 2034.47, 2215.6, 0, 0, 0, 0, 43.6429, 0, 0, 0, 0, 234.656, 2587.99, 0, 0, 0, 0, 0, 
n_nonzero: 46

Running time so far: 109.323s

