n_tets: 234
relErr: 0.138391
Selected tets: 11653, 17340, 29124, 23576, 14512, 19181, 26439, 14755, 7643, 20581, 27376, 9208, 22436, 17370, 29530, 12686, 9765, 5093, 27829, 5223, 10587, 2282, 28753, 4945, 11956, 10685, 27251, 12253, 14924, 23185, 4460, 21799, 19166, 25112, 6928, 19480, 3092, 14022, 13107, 26027, 22837, 24849, 10400, 3918, 14873, 8521, 25376, 16928, 21411, 12601, 15774, 17871, 16874, 12159, 211, 14017, 13163, 9065, 1531, 2956, 17173, 3391, 5773, 4144, 21586, 2015, 4242, 10516, 3130, 9781, 17745, 21040, 4087, 6192, 18687, 12445, 18806, 18181, 18118, 29685, 25223, 29272, 14235, 13331, 14252, 7433, 4876, 27465, 26924, 24111, 15127, 12545, 1301, 12638, 17226, 27963, 13006, 8509, 4076, 4090, 17307, 29291, 13065, 25831, 13257, 13249, 11066, 17692, 8294, 22721, 58, 16989, 21930, 4862, 19164, 12648, 19562, 21931, 13189, 17545, 21566, 26415, 4158, 3086, 11038, 3042, 25613, 20749, 6798, 3708, 13372, 7471, 1543, 28971, 27681, 20835, 17875, 24336, 41, 6697, 6692, 13255, 24075, 4099, 2562, 1210, 2438, 4138, 5887, 20612, 28775, 29564, 9209, 19028, 18599, 26770, 14870, 2871, 8964, 23758, 2988, 15131, 18547, 25219, 3468, 12293, 2092, 9272, 13333, 7319, 3212, 7494, 24074, 25468, 22122, 4379, 247, 6064, 4978, 10886, 1939, 13594, 21540, 14869, 3129, 14108, 8963, 12795, 29093, 5006, 19188, 10087, 8534, 2248, 27931, 2446, 25795, 18900, 8653, 14943, 2812, 2217, 29296, 28782, 9559, 21178, 14879, 23894, 5282, 2822, 25722, 12930, 20491, 21116, 12983, 19992, 13827, 21708, 28958, 22121, 6263, 19404, 22329, 6814, 8573, 20234, 23818, 19328, 18177, 5968, 6880, 12045, 8298, 26308, 
Weights: 0, 203.028, 66.2741, 0, 0, 1024.69, 0, 0, 0, 3.89561, 0, 1.11817, 0, 488.127, 0, 340.283, 207.62, 0, 1.94793, 0, 0, 0, 0, 1.55063, 0.695233, 0, 0.999659, 0, 0, 0, 0, 0.965516, 0.96972, 27.9956, 0, 0, 0, 0, 0, 0, 673.908, 0, 0.980728, 151.876, 563.85, 0.539744, 0, 0, 63.5779, 7.93191, 0, 0, 0, 0, 1.05376, 324.836, 0, 0, 999.77, 1309.5, 0, 0, 0, 0, 0.75188, 2391.36, 0.764257, 86.3386, 83.8519, 0, 0, 0.584628, 0.955942, 761.984, 426.706, 0, 0, 1.21536, 1.66622, 0, 45.5307, 2.14201, 4.62191, 1.12574, 3.9061, 0, 0, 505.069, 0, 29.6635, 42.7658, 0, 54.0371, 0, 519.265, 0, 2.10027, 112.393, 250.068, 0.876882, 0, 0.326031, 0.979337, 5716.99, 415.405, 499.271, 0, 0, 0.993933, 10.8737, 0, 0, 0, 1761, 2.74715, 0, 8.79202, 0, 0, 318.867, 48.465, 0, 0, 0, 8.14209, 0.766539, 0, 875.066, 0, 0, 2108.47, 6.11531, 0.865413, 456.065, 1418.53, 0, 1.00301, 0, 149.073, 0, 2.12349, 0, 0, 0.883847, 0.686611, 0, 121.054, 0, 0, 258.496, 18.0212, 1.05056, 1.02512, 1.32289, 0, 0, 0.93063, 587.352, 11.0545, 106.505, 1.20564, 800.185, 0, 22.0709, 0, 0, 0, 0, 0.930281, 0, 0, 409.908, 172.513, 218.143, 54.1477, 158.14, 0, 1.3344, 0, 0, 0.995561, 0, 0, 0.912776, 0, 0, 0.282784, 1.00829, 3582.17, 20.164, 1144.72, 0, 4.69179, 0.222605, 0, 0, 71.2389, 1.50395, 38.9907, 0.98315, 11.4775, 0, 0, 1.39904, 1.0087, 1.03263, 163.266, 0.636965, 0, 0, 7.31127, 0, 101.742, 0, 4.98457, 0, 3108.01, 545.494, 0, 91.7875, 1.09168, 0, 836.776, 924.947, 0, 0, 0, 0, 3.47073, 47.7849, 0, 1.87263, 34.0325, 0, 
n_nonzero: 128

Running time so far: 376.001s

