n_tets: 15
relErr: 0.827204
Selected tets: 124375, 109225, 128391, 134415, 59101, 71726, 162993, 137162, 72274, 67506, 96731, 116739, 86123, 80435, 46542, 
Weights: 10844.8, 13252.5, 1692.75, 682.636, 4041.6, 5464.23, 31124.5, 37443.4, 4231.99, 9075.47, 2395.07, 12859.4, 725.676, 2280.89, 1.04974, 
n_nonzero: 15

Running time so far: 88.9376s

