n_tets: 135
relErr: 0.170445
Selected tets: 995, 6736, 3302, 3987, 5864, 4070, 3730, 3440, 7494, 2193, 2122, 2261, 5764, 5142, 6166, 3572, 3695, 7454, 5135, 7320, 5016, 4455, 1016, 3762, 5387, 2352, 4049, 1000, 3179, 1735, 5789, 5372, 4724, 685, 5526, 1828, 6339, 5976, 264, 645, 5895, 5482, 3808, 1141, 1909, 5442, 7480, 3953, 2668, 5647, 5939, 2837, 270, 3811, 4160, 2849, 2642, 5738, 4590, 4390, 205, 2781, 2258, 4000, 6711, 5356, 886, 2662, 3672, 3262, 6141, 3341, 3561, 284, 7483, 4651, 3990, 7445, 1782, 6646, 838, 1751, 1411, 198, 7048, 3775, 7465, 7325, 2920, 3201, 237, 5204, 7393, 2830, 2415, 250, 5652, 5492, 2594, 3367, 86, 1017, 4883, 296, 2003, 3876, 7443, 5153, 1906, 648, 400, 4483, 3285, 212, 6643, 842, 4009, 3391, 3863, 56, 4416, 145, 4663, 1780, 667, 2338, 2700, 3688, 4167, 4196, 4838, 2255, 1682, 1896, 2176, 
Weights: 537.234, 130.715, 51.3612, 72.527, 66.4346, 126.191, 380.696, 216.357, 186.285, 149.877, 36.766, 16.5646, 42.9713, 350.476, 0, 257.497, 114.434, 120.399, 52.4743, 0.940435, 0.445491, 0.5969, 0, 0, 0, 1.04745, 0.822084, 94.4701, 128.266, 178.136, 194.57, 39.3295, 8.16681, 232.496, 0, 0, 0, 270.393, 33.9172, 94.4126, 33.5238, 1.19269, 0, 100.667, 38.9915, 0.937195, 0.749719, 1.05891, 1.04718, 0.94254, 270.641, 3.01946, 0, 42.1025, 73.6603, 29.7936, 77.3701, 14.8069, 1471.96, 18.5285, 1.00345, 0.999798, 282.345, 677.369, 11.8151, 17.5771, 83.5501, 1.008, 0, 70.1206, 62.8469, 5.12915, 19.9679, 0, 13.8234, 0.716272, 0, 0.421522, 1.04533, 0, 1.50215, 160.598, 241.056, 0.524457, 0, 105.996, 0, 0.543884, 85.6531, 198.79, 11.8878, 26.4384, 46.8352, 16.7256, 45.7459, 77.3674, 0.717956, 0.981595, 68.6725, 6.9681, 195.673, 0, 55.0306, 61.8863, 1.04501, 0.918779, 0, 242.533, 0.774137, 0, 40.6689, 0.736116, 0.930246, 5.47649, 1.01758, 168.572, 0, 0, 88.4858, 1.80876, 8.44274, 56.635, 1.14168, 18.2492, 11.8683, 265.491, 0, 2171.22, 27.849, 82.7298, 7.99601, 83.032, 0, 254.094, 12.0303, 
n_nonzero: 113

