n_tets: 260
relErr: 0.264936
Selected tets: 1842, 1597, 1136, 1224, 452, 822, 1277, 1021, 1856, 1431, 1326, 1875, 1870, 1851, 345, 1428, 475, 146, 405, 1311, 292, 520, 1854, 1332, 427, 731, 489, 1198, 50, 262, 363, 252, 1206, 955, 462, 435, 59, 874, 21, 246, 1652, 1143, 1790, 593, 559, 1457, 1627, 880, 849, 30, 1051, 455, 619, 281, 1638, 1583, 1341, 1102, 1503, 1210, 108, 504, 1159, 238, 682, 1427, 848, 5, 1194, 536, 529, 697, 881, 840, 1454, 1977, 1319, 638, 609, 1490, 1446, 502, 1578, 1868, 1761, 1628, 1351, 305, 447, 1392, 534, 1535, 198, 1032, 853, 1775, 949, 432, 36, 1926, 1119, 324, 1932, 595, 122, 1515, 1779, 753, 767, 1544, 1370, 1197, 1157, 1566, 1005, 1417, 732, 573, 235, 975, 838, 1462, 1009, 105, 918, 13, 1442, 329, 623, 921, 780, 1233, 808, 1883, 1852, 1873, 1642, 540, 199, 380, 1534, 1613, 960, 899, 1393, 1742, 1359, 1044, 1396, 53, 631, 625, 932, 1018, 634, 1376, 75, 812, 89, 334, 260, 839, 1867, 1251, 60, 1855, 201, 1675, 1343, 1440, 615, 1862, 580, 1364, 789, 1911, 2, 1016, 482, 488, 337, 1629, 1452, 40, 38, 1, 589, 440, 503, 1436, 1853, 1928, 721, 944, 856, 1796, 385, 1866, 1784, 1238, 911, 29, 232, 950, 643, 630, 16, 1550, 1549, 1239, 1532, 1934, 726, 535, 1403, 1375, 449, 1296, 1267, 1366, 1571, 113, 1871, 381, 893, 1676, 456, 49, 234, 1274, 72, 88, 1003, 585, 605, 509, 720, 810, 95, 894, 352, 1501, 81, 668, 1608, 1280, 1434, 772, 1000, 215, 1573, 1857, 747, 1746, 1910, 494, 1074, 1477, 187, 610, 
Weights: 16.201, 169.859, 211.094, 0.910578, 0.81002, 1.0048, 40.2458, 1.00158, 0.975797, 0.944598, 193.226, 1.0033, 0.913463, 3.13535, 2.04891, 1.02139, 1.08392, 1.21132, 0.986676, 1.04153, 9.30433, 1.08, 1.10241, 0.952951, 0.962581, 1.99261, 0.838953, 0.998774, 1.02701, 0.996309, 1.50962, 1.059, 1.007, 0.704915, 0.972752, 0.982981, 1.00179, 0.929903, 0.503859, 1.01688, 236.778, 0.984342, 0, 4.30458, 2.15834, 3.2998, 1.0022, 2.3671, 0.43833, 0.907966, 1.01136, 1.00127, 1.02562, 1.00855, 0.978071, 1.06291, 0.998089, 0.980456, 1.12663, 1.29906, 0.940818, 1.15538, 0.98637, 0.951581, 0.993872, 0.809882, 4.33442, 0.866761, 1.01065, 1.04966, 1.00124, 1.19499, 1.06104, 1.15351, 1.06966, 1.08523, 1.27485, 1.00126, 1.00497, 1.0507, 45.1037, 1.00031, 0.338903, 0.993803, 1.04769, 0.905043, 4.96303, 1.04431, 0, 0.973872, 1.00529, 1.00333, 0.79287, 1.03685, 41.1425, 0.98242, 1.17579, 0.964897, 1.70791, 0.215276, 0.900084, 1.02331, 0.935194, 54.5681, 6.20136, 2.0531, 1.0791, 0.928389, 0.964151, 0.957312, 2.36859, 1.06901, 0, 0.983165, 1.52519, 1.01651, 2.53642, 0.931506, 219.625, 28.6861, 1.07509, 35.301, 1.01505, 12.9124, 0.781759, 0.212604, 1.1012, 1.13875, 0.907913, 1.59084, 0.767924, 1.12237, 38.3279, 1.3184, 0.982218, 1.07512, 1.01461, 1.06218, 0.969848, 0, 0.992953, 0.851308, 2.4484, 0.982713, 1.00258, 0.622379, 0.949053, 1.01241, 1.01156, 1.24989, 0.925781, 1.00329, 1.03816, 1.50269, 1.08902, 0.0575787, 80.2801, 73.3903, 1.34874, 1.02109, 1.00288, 1.00043, 0.935728, 12.6722, 0.983887, 0.933872, 18.7736, 0, 2.07869, 0.544623, 0.976937, 75.4922, 1.03767, 0.689928, 0.939798, 3.66866, 0.944287, 26.7443, 0.942647, 1.08245, 1.07332, 0.901315, 0.545529, 0.995647, 0.576645, 1.2093, 1.06594, 17.5293, 4.76212, 0, 0.887156, 32.8048, 0, 8.392, 0.989897, 0.899263, 0.514406, 0.376243, 201.133, 2.43804, 1.08862, 1.04104, 0.737825, 1.02738, 1.24428, 0, 2.89485, 182.566, 2.71601, 0.824818, 4.30443, 32.4586, 1.04048, 0.562449, 0.830306, 0, 1.11645, 0.451823, 0, 1.90843, 1.14241, 0.599156, 0.917174, 1.00201, 0.589734, 12.0692, 0.481654, 1.03633, 1.00463, 1.06403, 0.980814, 0.946277, 0.822456, 0.505308, 14.0285, 1.0015, 1.13162, 1.26494, 2.57975, 0.950272, 0.971912, 0.967508, 1.22045, 0.995135, 0.62208, 14.5757, 1.13005, 0.910148, 2.45217, 0, 3.70265, 32.7699, 1.27839, 1.65348, 0.669425, 0, 0.446588, 74.8198, 0.961974, 0.983702, 
n_nonzero: 248

