n_tets: 297
relErr: 0.0538544
Selected tets: 19769, 26370, 25715, 13923, 23203, 22574, 27025, 9146, 28769, 8502, 10745, 18639, 29465, 21592, 5495, 3716, 21991, 3083, 27733, 23928, 27103, 20392, 19595, 9764, 18971, 27882, 12327, 19555, 5285, 18949, 4172, 29299, 13223, 12721, 6078, 28816, 1404, 7754, 12744, 9846, 27990, 17874, 19028, 20877, 10754, 1537, 27514, 15823, 14157, 4354, 2824, 27159, 29186, 9490, 11045, 23341, 5609, 15235, 8071, 20229, 22980, 8572, 21788, 12363, 2402, 10973, 27416, 2289, 22727, 22722, 24552, 18922, 4087, 17761, 18891, 14988, 18731, 20598, 17718, 1415, 6437, 815, 7470, 5543, 12533, 20058, 17875, 13200, 8254, 4561, 12186, 7344, 22465, 27460, 23148, 6472, 22767, 18168, 26850, 4090, 23238, 23021, 17148, 3607, 26409, 12910, 11066, 15696, 3086, 5783, 37, 15624, 11602, 6015, 18991, 13408, 7454, 29075, 19394, 3034, 12117, 21181, 17621, 5200, 21755, 1244, 5797, 32, 6497, 14451, 8691, 11659, 6548, 18733, 24134, 3867, 21930, 24583, 41, 25843, 19617, 2188, 21088, 20615, 2562, 19164, 23762, 19722, 11924, 23082, 7590, 9315, 24075, 11285, 29137, 7377, 11051, 6227, 27439, 6210, 21627, 7228, 25473, 20883, 19471, 1381, 4979, 24007, 19501, 22405, 12583, 4723, 29044, 6587, 19448, 15401, 15001, 16411, 27841, 4037, 4236, 12413, 21586, 6619, 3129, 1016, 8963, 6932, 16832, 18791, 21799, 14841, 24877, 10957, 12112, 29336, 9344, 20941, 8873, 6878, 3092, 4467, 11990, 18492, 14119, 10011, 23502, 17228, 3362, 5963, 25497, 5516, 17390, 21250, 18036, 25944, 17794, 4516, 411, 6148, 24014, 27879, 5291, 8105, 29607, 22522, 44, 28450, 3380, 14538, 23886, 5413, 12384, 22107, 2615, 8475, 21557, 11593, 1547, 24330, 20236, 24106, 11963, 5190, 15903, 5093, 27826, 9103, 432, 8047, 19822, 15398, 12218, 19187, 14810, 22278, 2280, 24175, 19167, 7837, 7476, 20335, 1719, 2743, 8910, 4075, 4142, 27428, 13644, 29269, 22734, 2388, 2634, 1204, 15940, 11853, 18013, 23697, 7393, 20202, 3112, 20375, 7193, 17145, 10175, 12380, 14520, 19075, 22489, 3021, 12441, 27057, 21556, 11908, 2178, 29540, 14449, 
Weights: 896.24, 317.817, 534.822, 0, 0, 176.591, 0, 0, 705.904, 353.909, 0, 0, 0, 242.229, 80.2651, 212.927, 0, 0, 44.565, 0, 0, 0, 40.2593, 0, 143.509, 0, 286.821, 0, 0, 0, 0, 0, 0, 220.382, 0, 0, 474.864, 618.479, 50.1039, 10.6951, 713.264, 0, 0, 480.983, 574.851, 33.3192, 129.586, 0, 28.977, 15.0307, 77.1012, 221.48, 472.319, 278.405, 0, 0, 60.7316, 0, 0, 137.839, 0, 0, 0, 50.2981, 0, 103.94, 0, 0, 0, 0, 24.8148, 1132.31, 0.99991, 0, 0, 0, 0, 0, 0, 141.081, 18.8999, 35.04, 0, 0, 0, 0, 0.845735, 61.1739, 0, 44.708, 343.654, 0, 1060.88, 75.8534, 0, 0, 0, 0, 0, 0.961044, 0, 0, 46.0818, 557.659, 0, 53.209, 0, 0, 0, 0, 268.966, 0, 0, 39.4656, 49.0924, 0, 0, 57.0052, 0, 73.8698, 0, 0, 419.942, 0, 0, 0, 0, 54.6871, 0, 0, 620.688, 0, 0, 0, 23.4536, 849.54, 9.02583, 0, 0, 0, 0, 0, 0, 8.81522, 0, 102.948, 0, 0, 60.6301, 1075.64, 0, 0, 0, 834.44, 0, 0, 0, 0, 0, 681.342, 68.5924, 212.38, 166.159, 173.785, 186.677, 215.872, 0, 70.8196, 0, 0, 0.367291, 290.209, 1051.94, 0, 881.457, 21.7351, 0, 0, 0, 0, 0, 0, 0, 0, 0, 24.6127, 0, 0, 314.17, 245.579, 0.9995, 0, 344.94, 0, 0, 120.31, 0, 556.842, 0, 0, 58.2133, 10.7809, 0, 0, 0, 163.498, 153.171, 39.345, 0, 0, 306.318, 0, 0, 138.502, 0, 306.233, 0, 0, 1082.97, 506.24, 357.008, 0, 0, 0, 0, 114.286, 0, 0, 278.898, 171.083, 112.126, 0, 81.9886, 761.493, 654.102, 0, 49.4654, 0, 122.651, 0, 10.6374, 0, 0, 153.512, 113.05, 0, 75.8761, 21.7055, 0, 0, 0, 316.871, 765.889, 200.899, 0, 176.025, 0, 0, 0, 186.106, 0, 13.6697, 581.013, 0, 32.503, 0, 3.19591, 490.848, 0, 0, 88.0939, 5.17149, 0, 0, 0, 0, 0, 0, 0, 660.218, 0, 303.124, 50.8246, 155.178, 0, 0, 0, 173.41, 216.485, 1.03099, 0, 0, 0, 216.012, 0, 0, 22.3695, 
n_nonzero: 131

Running time so far: 192.006s

