n_tets: 234
relErr: 0.145219
Selected tets: 10555, 21616, 12946, 21677, 4748, 6996, 23325, 27965, 4263, 12045, 17320, 25683, 19465, 9519, 19914, 12330, 23888, 5093, 21360, 28276, 21477, 726, 19503, 27247, 19660, 8811, 19456, 1518, 11035, 8328, 15796, 13232, 19166, 13409, 6928, 11618, 25707, 19162, 2547, 15300, 2987, 17874, 23620, 1861, 15479, 1269, 22785, 25329, 27418, 10401, 17509, 29299, 4195, 25933, 24111, 12388, 15089, 13391, 10002, 20247, 6697, 16256, 19800, 1543, 21586, 15012, 15261, 18244, 12419, 5851, 4114, 13262, 4087, 12118, 14799, 19346, 18806, 6050, 5897, 19548, 27873, 14866, 12204, 6574, 615, 23457, 14449, 24519, 11464, 5283, 27830, 26024, 26451, 4776, 3022, 22444, 1404, 20672, 4294, 25936, 21442, 23021, 19072, 15701, 2551, 3044, 25426, 22905, 8294, 5524, 10404, 21587, 2827, 14554, 27248, 9885, 14214, 11571, 26472, 15465, 14082, 21181, 14519, 12796, 17326, 12794, 9864, 13331, 4089, 4435, 22616, 14548, 27641, 5693, 1542, 1535, 17875, 11961, 22296, 17872, 25247, 21218, 19661, 3008, 4099, 19164, 2655, 24925, 11924, 26592, 11946, 14, 4806, 20118, 696, 28794, 37, 15723, 27439, 5905, 18733, 25223, 5289, 2367, 19468, 16, 23539, 22121, 13333, 12601, 6716, 14702, 777, 21756, 21881, 8553, 29295, 10155, 24700, 6444, 8653, 18908, 24011, 14869, 10233, 789, 8742, 15862, 8779, 4848, 5006, 28077, 14853, 20638, 18181, 1415, 25225, 19519, 22555, 14943, 24497, 18975, 16334, 25177, 21516, 25078, 8387, 14942, 1459, 2822, 19361, 10959, 2534, 28075, 12206, 16862, 21440, 17034, 2153, 15193, 2215, 15380, 4667, 19236, 2071, 4357, 44, 6472, 6005, 5968, 2021, 2812, 8298, 24134, 
Weights: 2416.21, 1377.73, 532.333, 0, 0, 226.691, 248.267, 0, 1.68524, 13.7493, 1.07587, 0, 1.02234, 711.807, 0, 35.372, 37.9146, 92.8077, 0.966665, 2858.03, 2.02227, 0, 171.528, 1.21546, 58.5666, 0, 226.053, 0.912019, 7.80505, 232.714, 0, 6.27201, 0.510251, 0, 10.8299, 0, 0, 0, 213.793, 292.367, 0, 0, 0, 0.990295, 0, 0.430248, 1897.9, 137.61, 1924.65, 40.0076, 585.27, 228.76, 520.509, 0, 1.86903, 0, 967.619, 14.856, 0.00639582, 0, 0, 0, 1.00645, 0.811063, 0.97059, 0, 0, 651.357, 0, 0, 55.1668, 0, 1.00885, 7.19894, 168.14, 42.8637, 437.542, 48.3784, 306.792, 0, 584.957, 2.28418, 227.512, 533.086, 13.596, 0, 33.7954, 11.163, 460.73, 0, 16.6975, 364.481, 778.093, 0, 0, 0, 665.283, 328.454, 0, 60.8201, 1.13972, 2.3281, 0, 152.566, 0, 135.592, 0, 0, 1.03535, 3.56294, 52.2944, 0, 0, 0, 5.22643, 0, 33.6494, 1.14026, 0, 0, 0, 132.044, 0, 0.767175, 0, 1.03604, 122.861, 19.9898, 0.993149, 0, 0, 1368.59, 784.682, 137.32, 1.3881, 0, 0, 1.12658, 95.5293, 1.01066, 239.174, 86.5536, 0.723055, 77.313, 2.12555, 0.99794, 45.1549, 0, 0, 21.829, 171.394, 143.503, 0, 0.976697, 1.02477, 379.671, 0.987101, 1569.59, 0, 257.952, 0, 0, 1.57222, 0, 0.966026, 0, 0, 0, 1.77009, 0, 0, 3.88715, 89.7395, 0, 0.65555, 0, 0, 0, 8.92088, 0, 1.03919, 0, 0, 0, 0, 463.271, 0, 0, 0, 1.06492, 0, 225.1, 788.24, 113.449, 0.984518, 464.001, 0, 124.644, 1.00457, 1.50126, 1078.74, 311.601, 1282.77, 3.44296, 0, 0, 0, 0.9986, 0, 0, 236.189, 0, 478.863, 0, 1.16367, 0, 0.51682, 36.5271, 0.995866, 222.461, 0, 0.595951, 126.268, 0.506181, 0, 3.97297, 158.498, 1.05183, 60.3237, 9.63278, 866.293, 0, 0, 0, 
n_nonzero: 145

Running time so far: 297.898s

