n_tets: 62
relErr: 0.540919
Selected tets: 55591, 10729, 52224, 23574, 122177, 137855, 89599, 161633, 6368, 119503, 65450, 5110, 138593, 122232, 44900, 71155, 71126, 74218, 11442, 103061, 192, 84811, 18074, 158395, 144670, 78533, 96622, 83286, 7601, 140896, 60, 8433, 8446, 148866, 157255, 67819, 37387, 156080, 77926, 133595, 131204, 130371, 37941, 1312, 72258, 2015, 157620, 11528, 40136, 11695, 116518, 55162, 28810, 25651, 163947, 557, 3093, 39426, 57153, 159262, 163607, 111780, 
Weights: 16454.7, 2511.45, 1464.17, 14025.3, 11247.7, 5850.35, 6595.52, 57.3406, 20814.6, 0, 5488.76, 3127.09, 188.827, 1.06113, 22.0321, 529.552, 23430.5, 0, 3187.6, 1637.99, 13.6113, 0.840942, 22267.6, 12.9567, 24.5286, 17175.3, 18.7351, 1491.81, 16861.7, 1587.5, 688.087, 512.987, 1814.21, 10.3791, 3054.45, 211.914, 43.6163, 1.61597, 129032, 708.31, 470.247, 576.089, 1592.06, 0, 18767.1, 0.630442, 1539.09, 146437, 44.0852, 11.1143, 34.2816, 0, 314.743, 6524.89, 5110, 0, 0.212975, 1095.29, 0, 10139.5, 0, 0, 
n_nonzero: 54

Running time so far: 91.6769s

